,Date,Journal,Title,Name,wavelength_added,RI,DOI_alt,SMILES,Method_ord,Publisher_ord
1,5/25/2011,Physical Chemistry Chemical Physics,Kirkwood correlation factors in liquid mixtures from an extended Onsager–Kirkwood–Fröhlich equation  ,Triglyme,589.0,1.42112,10.1039/C1CP20142E,COCCOCCOCCOC,1,1
2,9/13/1999,Journal of Alloys and Compounds,GROWTHOPTICALPROPERTIESREDOPEDBULKFIBERSINGLECRYSTALSBYCZOCHRALSKIMICROPULLINGDOWNMETHODS,YVO4,589.0,2.168,10.1016/S0925-8388(98)00420-4,[O-2].[O-2].[O-2].[O-2].[V].[Y+3],1,0
4,3/4/1999,Colloids and Surfaces A: Physicochemical and Engineering Aspects,ADSORPTIONOILSURFACTANTMONOLAYERSSTRUCTUREMIXEDSURFACTANTOILFILMS,Toluene,589.0,1.494,10.1016/S0927-7757(98)00782-1,CC1=CC=CC=C1,1,0
5,8/5/2004,Materials Science and Engineering: B,Fabrication of PECVD-silicon oxynitride-based optical waveguides,silicon dioxide,589.0,1.46,10.1016/j.mseb.2004.05.037,O=[Si]=O,3,0
6,12/1/2016,Optik,OPTIMIZATIONENHANCEMENTLIQUIDANALYTESENSINGPERFORMANCEBASEDSQUARECOREDOCTAGONALPHOTONICCRYSTALFIBER,Benzyne,589.0,1.354,10.1016/j.ijleo.2016.11.171,C1=CC#CC=C1,2,0
7,6/20/2008,Progress in Organic Coatings,TRIMETHYLSILANEBASEDPRETREATMENTSINAMGRICHPRIMERCORROSIONPREVENTIONSYSTEM,SiC,589.0,3.13,10.1016/j.porgcoat.2008.04.017,[C-]#[Si+],1,0
8,3/23/2011,Journal of Molecular Liquids,GROUNDEXCITEDSTATEDIPOLEMOMENTSDANSYLAMIDESOLVATOCHROMICSHIFTSABSORPTIONFLUORESCENCESPECTRA,toluene,589.0,1.4969,10.1016/j.molliq.2011.03.008,CC1=CC=CC=C1,1,0
9,2/27/2003,Physical Chemistry Chemical Physics,Tricriticality in the ternary system 3-methylpyridine / water /NaBr? The coexistence curves ,NaBr,589.0,1.39765,10.1039/B212337A,[Na+].[Br-],1,1
10,5/1/2013,Environmental Science: Processes & Impacts,Influences of external vs. core–shell mixing on aerosol optical properties at various relative humidities ,Sulfate,589.0,1.29,10.1039/C3EM30975D,[O-]S(=O)(=O)[O-],1,1
11,8/2/2001,Journal of Molecular Structure: THEOCHEM,SOLVENTEFFECTELECTRONICSPECTRALSTUDIESFORESTIMATIONEXCITEDSTATEDIPOLEMOMENTSDI4ETHYLPHENYLCARBAZONENIIICUIIPDIICOMPLEXES,benzene,589.0,1.5116,10.1016/S0166-1280(01)00568-1,C1=CC=CC=C1,0,0
12,3/30/2017,Applied Surface Science,Low-temperature preparation of rutile-type TiO 2  thin films for optical coatings by aluminum doping,rutile,589.0,2.75,10.1016/j.apsusc.2017.03.253,O=[Ti]=O,3,0
14,3/11/2005,"Nuclear Instruments and Methods in Physics Research Section A: Accelerators, Spectrometers, Detectors and Associated Equipment",ZNWO4CRYSTALSDETECTORSFOR2DECAYDARKMATTEREXPERIMENTS,CdWO4,480.0,2.25,10.1016/j.nima.2005.01.303,[O-2].[O-2].[O-2].[O-2].[Cd+2].[W],0,0
15,3/15/2019,The Journal of Chemical Thermodynamics,PHASEEQUILIBRIACSCLPOLYETHYLENEGLYCOLPEGH2O29815KEFFECTDIFFERENTPOLYMERMOLARMASSESPEG100040006000,CsCl,589.0,1.335,10.1016/j.jct.2019.03.020,[Cl-].[Cs+],0,0
17,6/7/2007,Fuel Processing Technology,SEPARATIONDIFFERENTPARAFFINWAXGRADESUSINGTWOCOMPARATIVEDEOILINGTECHNIQUES,ethylacetate,589.0,1.4275,10.1016/j.fuproc.2007.04.011,CCOC(=O)C,0,0
19,7/9/1999,Solid State Ionics,IONICITYBINARYOXIDESSILICATES,quartz,589.0,1.5367,10.1016/S0167-2738(99)00083-1,O=[Si]=O,0,0
20,2/26/2011,Early Human Development,IMPACTHISTOLOGICALCHORIOAMNIONITISFUNISITISCLINICALCHORIOAMNIONITISNEURODEVELOPMENTALOUTCOMEPRETERMINFANTS,oxygen,589.0,4.0,10.1016/j.earlhumdev.2011.01.024,O=O,1,0
22,10/3/2013,Journal of Dentistry,EFFECTTHREEYEARCONSUMPTIONERYTHRITOLXYLITOLSORBITOLCANDIESVARIOUSPLAQUESALIVARYCARIESRELATEDVARIABLES,Erythritol,589.0,1.23,10.1016/j.jdent.2013.09.007,C(C(C(CO)O)O)O,1,0
24,11/10/2016,Current Applied Physics,EFFECTCDSDEPOSITIONTEMPERATUREFORTHERMALLYGROWNCUINGASE2TWOSTEPCHALCOGENIZEDCUINGASSE2ABSORBERSSOLARCELLPERFORMANCES,CdS,589.0,2.23,10.1016/j.cap.2016.11.007,S=[Cd],0,0
25,12/18/2000,Synthetic Metals,EXPERIMENTALTHEORETICALSTUDIESANISOTROPICALCOMPLEXDIELECTRICCONSTANTHIGHLYSTRETCHORIENTEDPOLYPPHENYLENEVINYLENE,PPV,589.0,1.65,10.1016/S0379-6779(00)00525-7,OP(=O)(O)OP(=O)(O)O,2,0
26,7/29/2012,Journal of Molecular Liquids,DENSITIESVISCOSITIESREFRACTIVEINDICESEXCESSPROPERTIESANILINEOANISIDINE2ALKOXYETHANOLS30315K,o-anisidine,589.0,1.5445,10.1016/j.molliq.2012.07.025,COC1=CC=CC=C1N,0,0
27,4/3/2015,Spectrochimica Acta Part A: Molecular and Biomolecular Spectroscopy,INTERACTIONQUININESULFATEANIONICMICELLESSODIUMDODECYLSULFATEATIMERESOLVEDFLUORESCENCESPECTROSCOPYDIFFERENTPH,Ethanol,589.0,1.3614,10.1016/j.saa.2015.03.115,CCO,1,0
28,12/11/2002,Optical Materials,EQUIVALENCEBETWEENCLAUSIUSMOSSOTTIOPTICALELECTRONEGATIVITYRELATIONS,AgGaSe2,589.0,2.8,10.1016/S0925-3467(02)00231-8,[Ga+3].[Se-2].[Se-2].[Ag+],1,0
30,7/25/2008,Solar Energy Materials and Solar Cells,SELFCONSISTENTOPTICALPARAMETERSINTRINSICSILICON300KINCLUDINGTEMPERATURECOEFFICIENTS,silicon,1210.0,3.518,10.1016/j.solmat.2008.06.009,[Si],0,0
32,6/20/2003,Journal of Magnetic Resonance,VARIATIONSCHEMICALSHIFTTMS,Carbondisulfide,589.0,1.6279,10.1016/S1090-7807(03)00142-3,C(=S)=S,0,0
33,3/21/2014,Tetrahedron,FLUORESCENTDETECTIONAMIDINIUMCARBOXYLATEAMIDINIUMFORMATIONUSINGA18DIPHENYLNAPHTHALENEBASEDDIAMIDINEDICARBOXYLICACIDRECOGNITIONHIGHFLUORESCENCEEFFICIENCY,Azelaic acid,589.0,4.53,10.1016/j.tet.2014.03.036,C(CCCC(=O)O)CCCC(=O)O,1,0
34,4/21/2000,Chemico-Biological Interactions,INCORPORATIONRADIOLABELLEDSULPHURCAPTANPROTEINIMPACTADNABINDINGSTUDY,caesium chloride,589.0,1.392,10.1016/0009-2797(94)03592-V,[Cl-].[Cs+],2,0
35,10/18/2018,Journal of Molecular Liquids,STUDYVARIATIONINTRAINTERMOLECULARINTERACTIONSCONFIGURATIONAGROUPENONEANTICANCERDRUGSARESULTSOLVATION,CCl4,589.0,1.46,10.1016/j.molliq.2018.10.081,C(Cl)(Cl)(Cl)Cl,0,0
37,7/10/1998,Optical Materials,OPTICALELECTRONEGATIVITYREFRACTIVEINDEXMATERIALS,Bi2O3,589.0,2.46,10.1016/S0925-3467(97)00171-7,O=[Bi]O[Bi]=O,1,0
39,5/23/2017,Journal of Molecular Liquids,SOLVATOCHROMICANALYSISDFTCOMPUTATIONALSTUDYAZOMALEIMIDEDERIVATIVE,Ethylacetate,589.0,1.3723,10.1016/j.molliq.2017.05.096,CCOC(=O)C,0,0
40,1/4/2018,Optical Materials,PHOTONICBANDGAPDEFECTSMODESININORGANICORGANICPHOTONICCRYSTALBASEDSIHMDSOLAYERSDEPOSITEDBYSPUTTERINGPECVD,silicon,589.0,3.4,10.1016/j.optmat.2017.12.041,[Si],2,0
44,5/15/2013,RSC Adv.,Tunable surface plasmons of dielectric core-metal shell particles for dye sensitized solar cells,TiO2,589.0,2.3,10.1039/C3RA41714J,O=[Ti]=O,3,1
45,8/3/2008,Journal of Alloys and Compounds,INTERRELATIONSHIPBETWEENSTRUCTURALOPTICALELECTRONICELASTICPROPERTIESMATERIALS,GaSb,486.0,3.79,10.1016/j.jallcom.2008.06.037,[Ga+3].[Sb],0,0
46,5/13/2017,Materials & Design,HIGHLYROBUSTAGNANOWIREFLEXIBLETRANSPARENTELECTRODEUVCURABLEPOLYURETHANEBASEDOVERCOATINGLAYER,PEN,589.0,1.77,10.1016/j.matdes.2017.05.042,C1C(C(C(C(O1)O)O)O)O,0,0
47,10/5/2018,Journal of Molecular Liquids,SOLIDLIQUIDLIQUIDLIQUIDEQUILIBRIUMSYSTEMSCOMPOSEDCNMIMCLBRN2468RB2SO4CS2SO4H2O,Cs2SO4,589.0,1.42528,10.1016/j.molliq.2018.10.014,[O-]S(=O)(=O)[O-].[Cs+].[Cs+],0,0
48,3/18/2014,Journal of Physics and Chemistry of Solids,PLASMAFREQUENCYAPPROACHESTIMATEDEBYETEMPERATUREIONICCRYSTALSMETALALLOYS,AgBr,589.0,2.252,10.1016/j.jpcs.2014.03.006,Br[Ag],0,0
49,3/20/2008,Journal of Molecular Structure,SOLVATOCHROMICEFFECTSINABSORPTIONSPECTRAAZOBENZENECOMPOUNDS,Toluene,589.0,1.4961,10.1016/j.molstruc.2008.01.053,CC1=CC=CC=C1,0,0
51,12/12/2011,Soft Matter,Surface-grafted zwitterionic polymers as platforms for functional supported phospholipid membranes,phosphate,589.0,1.333,10.1039/C1SM06709E,[O-]P(=O)([O-])[O-],3,1
52,11/5/2001,Applied Surface Science,REFRACTIVEINDEXPROFILESMEVPHOSPHORIONIMPLANTEDPLANARWAVEGUIDEINKTP,KTP,589.0,1.6302,10.1016/S0169-4332(01)00546-3,C1=CC=C2C=C(C=CC2=C1)C(=O)C(C3=CC=CC4=CC=CC=C43)P(=O)(O)O,0,0
53,11/4/2010,Microporous and Mesoporous Materials,POLYPEPTIDEBINDINGMESOSTRUCTUREDTITANIAFILMS,titania,589.0,1.72,10.1016/j.micromeso.2010.10.047,O=[Ti]=O,2,0
54,12/24/2009,Spectrochimica Acta Part A: Molecular and Biomolecular Spectroscopy,ATRFTIRSPECTROSCOPYINREGION550230CM1FORIDENTIFICATIONINORGANICPIGMENTS,Strontium,589.0,1.9649999999999999,10.1016/j.saa.2009.12.056,[Sr],0,0
55,11/29/2004,Photochemical & Photobiological Sciences,"Refractive index effects on the oscillator strength and radiative decay rate of 2,3-diazabicyclo[2.2.2]oct-2-ene ",Dichloromethane,589.0,1.424,10.1039/B412936A,C(Cl)Cl,1,1
56,4/1/2019,Journal of Luminescence,SYNTHESISSPECTROSCOPICPROPERTIESANOVELTURNOFFFLUORESCENTPROBETHIENYLPYRIDINESUBSTITUTEDBODIPY,EtOH,589.0,1.36,10.1016/j.jlumin.2019.03.058,CCO,1,0
57,5/29/2015,Journal of Molecular Liquids,THERMODYNAMICSTUDYASPIRININPRESENCEIONICLIQUID1HEXYL3METHYLIMIDAZOLIUMBROMIDEINACETONITRILET2881531815K,MeCN,589.0,1.3546,10.1016/j.molliq.2015.05.032,CC#N,0,0
58,2/15/2016,Solar Energy,EXTRAORDINARYHIGHBROADBANDSPECULARTRANSMITTANCESODALIMEGLASSSUBSTRATEBYVAPORPHASEETCHING,CaF2,589.0,1.42,10.1016/j.solener.2016.01.044,[F-].[F-].[Ca+2],2,0
59,7/25/2002,Journal of Non-Crystalline Solids,Preparation of zirconia mullite flakes via a plasma rapid solidification process using starting materials derived from a sol–gel technique,Zirconia,589.0,2.165,10.1016/S0022-3093(01)00724-4,O=[Zr]=O,3,0
64,1/20/2011,Optics and Lasers in Engineering,OPTICALMETHODDIFFERENTIATETEQUILASBASEDANGULARMODULATIONSURFACEPLASMONRESONANCE,alcohol,589.0,1.3542,10.1016/j.optlaseng.2010.12.009,CCO,0,0
65,2/6/2018,Journal of Luminescence,PHOTOPHYSICALBEHAVIORTHYMOLBASEDSCHIFFBASESUSINGABSORPTIONFLUORESCENCESPECTROSCOPY,tert-Butanol,589.0,1.386,10.1016/j.jlumin.2018.02.007,CC(C)(C)O,0,0
66,3/29/2011,Physical Chemistry Chemical Physics,Evaluation of a quantitative structure–property relationship ( QSPR ) for predicting mid-visible refractive index of secondary organic aerosol ( SOA ) ,2-Methyl-2-butene,589.0,1.396,10.1039/C0CP02270E,CC=C(C)C,1,1
67,10/11/2011,Chemical Science,Practical computation of electronic excitation in solution: vertical excitation model  ,Acrolein,589.0,3.8,10.1039/C1SC00313E,C=CC=O,1,1
69,2/18/2019,Solar Energy,ENHANCEMENTPLASMONICTRANSMITTANCEPOROUSGOLDTHINFILMSVIAGOLDMETALOXIDEBILAYERSFORSOLARENERGYSAVINGAPPLICATIONS,HfO2,589.0,1.87,10.1016/j.solener.2019.02.025,O=[Hf]=O,0,0
70,3/28/2012,Spectrochimica Acta Part A: Molecular and Biomolecular Spectroscopy,SOLVATOCHROMICBEHAVIORELECTRONICABSORPTIONSPECTRAGALLICACIDAZODERIVATIVES,Dioxan,589.0,1.422,10.1016/j.saa.2012.03.037,C1COCCO1,0,0
71,1/24/2013,Journal of Materials Chemistry B,Doxorubicin conjugated gold nanorods: a sustained drug delivery carrier for improved anticancer therapy  ,doxorubicin,589.0,3.0,10.1039/C2TB00078D,CC1C(C(CC(O1)OC2CC(CC3=C2C(=C4C(=C3O)C(=O)C5=C(C4=O)C(=CC=C5)OC)O)(C(=O)CO)O)N)O,2,1
72,10/13/2010,Biophysical Chemistry,STUDIESSOLVATOCHROMICPROPERTIESAMINOPHENYLSTYRYLQUINOLINUMDYELDS798APPLICATIONINSTUDYINGSUBMICRONLIPIDBASEDSTRUCTURE,Ethyl acetate,589.0,1.37,10.1016/j.bpc.2010.10.005,CCOC(=O)C,1,0
75,10/25/2007,Optics and Lasers in Engineering,SPECTROSCOPICEXPERIMENTSREGARDINGEFFICIENCYSIDEEMISSIONOPTICALFIBRESINUVAVISIBLEBLUESPECTRUM,Silica,589.0,1.47,10.1016/j.optlaseng.2007.09.004,O=[Si]=O,0,0
77,2/2/2011,Physica B: Condensed Matter,POROUSSILICONLAYERFOROPTICALSENSINGORGANICVAPOR,Methanol,589.0,1.329,10.1016/j.physb.2011.01.064,CO,0,0
78,8/2/2012,Dyes and Pigments,CAROTENEAGREENINEXPENSIVECONVENIENTSOLVATOCHROMICPROBEFORDETERMINATIONSOLVENTPOLARIZABILITY,2-Hexanol,589.0,1.415,10.1016/j.dyepig.2012.07.017,CCCCC(C)O,0,0
79,2/2/2015,Computational Materials Science,FIRSTPRINCIPLESCALCULATIONBANDSTRUCTUREELECTRONICSTATESOPTICALPROPERTIESCRDOPEDZNSDOUBLEWALLNANOTUBES,ZnS,589.0,1.43,10.1016/j.commatsci.2015.01.011,C(CC(=O)OP(=O)(O)O)C(=O)O,1,0
80,10/24/2013,Journal of Materials Chemistry C,First principles selection and design of mid-IR nonlinear optical halide crystals  ,SbBr3,589.0,2.2065,10.1039/C3TC31283F,Br[Sb](Br)Br,1,1
82,12/21/2009,Fluid Phase Equilibria,APPLICATIONONETHIRDRULEINHYDROCARBONCRUDEOILSYSTEMS,n-Hexadecane,589.0,1.4345,10.1016/j.fluid.2009.12.004,CCCCCCCCCCCCCCCC,0,0
83,6/20/2003,Journal of Magnetic Resonance,VARIATIONSCHEMICALSHIFTTMS,"1,1,2,2-Tetrachloroethane-d2",589.0,1.439,10.1016/S1090-7807(03)00142-3,C(C(Cl)Cl)(Cl)Cl,1,0
85,3/3/2012,Arabian Journal of Chemistry,DENSITYREFRACTIVEINDEXMOLARREFRACTIVITYBINARYLIQUIDMIXTURE2931529815303153081531315K,Acetonitrile,589.0,1.4081,10.1016/j.arabjc.2012.02.013,CC#N,1,0
89,6/9/2015,RSC Adv.,Semitransparent polymer-based solar cells via simple wet lamination process with TiO<sub>2</sub> layer using automatic spray layer-by-layer method,TiO2,589.0,1.86,10.1039/C5RA05762K,O=[Ti]=O,0,1
90,8/10/2015,Journal of Molecular Liquids,DETERMINATIONGROUNDEXCITEDSTATEDIPOLEMOMENTSAMINOBENZIMIDAZOLEBYSOLVATOCHROMICSHIFTMETHODSTHEORETICALCALCULATIONS,Propan-1-ol,589.0,1.385,10.1016/j.molliq.2015.07.071,CCCO,0,0
91,4/17/2007,Chem. Soc. Rev.,Functional inorganic nanofillers for transparent polymers,GaAs,413.3,4.51,10.1039/B608177K,[Ga]#[As],0,1
92,10/14/2002,Optical Materials,Optical characterization of nanostructured ZnO and TiO2 films,TiO2,589.0,2.5,10.1016/S0925-3467(02)00031-9,O=[Ti]=O,3,0
93,3/3/2012,Arabian Journal of Chemistry,DENSITYREFRACTIVEINDEXMOLARREFRACTIVITYBINARYLIQUIDMIXTURE2931529815303153081531315K,Acetonitrile,589.0,1.3994,10.1016/j.arabjc.2012.02.013,CC#N,1,0
95,3/4/2012,J. Mater. Chem.,Elevated Ag nanohole arrays for high performance plasmonic sensors based on extraordinary optical transmission,MHA,589.0,1.46,10.1039/C2JM30525A,"CSCCC(C(=O)[O-])O.CSCCC(C(=O)[O-])O.[Ca+2]
CSCCC(C(=O)O)O",3,1
97,9/14/2016,Physical Chemistry Chemical Physics,"Infrared spectra and band strengths of CH 3 SH, an interstellar molecule ",CH3SH,589.0,1.542,10.1039/C6CP01475E,CS,2,1
98,10/13/2016,Journal of Molecular Liquids,ASSESSMENTNONCOVALENTINTERACTIONBETWEENINSULINANTIBIOTICSINAQUEOUSSOLUTIONTHROUGHULTRASONICSTUDIESINSILICODOCKINGANALYSIS,Azithromycin,589.0,3.7195,10.1016/j.molliq.2016.10.051,CCC1C(C(C(N(CC(CC(C(C(C(C(C(=O)O1)C)OC2CC(C(C(O2)C)O)(C)OC)C)OC3C(C(CC(O3)C)N(C)C)O)(C)O)C)C)C)O)(C)O,1,0
99,8/11/2014,Lab on a Chip,Insect–Human Hybrid Eye (IHHE): an adaptive optofluidic lens combining the structural characteristics of insect and human eyes ,PDMS,589.0,1.41,10.1039/C4LC00363B,C[Si](C)(C)O[Si](C)(C)O[Si](C)(C)C,2,1
100,9/21/2015,Journal of Alloys and Compounds,STRUCTURALOPTICALPROPERTIESNANOCRYSTALLINEPLATINUMOCTAETHYLPORPHYRINPTOEPTHINFILMS,PtOEP,589.0,3.95,10.1016/j.jallcom.2015.09.180,CCC1=C(C2=CC3=NC(=CC4=C(C(=C([N-]4)C=C5C(=C(C(=N5)C=C1[N-]2)CC)CC)CC)CC)C(=C3CC)CC)CC.[Pt+2],0,0
102,4/7/2005,Vacuum,INVESTIGATIONOPTICALPROPERTIESACHFILMSDEPOSITEDACETYLENEUSINGDIRECTIONBEAMDEPOSITIONMETHOD,B1P3,589.0,2.0,10.1016/j.vacuum.2005.01.092,B12P3P1P23,1,0
103,11/1/2017,International Journal of Biological Macromolecules,BIOPHYSICALINSIGHTINTERACTIONMECHANISMPLANTDERIVEDPOLYPHENOLICCOMPOUNDTANNICACIDHOMOLOGOUSMAMMALIANSERUMALBUMINS,Tannic acid,589.0,1.31,10.1016/j.ijbiomac.2017.10.136,"C1=C(C=C(C(=C1O)O)O)C(=O)OC2=CC(=CC(=C2O)O)C(=O)OCC3C(C(C(C(O3)OC(=O)C4=CC(=C(C(=C4)OC(=O)C5=CC(=C(C(=C5)O)O)O)O)O)OC(=O)C6=CC(=C(C(=C6)OC(=O)C7=CC(=C(C(=C7)O)O)O)O)O)OC(=O)C8=CC(=C(C(=C8)OC(=O)C9=CC(=C(C(=C9)O)O)O)O)O)OC(=O)C1=CC(=C(C(=C1)OC(=O)C1=CC(=C(C(=C1)O)O)O)O)O
C1=C(C=C(C(=C1O)O)O)C(=O)OC2=CC(=CC(=C2O)O)C(=O)OCC3C(C(C(C(O3)OC(=O)C4=CC(=C(C(=C4)OC(=O)C5=CC(=C(C(=C5)O)O)O)O)O)OC(=O)C6=CC(=C(C(=C6)OC(=O)C7=CC(=C(C(=C7)O)O)O)O)O)OC(=O)C8=CC(=C(C(=C8)OC(=O)C9=CC(=C(C(=C9)O)O)O)O)O)OC(=O)C1=CC(=C(C(=C1)OC(=O)C1=CC(=C(C(=C1)O)O)O)O)O
C1=C(C=C(C(=C1O)O)O)C(=O)OC2=CC(=CC(=C2O)O)C(=O)OCC3C(C(C(C(O3)OC(=O)C4=CC(=C(C(=C4)OC(=O)C5=CC(=C(C(=C5)O)O)O)O)O)OC(=O)C6=CC(=C(C(=C6)OC(=O)C7=CC(=C(C(=C7)O)O)O)O)O)OC(=O)C8=CC(=C(C(=C8)OC(=O)C9=CC(=C(C(=C9)O)O)O)O)O)OC(=O)C1=CC(=C(C(=C1)OC(=O)C1=CC(=C(C(=C1)O)O)O)O)O
C1=C(C=C(C(=C1O)O)O)C(=O)OC2=CC(=CC(=C2O)O)C(=O)OCC3C(C(C(C(O3)OC(=O)C4=CC(=C(C(=C4)OC(=O)C5=CC(=C(C(=C5)O)O)O)O)O)OC(=O)C6=CC(=C(C(=C6)OC(=O)C7=CC(=C(C(=C7)O)O)O)O)O)OC(=O)C8=CC(=C(C(=C8)OC(=O)C9=CC(=C(C(=C9)O)O)O)O)O)OC(=O)C1=CC(=C(C(=C1)OC(=O)C1=CC(=C(C(=C1)O)O)O)O)O
C1=C(C=C(C(=C1O)O)O)C(=O)OC2=CC(=CC(=C2O)O)C(=O)OCC3C(C(C(C(O3)OC(=O)C4=CC(=C(C(=C4)OC(=O)C5=CC(=C(C(=C5)O)O)O)O)O)OC(=O)C6=CC(=C(C(=C6)OC(=O)C7=CC(=C(C(=C7)O)O)O)O)O)OC(=O)C8=CC(=C(C(=C8)OC(=O)C9=CC(=C(C(=C9)O)O)O)O)O)OC(=O)C1=CC(=C(C(=C1)OC(=O)C1=CC(=C(C(=C1)O)O)O)O)O",1,0
104,7/10/1998,Optical Materials,OPTICALELECTRONEGATIVITYREFRACTIVEINDEXMATERIALS,CsI,589.0,1.82,10.1016/S0925-3467(97)00171-7,[I-].[Cs+],1,0
105,10/13/2010,Biophysical Chemistry,STUDIESSOLVATOCHROMICPROPERTIESAMINOPHENYLSTYRYLQUINOLINUMDYELDS798APPLICATIONINSTUDYINGSUBMICRONLIPIDBASEDSTRUCTURE,Ethanol,589.0,1.35,10.1016/j.bpc.2010.10.005,CCO,0,0
106,4/30/2016,Journal of Molecular Liquids,ULTRASONICSPEEDSVISCOSITIESREFRACTIVEINDICESFTIRSPECTROSCOPICSTUDIESOXYGENATEALIPHATICAROMATICHYDROCARBONS29815K30815K,1-Propanol,589.0,1.484,10.1016/j.molliq.2016.04.011,CCCO,0,0
107,2/5/2008,Physica B: Condensed Matter,INFLUENCECRYSTALLIZATIONSPECTRALFEATURESNANOSIZEDFERROELECTRICBARIUMSTRONTIUMTITANATEBA07SR03TIO3THINFILMS,BS1,589.0,1.82,10.1016/j.physb.2008.01.036,C[N+]1(C2CCC1CC(C2)OC3C4=CC=CC=C4CCC5=CC=CC=C35)C,0,0
108,12/29/2011,Nuclear Instruments and Methods in Physics Research Section B: Beam Interactions with Materials and Atoms,FORMATIONSLABWAVEGUIDESINEULYTINETYPEBGOCAF2CRYSTALSBYIMPLANTATIONMEVNITROGENIONS,Bi4Ge3O12,635.0,1.9808,10.1016/j.nimb.2011.12.039,[O-2].[O-2].[O-2].[O-2].[O-2].[O-2].[O-2].[O-2].[O-2].[O-2].[O-2].[O-2].[Ge+4].[Ge+4].[Ge+4].[Bi+3].[Bi+3].[Bi+3].[Bi+3],0,0
109,10/29/2003,Journal of Photochemistry and Photobiology A: Chemistry,SPECTRALPROPERTIESCOMPLEXFORMATIONCU2IONS24NARYLIMINOQUINOLINES,Acetonitrile,334.0,1.3441,10.1016/j.nainr.2003.08.005,CC#N,0,0
111,2/17/2011,Spectrochimica Acta Part A: Molecular and Biomolecular Spectroscopy,STUDYAGGREGATIONINDUCEDEMISSIONCYANOSUBSTITUTEDOLIGOPPHENYLENEVINYLENEBYFEMTOSECONDTIMERESOLVEDFLUORESCENCE,n-Hexane,589.0,1.375,10.1016/j.saa.2011.01.056,CCCCCC,1,0
112,12/3/2008,The Journal of Chemical Thermodynamics,HUMANSERUMALBUMINUNFOLDINGPATHWAYUPONDRUGBINDINGATHERMODYNAMICSPECTROSCOPICDESCRIPTION,Thioridazine,589.0,1.6,10.1016/j.jct.2008.11.011,CN1CCCCC1CCN2C3=CC=CC=C3SC4=C2C=C(C=C4)SC,0,0
114,11/1/2016,The Journal of Chemical Thermodynamics,LIQUIDLIQUIDPHASEEQUILIBRIUMHEATCAPACITYBINARYSOLUTION2PROPANOL1OCTYL3METHYLIMIDAZOLIUMHEXAFLUOROPHOSPHATE,2-propanol,632.8,1.4199,10.1016/j.jct.2016.10.047,CC(C)O,0,0
115,9/25/2014,Nanoscale,Development of highly transparent seedless ZnO nanorods engineered for inverted polymer solar cells  ,ZnO,589.0,1.79,10.1039/C4NR03080J,O=[Zn],2,1
116,11/21/2003,Journal of Colloid and Interface Science,CALCULATIONDISJOININGPRESSUREISOTHERMSFORNONAQUEOUSFILMS,BK7,589.0,1.51673,10.1016/j.jcis.2003.07.032,CCOC1=CC2=C(C=C1)C=C(C=C2)C3=NN(C4=NC=NC(=C34)N)CC5CCNCC5,0,0
119,3/29/2011,Physical Chemistry Chemical Physics,Evaluation of a quantitative structure–property relationship ( QSPR ) for predicting mid-visible refractive index of secondary organic aerosol ( SOA ) ,Isobutyraldehyde,589.0,1.391,10.1039/C0CP02270E,CC(C)C=O,1,1
121,4/2/2003,Journal of Molecular Structure,SOLVENTEFFECTSPHOTOCHEMICALFLUORESCENCEPROPERTIESZINCPHTHALOCYANINEDERIVATIVES,1-Chloronaphthalene,677.0,1.633,10.1016/S0022-2860(03)00155-8,C1=CC=C2C(=C1)C=CC=C2Cl,0,0
123,10/15/2016,Optics Communications,INFILTRATEDPHOTONICCRYSTALCAVITYAHIGHLYSENSITIVEPLATFORMFORGLUCOSECONCENTRATIONDETECTION,glucose,1571.5,1.33587215,10.1016/j.optcom.2016.10.019,C(C1C(C(C(C(O1)O)O)O)O)O,0,0
124,7/8/2015,Physical Chemistry Chemical Physics,Transformation of photophysical properties from solution to solid state in alkoxy-cyano-diphenylacetylene molecules  ,Acetonitrile,589.0,1.341,10.1039/C5CP02762D,CC#N,1,1
126,2/9/2001,Optics Communications,DISPERSIONOPTICALCONSTANTSQUARTZPOLYMETHYLMETHACRYLATEGLASSESINAWIDESPECTRALRANGE023M,quartz,960.0,1.548,10.1016/S0030-4018(00)01152-4,O=[Si]=O,0,0
128,6/20/2016,Analyst,Integration of a guided-mode resonance filter with microposts for in-cell protein detection  ,sucrose,589.0,1.333,10.1039/C6AN00023A,C(C1C(C(C(C(O1)OC2(C(C(C(O2)CO)O)O)CO)O)O)O)O,2,1
129,12/17/2001,Vacuum,COMPOSITIONSTRUCTURESILICONCARBIDEALLOYSOBTAINEDBYHOTWIREHOTWIREPLASMAASSISTEDTECHNIQUES,C2H4,589.0,2.6,10.1016/S0042-207X(01)00296-2,C=C,0,0
130,9/1/2017,International Journal of Biological Macromolecules,LASERMICRODISSECTIONHYPHENATEDHIGHPERFORMANCEGELPERMEATIONCHROMATOGRAPHYCHARGEDAEROSOLDETECTORULTRAPERFORMANCELIQUIDCHROMATOGRAPHYTRIPLEQUADRUPOLEMASSSPECTROMETRYFORHISTOCHEMICALANALYSISPOLYSACCHARIDESINHERBALMEDICINEGINSENGACASESTUDY,Galactose,589.0,4.39,10.1016/j.ijbiomac.2017.08.162,C(C1C(C(C(C(O1)O)O)O)O)O,1,0
132,6/27/2001,Sensors and Actuators B: Chemical,NANOFABRICATEDREFRACTIVEINDEXSENSORBASEDPHOTONTUNNELINGINNANOFLUIDICCHANNEL,Ethanol,589.0,1.3336,10.1016/S0925-4005(01)00769-9,CCO,1,0
136,3/11/1999,Applied Surface Science,GROWTHHIGHLYTRANSPARENTOXIDELAYERSBYPULSEDLASERDEPOSITIONREDUCTIONDROPLETDENSITY,ZnO,538.0,1.8,10.1016/S0169-4332(96)00749-0,O=[Zn],0,0
138,8/18/2009,Powder Technology,AREVIEWUNDERLYINGFUNDAMENTALSINAWETDISPERSIONSIZEANALYSISPOWDERS,1-Octanol,589.0,1.43,10.1016/j.powtec.2009.08.005,CCCCCCCCO,0,0
139,10/13/2012,Sensors and Actuators B: Chemical,OPTICALMEASUREMENTSPATTERNRECOGNITIONTECHNIQUESFORIDENTIFYINGCHARACTERISTICSBEERDISTINGUISHINGBELGIANBEERS,VB01,589.0,1.342,10.1016/j.snb.2012.10.029,B#[V],0,0
140,7/8/2004,Atmospheric Environment,DIRECTRADIATIVEFORCINGDUEANTHROPOGENICAEROSOLSINEASTASIADURINGAPRIL2001,Nitric acid,589.0,1.14,10.1016/j.atmosenv.2004.05.006,[N+](=O)(O)[O-],1,0
141,6/20/2013,Thermochimica Acta,PROBINGSOLUTESOLVENTINTERACTIONSBIOACTIVESOLUTESINAQUEOUSBARIUMNITRATESOLUTIONBASISPHYSICOCHEMICALCONTRIVANCES,glycine,589.0,1.3344,10.1016/j.tca.2013.06.017,C(C(=O)O)N,0,0
142,10/21/2014,Fluid Phase Equilibria,ACHEMICALSTRUCTUREBASEDMODELFORESTIMATIONREFRACTIVEINDICESORGANICCOMPOUNDS,4-(1-ethylpropyl)pyridine,589.0,1.4091,10.1016/j.fluid.2014.10.005,CCC(CC)C1=CC=NC=C1,0,0
144,3/20/2013,Fuel,UPGRADINGFASTPYROLYSISLIQUIDSBLENDSBIODIESELPYROLYSISOIL,1-Butanol,589.0,1.397,10.1016/j.fuel.2013.02.058,CCCCO,1,0
146,8/3/2008,Journal of Alloys and Compounds,INTERRELATIONSHIPBETWEENSTRUCTURALOPTICALELECTRONICELASTICPROPERTIESMATERIALS,CuGaSe2,486.0,2.8,10.1016/j.jallcom.2008.06.037,[Cu+2].[Ga].[Se-2].[Se-2],0,0
147,4/7/2016,The Journal of Chemical Thermodynamics,THERMOPHYSICALPROPERTIESTWOBINARYAQUEOUSMIXTURESCONTAININGAPYRIDINIUMBASEDIONICLIQUID,1-Butylpyridinium tetrafluoroborate,589.0,1.447,10.1016/j.jct.2016.04.003,[B-](F)(F)(F)F.CCCC[N+]1=CC=CC=C1,1,0
148,10/31/2017,Colloids and Surfaces A: Physicochemical and Engineering Aspects,DESIGNINGATRANSPARENTORGANOGELLAYERSELFREPAIRINGPROPERTYFORINHIBITIONMARINEBIOFOULING,C12H26,589.0,1.421,10.1016/j.colsurfa.2017.10.079,CCCCCCCCCCCC,0,0
149,1/6/2018,Optik,REFRACTIVEINDEXCONTROLLEDBYFILMMORPHOLOGYFREECARRIERDENSITYINUNDOPEDZNOTHROUGHSOLPHVARIATION,ZnO,589.0,2.23,10.1016/j.ijleo.2018.01.011,O=[Zn],0,0
150,7/10/1998,Optical Materials,OPTICALELECTRONEGATIVITYREFRACTIVEINDEXMATERIALS,CsBr,589.0,1.584,10.1016/S0925-3467(97)00171-7,[Br-].[Cs+],1,0
151,12/24/2018,Optical Materials,PROMISINGREDEMISSIONFUNCTIONALIZEDPOLYPYRROLECATIO3EU3NANOCOMPOSITESFORPHOTONICAPPLICATIONS,CaTiO3,589.0,4.78,10.1016/j.optmat.2018.11.042,[O-][Ti](=O)[O-].[Ca+2],0,0
152,11/17/2014,Solar Energy Materials and Solar Cells,PHOTONICLIGHTTRAPPINGELECTRICALTRANSPORTINTHINFILMSILICONSOLARCELLS,silver,589.0,1.65,10.1016/j.solmat.2014.10.012,[Ag],2,0
153,9/13/2004,Solid State Ionics,CORRELATIONBETWEENOPTICALELECTRONEGATIVITYMOLARREFRACTIONIONICITYDENSITYBINARYOXIDESSILICATESMINERALS,LiSi4AlO10,589.0,1.504,10.1016/j.ssi.2004.07.041,[Li+].[O-][Si](=O)O[Si](=O)O[Si](=O)O[Si](=O)O[Al]=O,1,0
154,3/29/2011,Physical Chemistry Chemical Physics,Evaluation of a quantitative structure–property relationship ( QSPR ) for predicting mid-visible refractive index of secondary organic aerosol ( SOA ) ,2-Methylfuran,589.0,1.454,10.1039/C0CP02270E,CC1=CC=CO1,1,1
155,12/29/2011,Spectrochimica Acta Part A: Molecular and Biomolecular Spectroscopy,EXCITEDSTATEELECTRICDIPOLEMOMENTNILEBLUEBRILLIANTCRESYLBLUEACOMPARATIVESTUDY,Cyclohexane,589.0,1.4262,10.1016/j.saa.2011.12.063,C1CCCCC1,0,0
156,8/15/2003,Synthetic Metals,SPECTROSCOPICTRAVELLINGWAVELASINGCHARACTERISATIONGILCHTYPEHORNERTYPEMEHPPV,toluene,571.5,1.7259,10.1016/S0379-6779(03)00356-4,CC1=CC=CC=C1,0,0
157,10/18/1999,Thin Solid Films,MICROSTRUCTUREOPTICALPROPERTIESAMORPHOUSTIO2SIO2COMPOSITEFILMSSYNTHESIZEDBYHELICONPLASMASPUTTERING,TiO2-SiO2,589.0,1.714,10.1016/S0040-6090(98)01007-4,[O-][Si]([O-])([O-])[O-].[Ti+4],0,0
160,10/16/2008,Applied Energy,PERFORMANCESILICONSOLARCELLSOPERATEDINLIQUIDS,Silicon,589.0,1.397,10.1016/j.apenergy.2008.08.020,[Si],0,0
161,10/8/2012,RSC Advances,Antireflective coatings of ZnO quantum dots and their photocatalytic activity  ,ZnO,589.0,2.1,10.1039/C2RA21566G,O=[Zn],2,1
162,9/6/2011,Applied Surface Science,LARGESCALEMICROSTRUCTURINGSILICONSURFACEINAIRLIQUIDBYFEMTOSECONDLASERPULSES,CH3OH,589.0,1.46,10.1016/j.apsusc.2011.08.110,CO,1,0
165,11/7/2007,Inorganica Chimica Acta,SYNTHESISSPECTRALPROPERTIESZRIVHFIVPHTHALOCYANINESDIKETONATESAXIALLIGANDS,DMSO,697.0,1.479,10.1016/j.ica.2007.11.003,CS(=O)C,0,0
166,12/21/2009,Fluid Phase Equilibria,APPLICATIONONETHIRDRULEINHYDROCARBONCRUDEOILSYSTEMS,Butylbenzene,589.0,1.4898,10.1016/j.fluid.2009.12.004,CCCCC1=CC=CC=C1,0,0
167,7/9/1999,Solid State Ionics,IONICITYBINARYOXIDESSILICATES,Mg3Al2Si3O12,589.0,1.705,10.1016/S0167-2738(99)00083-1,[O-][Si]([O-])([O-])[O-].[O-][Si]([O-])([O-])[O-].[O-][Si]([O-])([O-])[O-].[Mg+2].[Mg+2].[Mg+2].[Al+3].[Al+3],1,0
168,11/5/2004,Fluid Phase Equilibria,PHASESTABILITYSYSTEMLIMONENELINALOOL2AMINOETHANOL,Linalool,589.0,1.4597,10.1016/j.fluid.2004.09.030,CC(=CCCC(C)(C=C)O)C,1,0
169,7/17/2015,Journal of Food Composition and Analysis,BEYONDTRADITIONALBALSAMICVINEGARCOMPOSITIONALSENSORIALCHARACTERISTICSINDUSTRIALBALSAMICVINEGARSREGULATORYREQUIREMENTS,Formic acid,589.0,3.0,10.1016/j.jfca.2015.07.001,C(=O)O,1,0
170,7/17/2006,Solar Energy Materials and Solar Cells,TIO2THINFILMSPROTECTIVEMATERIALFORTRANSPARENTCONDUCTINGOXIDESUSEDINSITHINFILMSOLARCELLS,TiO2,589.0,2.6,10.1016/j.solmat.2006.05.001,O=[Ti]=O,2,0
172,4/18/2014,Materials Science in Semiconductor Processing,CHARACTERISTICSOPTICALPROPERTIESMGONANOWIRESSYNTHESIZEDBYSOLVOTHERMALMETHOD,MgO,589.0,3.1,10.1016/j.mssp.2014.03.049,O=[Mg],0,0
175,9/12/2009,Journal of Luminescence,STUDYINTERACTIONBETWEENPROTEINMAINACTIVECOMPONENTSINCITRUSAURANTIUMLBYOPTICALSPECTROSCOPY,Naringin,589.0,1.214,10.1016/j.jlumin.2009.09.002,CC1C(C(C(C(O1)OC2C(C(C(OC2OC3=CC(=C4C(=O)CC(OC4=C3)C5=CC=C(C=C5)O)O)CO)O)O)O)O)O,1,0
176,7/12/2011,Energy Environ. Sci.,Planar dye-sensitized photovoltaics through cavity mode enhancement,ZnO,589.0,2.4,10.1039/C1EE01578H,O=[Zn],3,1
177,12/3/2003,Fluid Phase Equilibria,ACOUSTICVOLUMETRICCOMPRESSIBILITYREFRACTIVITYPROPERTIESREDUCTIONPARAMETERSFORERASFLORYMODELSHOMOLOGOUSSERIESAMINES2981532815K,Dodecylamine,589.0,1.4327,10.1016/j.fluid.2003.09.007,CCCCCCCCCCCCN,1,0
180,9/7/2018,Soil and Tillage Research,SHALLABANDONSEDIMENTATIONMETHODSFORPARTICLESIZEANALYSISINSOILS,Dolomite,589.0,1.59215,10.1016/j.still.2018.08.018,C(=O)([O-])[O-].C(=O)([O-])[O-].[Mg+2].[Ca+2],1,0
181,12/4/2000,Lithos,FLUIDINCLUSIONPETROGRAPHY,Quartz,589.0,1.545,10.1016/S0024-4937(00)00037-2,O=[Si]=O,0,0
182,4/13/2005,Journal of Molecular Liquids,OPTICALCONSTANTDIELECTRICCONSTANTMOLARPOLARIZABILITYSPECTRALIQUIDHEXANEBETWEEN4000400CM125C,hexane,589.0,1.3733,10.1016/j.molliq.2005.01.002,CCCCCC,0,0
183,9/1/2017,International Journal of Biological Macromolecules,LASERMICRODISSECTIONHYPHENATEDHIGHPERFORMANCEGELPERMEATIONCHROMATOGRAPHYCHARGEDAEROSOLDETECTORULTRAPERFORMANCELIQUIDCHROMATOGRAPHYTRIPLEQUADRUPOLEMASSSPECTROMETRYFORHISTOCHEMICALANALYSISPOLYSACCHARIDESINHERBALMEDICINEGINSENGACASESTUDY,Galacturonic acid,589.0,4.02,10.1016/j.ijbiomac.2017.08.162,C1(C(C(OC(C1O)O)C(=O)O)O)O,1,0
184,6/18/1998,Applied Surface Science,BEHAVIOURPAINTEDMIRRORSDURINGEXPOSURETESTSSALTSPRAY,ZnSe,589.0,2.4,10.1016/S0169-4332(97)00219-5,[Zn]=[Se],2,0
185,5/28/2016,Journal of Molecular Liquids,MOLECULARINTERACTIONSINSILICONERUBBERNANOHYDROXYLAPATITESYSTEMINSOLUTIONPHASEPROBEDBYULTRASONICTECHNIQUE,Xylene,589.0,1.492,10.1016/j.molliq.2016.05.086,CC1=CC=CC=C1C,1,0
189,8/31/1998,Biosensors and Bioelectronics,CRITICALSENSORANEWTYPEEVANESCENTWAVEIMMUNOSENSOR,Si3N4,589.0,2.0,10.1016/0956-5663(96)88416-8,N12[Si]34N5[Si]16N3[Si]25N46,2,0
190,8/28/2015,Advanced Powder Technology,DISCOVERINGFEASIBILITYUSINGRADIATIONFORCESFORRECOVERINGRAREEARTHELEMENTSCOALPOWERPLANTBYPRODUCTS,Dy2O3,532.0,1.9865,10.1016/j.apt.2015.08.004,[O-2].[O-2].[O-2].[Dy+3].[Dy+3],0,0
192,9/6/2014,Spectrochimica Acta Part A: Molecular and Biomolecular Spectroscopy,SOLVENTSEFFECTABSORPTIONFLUORESCENCESPECTRA7DIETHYLAMINO3THENOYLCOUMARINEVALUATIONCORRELATIONBETWEENSOLVATOCHROMISMSOLVENTPOLARITYPARAMETERS,DMF,589.0,1.43,10.1016/j.saa.2014.08.118,CN(C)C=O,1,0
194,4/3/2015,Spectrochimica Acta Part A: Molecular and Biomolecular Spectroscopy,INTERACTIONQUININESULFATEANIONICMICELLESSODIUMDODECYLSULFATEATIMERESOLVEDFLUORESCENCESPECTROSCOPYDIFFERENTPH,Methanol,589.0,1.3284,10.1016/j.saa.2015.03.115,CO,1,0
195,4/25/2013,Journal of Luminescence,OPTICALNONLINEARITIESASSOCIATEDAPPLIEDELECTRICFIELDSINPARABOLICTWODIMENSIONALQUANTUMRINGS,GaAs,589.0,3.5,10.1016/j.jlumin.2013.04.039,[Ga]#[As],2,0
196,5/26/2016,Thermochimica Acta,THERMODYNAMICPROPERTIES1BUTYL3METHYLIMIDAZOLIUMSALICYLATEACTIVEPHARMACEUTICALINGREDIENTIONICLIQUIDAPIILINAQUEOUSSOLUTIONSGLYCINELALANINET2881531815K,glycine,589.0,1.3349,10.1016/j.tca.2016.05.013,C(C(=O)O)N,0,0
197,3/29/2011,Physical Chemistry Chemical Physics,Evaluation of a quantitative structure–property relationship ( QSPR ) for predicting mid-visible refractive index of secondary organic aerosol ( SOA ) ,4-Oxopentanoic acid,589.0,1.44,10.1039/C0CP02270E,CC(=O)CCC(=O)O,1,1
198,1/25/2011,Chemical Engineering Science,APPROACHCHARACTERISINGCOHESIVEBEHAVIOURPOWDERSUSINGAFLOWTITRATIONAEROSOLISATIONBASEDMETHODOLOGY,Salbutamol,589.0,1.378,10.1016/j.ces.2010.12.044,CC(C)(C)NCC(C1=CC(=C(C=C1)O)CO)O,1,0
199,2/17/2016,Optik,PWEAPPROACHOPTICALTHYRISTORFORINVESTIGATIONDOPINGCONCENTRATION,InSb,589.0,5.0,10.1016/j.ijleo.2016.02.024,[In]#[Sb],1,0
200,6/2/2012,Computers & Chemical Engineering,AUTOMATEDDROPDETECTIONUSINGIMAGEANALYSISFORONLINEPARTICLESIZEMONITORINGINMULTIPHASESYSTEMS,Toluene,589.0,1.496,10.1016/j.compchemeng.2012.05.014,CC1=CC=CC=C1,0,0
201,10/19/2018,Food Hydrocolloids,DESIGNSYNTHESISMODIFIEDRESISTANTSTARCHBASEDOILINWATEREMULSIONS,distilled water,589.0,1.46,10.1016/j.foodhyd.2018.10.036,O,2,0
202,3/8/2012,Materials Science in Semiconductor Processing,SUBSTRATETEMPERATUREEFFECTSTRUCTURALOPTICALELECTRICALPROPERTIESVACUUMEVAPORATEDSNO2THINFILMS,SnO2,550.0,2.04,10.1016/j.mssp.2012.02.011,O=[Sn]=O,0,0
205,7/25/2016,Colloids and Surfaces B: Biointerfaces,ADSORPTIONLYSOZYMEBASEMETALSURFACESINPRESENCEEXTERNALELECTRICPOTENTIAL,Chromium,589.0,4.43,10.1016/j.colsurfb.2016.07.042,[Cr],1,0
206,2/26/2013,Acta Astronautica,AMETHODFORDETERMINATIONGAMMARAYDIRECTIONINSPACE,CsI,589.0,1.8,10.1016/j.actaastro.2013.02.012,[I-].[Cs+],1,0
209,9/28/2016,Journal of Molecular Liquids,PHOTOPHYSICALPROPERTIES3MPBAEVALUATIONCORELATIONBETWEENSOLVATOCHROMISMQUANTUMYIELDINDIFFERENTSOLVENTS,Methanol,589.0,3.2567,10.1016/j.molliq.2016.09.102,CO,0,0
211,10/14/2005,J. Mater. Chem.,Imprinting well-controlled closed-nanopores in spin-on polymeric dielectric thin films,silica,589.0,1.7007,10.1039/B511301F,O=[Si]=O,3,1
212,10/24/2013,Journal of Materials Chemistry C,First principles selection and design of mid-IR nonlinear optical halide crystals  ,CsGeCl3,589.0,1.9053,10.1039/C3TC31283F,Cl[Ge](Cl)Cl.[Cs],1,1
213,8/29/2012,Journal of Ethnopharmacology,INVITROINVIVOANTIMICROBIALACTIVITYALGERIANHOGGARSALVADORAPERSICALEXTRACTSAGAINSTMICROBIALSTRAINSCHILDRENSORALCAVITY,WC,589.0,2.79,10.1016/j.jep.2012.08.025,C1=CC=C2C(=C1)C(=CN2)CC(C(=O)NC(CS)C(=O)O)N,1,0
214,9/19/2008,The Journal of Chemical Thermodynamics,MIXINGPROPERTIESTRIS2HYDROXYETHYLMETHYLAMONIUMMETHYLSULFATEWATERMETHANOL29815KDATATREATMENTUSINGSEVERALCORRELATIONEQUATIONS,methanol,589.0,1.47887,10.1016/j.jct.2008.09.009,CO,0,0
217,1/17/2002,Journal of Loss Prevention in the Process Industries,AREVIEWENVIRONMENTALHAZARDSADSORPTIONRECOVERYCLEANINGSOLVENTHYDROCHLOROFLUOROCARBONSHCFCS,HCFC-225ca,589.0,1.326,10.1016/S0950-4230(01)00023-7,C(C(C(F)(F)F)(F)F)(Cl)Cl,0,0
221,12/28/2017,Renewable Energy,ANOVELAPPROACHFOREXTRACTIONALGALOILMARINEMACROALGAEULVAFASCIATA,Dichloromethane,589.0,1.4941,10.1016/j.renene.2017.12.071,C(Cl)Cl,0,0
222,11/20/2012,Journal of Materials Chemistry,Porosity control and surface sensitivity of titania/ silica mesoporous multilayer coatings: applications to optical Bragg resonance tuning and molecular sensing ,TiB,589.0,1.74,10.1039/C2JM35107B,C1=C(C=C(C(=C1C(=O)O)I)I)I,1,1
223,5/28/2015,Optik - International Journal for Light and Electron Optics,OPTICALAMPLIFICATIONUSINGSURFACEPLASMONRESONANCETOTALINTERNALREFLECTION,GaAs,589.0,3.377,10.1016/j.ijleo.2015.05.083,[Ga]#[As],2,0
224,9/13/2004,Solid State Ionics,CORRELATIONBETWEENOPTICALELECTRONEGATIVITYMOLARREFRACTIONIONICITYDENSITYBINARYOXIDESSILICATESMINERALS,MoO3,589.0,2.21,10.1016/j.ssi.2004.07.041,O=[Mo](=O)=O,1,0
225,4/27/2015,The Journal of Chemical Thermodynamics,LIQUIDLIQUIDPHASEEQUILIBRIUMCRITICALBEHAVIORBINARYSOLUTIONHEAVYWATER26DIMETHYLPYRIDINE,D2O,632.8,1.4461,10.1016/j.jct.2015.04.010,O,0,0
227,6/25/2010,Energy Conversion and Management,CATALYTICPYROLYSISLDPELEADSVALUABLERESOURCERECOVERYREDUCTIONWASTEPROBLEMS,Al2O3,589.0,1.067,10.1016/j.enconman.2010.06.016,[O-2].[O-2].[O-2].[Al+3].[Al+3],0,0
228,1/31/2019,Results in Physics,ULTRASHORTBANDWIDTHOPTICALTWEEZERGENERATIONUSINGGAASRINGRESONATORSYSTEM,AlGaAs,589.0,3.135,10.1016/j.rinp.2019.01.064,[Al].[Ga].[As],1,0
229,6/25/1998,Thin Solid Films,WAVEGUIDINGPROPERTIESCDSDOPEDSIO2TIO2FILMSPREPAREDBYSOLGELMETHOD,SiO2,546.0,1.934,10.1016/S0040-6090(97)00936-X,O=[Si]=O,0,0
230,6/10/2014,Materials Science in Semiconductor Processing,NANOSTRUCTUREDTHINFILMSBASEDTIO2ANDORSICFORUSEINPHOTOELECTROCHEMICALCELLSAREVIEWMATERIALCHARACTERISTICSSYNTHESISRECENTAPPLICATIONS,SiC,589.0,2.55378,10.1016/j.mssp.2014.05.053,[C-]#[Si+],1,0
233,11/30/2000,Fluid Phase Equilibria,COEXISTENCECURVEHFC134ATHERMALCONDUCTIVITYHFC245FA,HFC-134a,589.0,1.0802,10.1016/S0378-3812(00)00429-5,C(C(F)(F)F)F,0,0
235,7/7/2006,International Journal of Biological Macromolecules,COMPARISONCHARACTERIZATIONBINDINGALPINETINCARDAMONINLYSOZYMEBYSPECTROSCOPICMETHODS,Cardamonin,589.0,1.49,10.1016/j.ijbiomac.2005.11.003,COC1=CC(=CC(=C1C(=O)C=CC2=CC=CC=C2)O)O,0,0
241,5/23/2018,Journal of Pharmaceutical and Biomedical Analysis,METABOLOMICSANTIOXIDANTACTIVITYLEAVESPRUNUSDULCISMILLITALIANCVSTORITTOAVOLA,ABTS,589.0,2.24,10.1016/j.jpba.2018.05.018,"CCN1C2=C(C=C(C=C2)S(=O)(=O)[O-])SC1=NN=C3N(C4=C(S3)C=C(C=C4)S(=O)(=O)[O-])CC.[NH4+].[NH4+]
CCN1C2=C(C=C(C=C2)S(=O)(=O)O)SC1=NN=C3N(C4=C(S3)C=C(C=C4)S(=O)(=O)O)CC.N.N
CCN1C2=C(C=C(C=C2)S(=O)(=O)[O-])SC1=NN=C3N(C4=C(S3)C=C(C=C4)S(=O)(=O)[O-])CC.[NH4+].[NH4+]
CCN1C2=C(C=C(C=C2)S(=O)(=O)O)SC1=NN=C3N(C4=C(S3)C=C(C=C4)S(=O)(=O)O)CC
CCN1C2=C(C=C(C=C2)S(=O)(=O)[O-])SC1=NN=C3N(C4=C(S3)C=C(C=C4)S(=O)(=O)[O-])CC.[NH4+].[NH4+]
CCN1C2=C(C=C(C=C2)S(=O)(=O)O)SC1=NN=C3N(C4=C(S3)C=C(C=C4)S(=O)(=O)O)CC
CCN1C2=C(C=C(C=C2)S(=O)(=O)O)SC1=NN=C3N(C4=C(S3)C=C(C=C4)S(=O)(=O)O)CC.N.N
CCN1C2=C(C=C(C=C2)S(=O)(=O)[O-])SC1=NN=C3N(C4=C(S3)C=C(C=C4)S(=O)(=O)[O-])CC.[NH4+].[NH4+]
CCN1C2=C(C=C(C=C2)S(=O)(=O)[O-])SC1=NN=C3N(C4=C(S3)C=C(C=C4)S(=O)(=O)[O-])CC
CCN1C2=C(C=C(C=C2)S(=O)(=O)[O-])SC1=NN=C3N(C4=C(S3)C=C(C=C4)S(=O)(=O)[O-])CC.[NH3+]N.[NH3+]N",0,0
242,5/4/2011,Phys. Chem. Chem. Phys.,Kirkwood correlation factors in liquid mixtures from an extended Onsager–Kirkwood–Fröhlich equation,Monoglyme,589.0,1.37716,10.1039/C1CP20142E,COCCOC,0,1
243,1/29/2016,Solid State Communications,"A DFT study of the structural, electronic and optical properties of transition metal doped fluorite oxides: <mml:math xmlns:mml=""http://www.w3.org/1998/Math/MathML"" altimg=""si0010.gif"" overflow=""scroll""><mml:msub><mml:mrow><mml:mi>Ce</mml:mi></mml:mrow><mml:mrow><mml:mn>0.75</mml:mn></mml:mrow></mml:msub><mml:msub><mml:mrow><mml:mi mathvariant=""normal"">M</mml:mi></mml:mrow><mml:mrow><mml:mn>0.25</mml:mn></mml:mrow></mml:msub><mml:msub><mml:mrow><mml:mi mathvariant=""normal"">O</mml:mi></mml:mrow><mml:mrow><mml:mn>2</mml:mn></mml:mrow></mml:msub></mml:math> (M=Fe, Co, Ni)",CeO2,589.0,2.54,10.1016/j.ssc.2016.01.011,O=[Ce]=O,3,0
244,4/16/2009,Journal of Molecular Liquids,ASTUDYDIELECTRICPROPERTIESREFRACTIVEINDICESANILINEBENZENETOLUENEOXYLENEPXYLENE29815K,o-xylene,589.0,1.502831,10.1016/j.molliq.2009.04.002,CC1=CC=CC=C1C,1,0
245,2/19/2018,Scientific Reports,Tuning Infrared Plasmon Resonance of Black Phosphorene Nanoribbon with a Dielectric Interface,Al2O3,589.0,1.71,10.1038/s41598-018-21365-2,[O-2].[O-2].[O-2].[Al+3].[Al+3],2,2
246,10/1/2010,Chem. Soc. Rev.,Exploring catalytic solid/liquid interfaces by in situ attenuated total reflection infrared spectroscopy,rutile,589.0,2.6500000000000004,10.1039/B919544K,O=[Ti]=O,3,1
247,10/24/2013,Journal of Materials Chemistry C,First principles selection and design of mid-IR nonlinear optical halide crystals  ,CsGeCl3,589.0,1.9051,10.1039/C3TC31283F,Cl[Ge](Cl)Cl.[Cs],1,1
250,12/4/2014,Water Research,FATEBENZOTRIAZOLE5METHYLBENZOTRIAZOLEINRECYCLEDWATERRECHARGEDANAEROBICAQUIFERCOLUMNSTUDIES,5-Methylbenzotriazole,589.0,1.68,10.1016/j.watres.2014.11.040,CC1=CC2=NNN=C2C=C1,0,0
251,10/11/2011,Journal of Molecular Liquids,MOLECULARINTERACTIONSSTRUCTURALEFFECTSMIXINGPENTANOLINPOLYETHYLENEGLYCOLDIACRYLATEPOLYETHYLENEGLYCOLDIMETHACRYLATE,pentanol,589.0,1.465,10.1016/j.molliq.2011.09.018,CCCCCO,0,0
252,4/28/2015,Spectrochimica Acta Part A: Molecular and Biomolecular Spectroscopy,BINDINGINTERACTIONSORAFENIBBOVINESERUMALBUMINSPECTROSCOPICMETHODOLOGIESMOLECULARDOCKING,sorafenib,589.0,1.07,10.1016/j.saa.2015.04.034,CNC(=O)C1=NC=CC(=C1)OC2=CC=C(C=C2)NC(=O)NC3=CC(=C(C=C3)Cl)C(F)(F)F,0,0
253,12/18/2015,Optics Communications,Multi-point fiber-optic refractive index sensor by using coreless fibers,silica,589.0,1.44,10.1016/j.optcom.2015.10.071,O=[Si]=O,3,0
254,2/3/2011,Journal of Luminescence,SYSTEMATICSTUDYRELATIONSHIPSBETWEENENERGYLEVELSTL01TL2CENTERSCRYSTALLINEENVIRONMENT,RbBr,589.0,1.55,10.1016/j.jlumin.2011.01.007,[Br-].[Rb+],1,0
256,7/16/2014,Progress in Organic Coatings,PREPARATIONPROPERTIESUVCURABLEDIFUNCTIONALSULFURCONTAININGTHIOACRYLATETHIOURETHANEACRYLATEMONOMERSHIGHREFRACTIVEINDICES,PTEA,589.0,1.558,10.1016/j.porgcoat.2014.05.013,CCCCC[N+](CC)(CC)CC,0,0
257,5/28/2013,Journal of Quantitative Spectroscopy and Radiative Transfer,COHERENTBACKSCATTERINGBYDISCRETERANDOMMEDIACOMPOSEDCLUSTERSSPHERICALPARTICLES,magnesium oxide,589.0,1.745,10.1016/j.jqsrt.2013.05.017,O=[Mg],2,0
260,12/22/2006,Physica B: Condensed Matter,ELECTRONICPOLARIZABILITYOPTICALBASICITYLANTHANIDEOXIDES,Sm2O3,589.0,1.984,10.1016/j.physb.2006.11.015,[O-2].[O-2].[O-2].[Sm+3].[Sm+3],0,0
261,10/21/2014,Fluid Phase Equilibria,ACHEMICALSTRUCTUREBASEDMODELFORESTIMATIONREFRACTIVEINDICESORGANICCOMPOUNDS,2-Acetylcyclohexanone,589.0,1.5138,10.1016/j.fluid.2014.10.005,CC(=O)C1CCCCC1=O,0,0
263,6/7/2006,Food and Chemical Toxicology,GENERATIONFORMALDEHYDEINCIGARETTESOVERVIEWRECENTEXPERIMENTS,Propionaldehyde,589.0,3.4,10.1016/j.fct.2006.05.017,CCC=O,1,0
264,7/31/2012,Journal of Materials Chemistry,Novel solution-processable optically isotropic colorless polyimidothioethers–TiO 2 hybrids with tunable refractive index  ,CH22,589.0,1.672,10.1039/C2JM32480F,[HH].[HH].[HH].[HH].[HH].[HH].[HH].[HH].[HH].C,1,1
265,6/20/2011,Journal of Magnetic Resonance,MODIFICATIONENCAPSULATIONPRESSUREREVERSEMICELLESINLIQUIDETHANE,Propane,589.0,1.35,10.1016/j.jmr.2011.06.010,CCC,1,0
266,8/2/2017,Experiments in Fluids,"A review of solid–fluid selection options for optical-based measurements in single-phase liquid, two-phase liquid–liquid and multiphase solid–liquid flows",quartz,589.0,1.45,10.1007/s00348-017-2386-y,O=[Si]=O,2,2
268,12/8/2016,Reactive and Functional Polymers,SELENIDECONTAININGHIGHREFRACTIVEINDEXPOLYMERMATERIALADJUSTABLEREFRACTIVEINDEXABBESNUMBER,Selenium,589.0,1.599,10.1016/j.reactfunctpolym.2016.12.007,[Se],0,0
269,9/26/2001,Chemical Physics,RHODAMINE3BCLO4ELECTRONICTRANSITIONSREACTIONFIELDVIBRATIONALSTRUCTURE,1-Decanol,589.0,1.437,10.1016/S0301-0104(01)00478-5,CCCCCCCCCCO,1,0
271,10/18/2001,Tribology International,INFLUENCEACETOACETICESTERSDICARBOXYLICACIDESTERSDIESELFUELLUBRICITY,Dibutyl azelate,589.0,1.4412,10.1016/S0301-679X(01)00067-6,CCCCOC(=O)CCCCCCCC(=O)OCCCC,1,0
272,5/7/2010,Journal of Luminescence,SPECTROPHOTOMETRICSTUDIESINTERACTIONBETWEENMYRICETINLYSOZYMEINABSENCEPRESENCECU2ORFE3,Myricetin,589.0,2.06,10.1016/j.jlumin.2010.05.003,C1=C(C=C(C(=C1O)O)O)C2=C(C(=O)C3=C(C=C(C=C3O2)O)O)O,1,0
273,1/21/2014,Journal of Luminescence,CHARACTERIZATIONINTERACTIONSHUMANSERUMALBUMINHSAGATIFLOXACINMETRONIDAZOLEUSINGSPECTROSCOPICELECTROCHEMICALMETHODS,GFLX,589.0,1.18,10.1016/j.jlumin.2014.01.023,CC1CN(CCN1)C2=C(C=C3C(=C2OC)N(C=C(C3=O)C(=O)O)C4CC4)F.CC1CN(CCN1)C2=C(C=C3C(=C2OC)N(C=C(C3=O)C(=O)O)C4CC4)F.O.O.O,1,0
275,9/1/2015,Optik,MODELINGANALYSISAHIGHLYBIREFRINGENTCHALCOGENIDEPHOTONICCRYSTALFIBER,As2Se3,589.0,2.3,10.1016/j.ijleo.2015.08.190,[As](=[Se])[Se][As]=[Se],2,0
276,10/3/2013,Journal of Dentistry,EFFECTTHREEYEARCONSUMPTIONERYTHRITOLXYLITOLSORBITOLCANDIESVARIOUSPLAQUESALIVARYCARIESRELATEDVARIABLES,Sorbitol,589.0,1.36,10.1016/j.jdent.2013.09.007,C(C(C(C(C(CO)O)O)O)O)O,1,0
278,10/2/2018,Nanoscale,Lifetime and nonlinearity of modulated surface plasmon for black phosphorus sensing application,SiO2,589.0,1.4,10.1039/C8NR06796A,O=[Si]=O,3,1
279,6/7/2006,Food and Chemical Toxicology,GENERATIONFORMALDEHYDEINCIGARETTESOVERVIEWRECENTEXPERIMENTS,Propionaldehyde,589.0,3.2,10.1016/j.fct.2006.05.017,CCC=O,1,0
280,5/9/2008,Optical Materials,CORRELATIONBETWEENOPTICALELECTRONEGATIVITYREFRACTIVEINDEXTERNARYCHALCOPYRITESSEMICONDUCTORSINSULATORSOXIDESALKALIHALIDES,Ga2O3,589.0,1.84,10.1016/j.optmat.2008.03.010,O=[Ga]O[Ga]=O,1,0
281,10/17/2013,Journal of Molecular Liquids,DENSITIESVISCOSITIESREFRACTIVEINDICESEXCESSPROPERTIESORTHOMETACHLOROANILINE2ALKOXYETHANOLS30315K,o-chloroaniline,589.0,1.482,10.1016/j.molliq.2013.09.035,C1=CC=C(C(=C1)N)Cl,0,0
282,9/19/2018,The Journal of Chemical Thermodynamics,VOLUMETRICREFRACTIVEPROPERTIES1357TETRAVINYL1357TETRAMETHYLCYCLOTETRASILOXANEMETHOXYBENZENECHLOROBENZENETERTBUTYLBENZENENITROBENZENET2981531815K,nitrobenzene,589.0,1.46138,10.1016/j.jct.2018.09.021,C1=CC=C(C=C1)[N+](=O)[O-],1,0
284,12/7/2015,Optik,OPTIMIZINGRODTYPEPHOTONICCRYSTALWAVEGUIDEMETHANEGASSENSOR,silicon,589.0,3.52,10.1016/j.ijleo.2015.11.179,[Si],2,0
287,4/19/2007,Vacuum,INFLUENCEYTTRIACONTENTMECHANICALPROPERTIESY2O3ZRO2THINFILMSPREPAREDBYEBPVD,Y2O3,589.0,1.79,10.1016/j.vacuum.2007.04.028,[O-2].[O-2].[O-2].[Y+3].[Y+3],2,0
288,3/29/2011,Physical Chemistry Chemical Physics,Evaluation of a quantitative structure–property relationship ( QSPR ) for predicting mid-visible refractive index of secondary organic aerosol ( SOA ) ,1-Hexene,589.0,1.402,10.1039/C0CP02270E,CCCCC=C,1,1
289,9/23/2017,Fuel,BIODIESELPRODUCTIONMIXEDNONEDIBLEOILSCASTORSEEDOILWASTEFISHOIL,CSO,589.0,1.477,10.1016/j.fuel.2017.09.009,C(=O)=S,0,0
290,1/6/2016,The Journal of Chemical Thermodynamics,PHYSICOCHEMICALPROPERTIES135TRIMETHYL135TRIS333TRIFLUOROPROPYLCYCLOTRISILOXANEVARIOUSAROMATICHYDROCARBONST3081532315K,Ethylbenzene,589.0,1.49301,10.1016/j.jct.2015.12.025,CCC1=CC=CC=C1,1,0
291,1/8/2011,Chemical Engineering and Processing: Process Intensification,SPATIALLYRESOLVEDDRYINGKINETICSMULTICOMPONENTSOLUTIONCASTFILMSFORORGANICELECTRONICS,Indane,589.0,1.532,10.1016/j.cep.2010.12.012,C1CC2=CC=CC=C2C1,1,0
292,7/25/2002,Chemical Engineering Science,Characterization of microporous membrane morphology using confocal scanning laser microscopy,glycerol,589.0,1.474,10.1016/S0009-2509(00)00151-2,C(C(CO)O)O,3,0
293,1/28/2010,The Journal of Chemical Thermodynamics,SEPARATIONTOLUENEALKANESUSING1ETHYL3METHYLPYRIDINIUMETHYLSULFATEIONICLIQUIDT29815KATMOSPHERICPRESSURE,Heptane,589.0,1.38515,10.1016/j.jct.2010.01.008,CCCCCCC,1,0
294,9/17/2012,Solar Energy,ANOVELALYCODOPEDZNONSIHETEROJUNCTIONSOLARCELLSFABRICATEDBYPULSEDLASERDEPOSITION,ZnO,589.0,2.0,10.1016/j.solener.2012.08.006,O=[Zn],2,0
298,1/22/2004,Journal of Molecular Structure,OPTICALCONSTANTSVIBRATIONALANALYSISETHYLBENZENEBETWEEN4000450CM125C,ethylbenzene,589.0,1.4321,10.1016/j.molstruc.2003.12.015,CCC1=CC=CC=C1,0,0
299,8/28/2009,Applied Surface Science,BIAXIALSTRESSESSURFACEROUGHNESSMICROSTRUCTUREINEVAPORATEDTIO2FILMSDIFFERENTDEPOSITIONGEOMETRIES,TiO2,589.0,2.365,10.1016/j.apsusc.2009.08.077,O=[Ti]=O,0,0
300,5/6/2011,Applied Surface Science,INFLUENCEOXYGENPARTIALPRESSUREPROPERTIESPULSEDLASERDEPOSITEDNANOCRYSTALLINEZIRCONIATHINFILMS,Oxygen,550.0,1.87,10.1016/j.apsusc.2011.05.003,O=O,0,0
301,1/6/2016,The Journal of Chemical Thermodynamics,PHYSICOCHEMICALPROPERTIES135TRIMETHYL135TRIS333TRIFLUOROPROPYLCYCLOTRISILOXANEVARIOUSAROMATICHYDROCARBONST3081532315K,nitrobenzene,589.0,1.36804,10.1016/j.jct.2015.12.025,C1=CC=C(C=C1)[N+](=O)[O-],1,0
302,12/18/2001,Sensors and Actuators B: Chemical,FULLYINTEGRATEDOPTICALPOLARIMETER,SiO2,589.0,1.456,10.1016/S0925-4005(01)01008-5,O=[Si]=O,2,0
304,12/29/2011,Spectrochimica Acta Part A: Molecular and Biomolecular Spectroscopy,SYNTHESISEVALUATIONCHANGESINDUCEDBYSOLVENTSUBSTITUENTINELECTRONICABSORPTIONSPECTRAAZODISPERSEDYES,DMF,589.0,1.4305,10.1016/j.saa.2011.12.062,CN(C)C=O,1,0
305,5/9/2008,Optical Materials,CORRELATIONBETWEENOPTICALELECTRONEGATIVITYREFRACTIVEINDEXTERNARYCHALCOPYRITESSEMICONDUCTORSINSULATORSOXIDESALKALIHALIDES,AgGaSe2,589.0,2.7,10.1016/j.optmat.2008.03.010,[Ga+3].[Se-2].[Se-2].[Ag+],1,0
309,10/3/2002,Powder Technology,MORPHOLOGICALCHARACTERISATIONGIBBSITEALUMINA,aniline,589.0,1.5863,10.1016/S0032-5910(02)00112-2,C1=CC=C(C=C1)N,2,0
310,10/13/2016,Journal of Molecular Liquids,ASSESSMENTNONCOVALENTINTERACTIONBETWEENINSULINANTIBIOTICSINAQUEOUSSOLUTIONTHROUGHULTRASONICSTUDIESINSILICODOCKINGANALYSIS,Ciprofloxacin,589.0,1.2847,10.1016/j.molliq.2016.10.051,C1CC1N2C=C(C(=O)C3=CC(=C(C=C32)N4CCNCC4)F)C(=O)O,1,0
311,1/10/2012,Journal of Materials Chemistry,Advanced functional materials based on polyhedral oligomeric silsesquioxane (POSS) ,POSS,589.0,1.39,10.1039/C1JM14231C,[O-]P(=S)=S,2,1
313,8/11/2015,Journal of Molecular Liquids,THERMOPHYSICALABSORPTIONPROPERTIESBROMINATEDVEGETABLEOIL,BVO,589.0,1.506,10.1016/j.molliq.2015.07.060,C1=CC=C2C(=C1)C(=O)C3=C(C2=O)N(N=N3)C4=CC(=C(C(=C4)F)C5=CC=CC(=C5)CO)F,0,0
314,10/11/2017,Physical Chemistry Chemical Physics,"Direct observation of the THz Kerr effect (TKE) in deionized, distilled and buffered (PBS) water ",Distilled water,589.0,2.07,10.1039/C7CP04061J,O,1,1
315,1/22/2015,Food and Bioproducts Processing,EXTRACTIONESSENTIALOILSMENTHAPIPERITAUSINGADVANCEDTECHNIQUESMICROWAVEVERSUSOHMICASSISTEDHYDRODISTILLATION,NHD,589.0,1.4377,10.1016/j.fbp.2015.01.003,C1=CC(=C[N+](=C1)C2C(C(C(O2)COP(=O)(O)OP(=O)(O)OCC3C(C(C(O3)N4C=NC5=C4N=CNC5=O)O)O)O)O)C(=O)N,0,0
316,1/21/2005,The Journal of Chemical Thermodynamics,LIQUIDLIQUIDEQUILIBRIAWATERPROPIONICACIDDIMETHYLPHTHALATESEVERALTEMPERATURES,Dimethyl phthalate,589.0,1.514,10.1016/j.jct.2004.12.003,COC(=O)C1=CC=CC=C1C(=O)OC,1,0
319,3/15/2019,The Journal of Chemical Thermodynamics,PHASEEQUILIBRIACSCLPOLYETHYLENEGLYCOLPEGH2O29815KEFFECTDIFFERENTPOLYMERMOLARMASSESPEG100040006000,CsCl,589.0,1.3377,10.1016/j.jct.2019.03.020,[Cl-].[Cs+],0,0
320,10/29/2014,Current Applied Physics,BIPOLARSWITCHINGPROPERTIESAMORPHOUSTIO2THINFILMGROWNTINSISUBSTRATE,TiO2,589.0,1.47,10.1016/j.cap.2014.10.025,O=[Ti]=O,2,0
321,9/16/2011,Spectrochimica Acta Part A: Molecular and Biomolecular Spectroscopy,ELECTRONICSPECTRAPHOTOPHYSICSCARBOLINE1AZACARBAZOLEMONOMER,DMSO,589.0,1.48,10.1016/j.saa.2011.09.018,CS(=O)C,0,0
323,10/25/2013,Spectrochimica Acta Part A: Molecular and Biomolecular Spectroscopy,FLUORESCENCESPECTROSCOPYRHODAMINE6GCONCENTRATIONSOLVENTEFFECTS,Acetone,589.0,1.359,10.1016/j.saa.2013.10.062,CC(=O)C,1,0
327,1/13/2012,Materials Chemistry and Physics,INVESTIGATIONRELATIONSHIPSBETWEENABSORPTIONBANDENERGIESTLCRYSTALLINEENVIRONMENT,CsBr,589.0,1.693,10.1016/j.matchemphys.2011.12.030,[Br-].[Cs+],0,0
328,7/31/2012,Solid-State Electronics,EFFECTPOSTANNEALINGTREATMENTSILICONDIOXIDEFILMSFORPASSIVATINGFLEXIBLEORGANICLIGHTEMITTINGDIODE,SiO2,589.0,1.415,10.1016/j.sse.2012.06.015,O=[Si]=O,2,0
331,2/10/2011,Journal of Molecular Liquids,EXPERIMENTALCOMPUTATIONALSTUDYVISCOSITYOPTICALDIELECTRICCONSTANTSOLUTIONSPOLYETHYLENEGLYCOL200,Aniline,589.0,1.5866,10.1016/j.molliq.2011.02.005,C1=CC=C(C=C1)N,1,0
333,4/26/2016,Advances in Colloid and Interface Science,INCOMPATIBILITIESINTERACTIONSCALESPROCESSESFOCUSWORKADHESION,Methanol,589.0,1.3288,10.1016/j.cis.2016.04.003,CO,0,0
334,4/21/2015,Reactive and Functional Polymers,REFRACTIVEINDEXCHANGESINPOLYACRYLATESBEARINGALKYLSULFURGROUPSTHROUGHSULFUROXIDATIONREACTION,sulfur,589.0,1.503,10.1016/j.reactfunctpolym.2015.04.005,[S],0,0
336,11/28/2000,Ophthalmology,RISKFACTORSASSOCIATEDAGERELATEDMACULARDEGENERATION,Aspirin,589.0,1.15,10.1016/S0161-6420(00)00409-7,CC(=O)OC1=CC=CC=C1C(=O)O,1,0
337,3/15/2019,The Journal of Chemical Thermodynamics,PHASEEQUILIBRIACSCLPOLYETHYLENEGLYCOLPEGH2O29815KEFFECTDIFFERENTPOLYMERMOLARMASSESPEG100040006000,CsCl,589.0,1.437,10.1016/j.jct.2019.03.020,[Cl-].[Cs+],0,0
338,12/30/2010,The Journal of Chemical Thermodynamics,SEPARATIONTOLUENECYCLICHYDROCARBONSUSING1BUTYL3METHYLIMIDAZOLIUMMETHYLSULFATEIONICLIQUIDT29815KATMOSPHERICPRESSURE,Cyclooctane,589.0,1.45598,10.1016/j.jct.2010.12.012,C1CCCCCCC1,1,0
340,8/2/2017,Experiments in Fluids,"A review of solid–fluid selection options for optical-based measurements in single-phase liquid, two-phase liquid–liquid and multiphase solid–liquid flows",SiO2,589.0,1.452,10.1007/s00348-017-2386-y,O=[Si]=O,2,2
342,1/8/2002,Journal of Petroleum Science and Engineering,CRUDEOILASPHALTENECHARACTERIZATIONFORPREDICTIONWETTINGALTERATION,n-Heptane,589.0,1.3873,10.1016/S0920-4105(01)00189-9,CCCCCCC,0,0
344,5/13/2016,Construction and Building Materials,EFFECTSECONDARYCOPPERSLAGCEMENTITIOUSMATERIALINULTRAHIGHPERFORMANCEMORTAR,Copper,589.0,1.731,10.1016/j.conbuildmat.2016.05.007,[Cu],1,0
345,4/7/2008,Acta Biomaterialia,OSTEOBLASTRESPONSESDIFFERENTOXIDECOATINGSPRODUCEDBYSOLGELPROCESSTITANIUMSUBSTRATES,Nb2O5,589.0,2.26,10.1016/j.actbio.2008.03.012,O=[Nb](=O)O[Nb](=O)=O,1,0
346,6/7/2006,Food and Chemical Toxicology,GENERATIONFORMALDEHYDEINCIGARETTESOVERVIEWRECENTEXPERIMENTS,Propionaldehyde,589.0,1.93,10.1016/j.fct.2006.05.017,CCC=O,1,0
347,1/6/2016,The Journal of Chemical Thermodynamics,PHYSICOCHEMICALPROPERTIES135TRIMETHYL135TRIS333TRIFLUOROPROPYLCYCLOTRISILOXANEVARIOUSAROMATICHYDROCARBONST3081532315K,tert-butyl benzene,589.0,1.47754,10.1016/j.jct.2015.12.025,CC(C)(C)C1=CC=CC=C1,1,0
348,12/14/2015,Journal of Materials Research and Technology,STRUCTURALOPTICALPOROSITYPROPERTIESCDI2THINFILM,CdI2,589.0,2.27,10.1016/j.jmrt.2015.10.005,[Cd](I)I,0,0
349,12/11/2014,RSC Advances,Photophysics of lumichrome in anionic and cationic micellar media  ,CTAB,589.0,5.03,10.1039/C4RA14998J,CCCCCCCCCCCCCCCC[N+](C)(C)C.[Br-],1,1
350,9/3/2008,Coordination Chemistry Reviews,SOLVOTHERMALSYNTHESISGROUP1315CHALCOGENIDOMETALATESCHELATINGORGANICAMINES,dien,589.0,1.48442,10.1016/j.ccr.2008.08.015,C(CNCCN)N,1,0
352,7/21/2006,Spectrochimica Acta Part A: Molecular and Biomolecular Spectroscopy,PHOTOPHYSICALSTUDIESMEROCYANINE540DYEINAQUEOUSMICELLARDISPERSIONSDIFFERENTSURFACTANTSINDIFFERENTSOLVENTS,CHCl3,589.0,1.444,10.1016/j.saa.2006.06.030,C(Cl)(Cl)Cl,1,0
353,9/19/2008,The Journal of Chemical Thermodynamics,MIXINGPROPERTIESTRIS2HYDROXYETHYLMETHYLAMONIUMMETHYLSULFATEWATERMETHANOL29815KDATATREATMENTUSINGSEVERALCORRELATIONEQUATIONS,methanol,589.0,1.48361,10.1016/j.jct.2008.09.009,CO,0,0
355,6/13/2009,Physica B: Condensed Matter,BANDPARAMETERSFORCADMIUMZINCCHALCOGENIDECOMPOUNDS,CdTe,589.0,2.91,10.1016/j.physb.2009.06.046,[Cd]=[Te],0,0
356,7/10/1998,Optical Materials,OPTICALELECTRONEGATIVITYREFRACTIVEINDEXMATERIALS,Bi2O3,589.0,2.651,10.1016/S0925-3467(97)00171-7,O=[Bi]O[Bi]=O,1,0
357,10/22/2014,International Communications in Heat and Mass Transfer,OPTICALPROPERTIESMETALOXIDESBASEDNANOFLUIDS,Al2O3,900.0,1.7571,10.1016/j.icheatmasstransfer.2014.10.010,[O-2].[O-2].[O-2].[Al+3].[Al+3],0,0
361,12/3/2003,Fluid Phase Equilibria,ACOUSTICVOLUMETRICCOMPRESSIBILITYREFRACTIVITYPROPERTIESREDUCTIONPARAMETERSFORERASFLORYMODELSHOMOLOGOUSSERIESAMINES2981532815K,Diisopropylamine,589.0,1.389,10.1016/j.fluid.2003.09.007,CC(C)NC(C)C,1,0
363,9/20/2009,Fluid Phase Equilibria,PHYSICALPROPERTIESPHASEEQUILIBRIASYSTEMISOPROPYLACETATEISOPROPANOL1OCTYL3METHYLIMIDAZOLIUMBISTRIFLUOROMETHYLSULFONYLIMIDE,isopropylacetate,589.0,1.41784,10.1016/j.fluid.2009.09.015,"CC(C)CC(=O)[O-]
CC(C)CC(=O)O",0,0
365,2/20/2009,Spectrochimica Acta Part A: Molecular and Biomolecular Spectroscopy,INTERMOLECULARINTERACTIONSINSOLUTIONSAMINONITROBENZENEDERIVATIVESSTUDIEDBYSPECTRALMEANS,Dichloromethane,589.0,1.43,10.1016/j.saa.2009.02.011,C(Cl)Cl,0,0
366,2/13/2016,Fluid Phase Equilibria,CRITICALPHENOMENAINBROMOBENZENE1HEXYL3METHYLIMIDAZOLIUMBISTRIFLUOROMETHYLSULFONYLIMIDEBINARYSOLUTION,bromobenzene,632.8,1.5318,10.1016/j.fluid.2016.02.011,C1=CC=C(C=C1)Br,0,0
367,11/22/2012,Journal of Environmental Monitoring,Field-deployable and near-real-time optical microfluidic biosensors for single-oocyst-level detection of Cryptosporidium parvum from field water samples ,silica,589.0,1.56,10.1039/C2EM30700F,O=[Si]=O,2,1
368,10/12/2012,Journal of Molecular Liquids,SOLVATOCHROMISMHEMICYANINES,CCl4,589.0,1.4969,10.1016/j.molliq.2012.09.021,C(Cl)(Cl)(Cl)Cl,0,0
370,2/18/2019,Solar Energy,ENHANCEMENTPLASMONICTRANSMITTANCEPOROUSGOLDTHINFILMSVIAGOLDMETALOXIDEBILAYERSFORSOLARENERGYSAVINGAPPLICATIONS,CeO2,589.0,2.5,10.1016/j.solener.2019.02.025,O=[Ce]=O,1,0
371,5/17/2017,Journal of Molecular Liquids,EXPERIMENTALSOLUBILITYDATAFORPREDNISOLONEHYDROCORTISONEINVARIOUSSOLVENTSBETWEEN29323282KBYEMPLOYINGCOMBINEDDTATGA,Pentan-1-ol,589.0,1.4098,10.1016/j.molliq.2017.05.076,CCCCCO,1,0
372,7/27/2007,Journal of Alloys and Compounds,SPECTROSCOPICPROPERTIESGEO2NB2O5MODIFIEDTELLURITEGLASSESDOPEDER3,tellurite,589.0,2.05,10.1016/j.jallcom.2007.07.072,[O-][Te](=O)[O-],0,0
373,11/3/2015,Optik,INVESTIGATIONMOLEFRACTIONINNITRIDESEMICONDUCTORUSINGPHOTONICBANDGAPANALYSIS,aluminium,589.0,3.475,10.1016/j.ijleo.2015.10.131,[Al],0,0
374,10/22/2012,Spectrochimica Acta Part A: Molecular and Biomolecular Spectroscopy,SOLVENTEFFECTSABSORPTIONFLUORESCENCESPECTRARHAPONTICINEXPERIMENTALTHEORETICALSTUDIES,Diethylether,312.0,1.353,10.1016/j.saa.2012.10.013,CCOCC,0,0
375,3/17/2017,Optical Materials,ULTRAFASTCARRIERDYNAMICSTHIRDORDERNONLINEAROPTICALPROPERTIESALUMINUMDOPEDZINCOXIDEAZOTHINFILMS,AZO,589.0,1.8047,10.1016/j.optmat.2017.03.009,CC1=C(C=CC(=C1)C2=CC(=C(C=C2)N=NC3=C(C4=CC=CC=C4C(=C3)S(=O)(=O)[O-])O)C)N=NC5=C(C6=CC=CC=C6C(=C5)S(=O)(=O)[O-])O.[Na+].[Na+],1,0
376,3/12/2007,International Journal of Pharmaceutics,STATISTICALCLUSTERANALYSISPHARMACEUTICALSOLVENTS,Formicacid,589.0,1.371,10.1016/j.ijpharm.2007.03.002,COC1=CC=CC(=C1)C2=CC=C(C=C2)N,0,0
377,5/1/2011,New Journal of Chemistry,Effect of sulfonate-based anions on the physicochemical properties of 1-alkyl-3-propanenitrile imidazolium ionic liquids ,C2CN,589.0,1.488,10.1039/C0NJ00950D,[C]#CC#N,1,1
378,3/9/2019,International Journal of Heat and Mass Transfer,COMBINEDEFFECTSALCOHOLELECTROLYTEMASSTRANSFERSINGLECARBONDIOXIDEBUBBLESINVERTICALPIPES,FEP,589.0,1.338,10.1016/j.ijheatmasstransfer.2019.02.094,C1=CC(=CC=C1CCCCC2=CC=C(C=C2)C(F)(F)P(=O)(O)O)C(F)(F)P(=O)(O)O,2,0
379,10/13/2016,Journal of Molecular Liquids,ASSESSMENTNONCOVALENTINTERACTIONBETWEENINSULINANTIBIOTICSINAQUEOUSSOLUTIONTHROUGHULTRASONICSTUDIESINSILICODOCKINGANALYSIS,Levofloxacin,589.0,1.3351,10.1016/j.molliq.2016.10.051,CC1COC2=C3N1C=C(C(=O)C3=CC(=C2N4CCN(CC4)C)F)C(=O)O,1,0
380,11/15/2018,Applied Surface Science,GENERATIONLASERINDUCEDPERIODICSURFACESTRUCTURESLIPSSINFUSEDSILICABYSINGLENIRNANOSECONDLASERPULSEIRRADIATIONINCONFINEMENT,PDMS,589.0,1.39,10.1016/j.apsusc.2018.11.119,C[Si](C)(C)O[Si](C)(C)O[Si](C)(C)C,0,0
382,8/18/2009,Powder Technology,AREVIEWUNDERLYINGFUNDAMENTALSINAWETDISPERSIONSIZEANALYSISPOWDERS,n-Hexane,589.0,1.38,10.1016/j.powtec.2009.08.005,CCCCCC,1,0
384,1/10/2019,Journal of Luminescence,PHYSICALSTRUCTURALTHERMALSPECTROSCOPICINVESTIGATIONSM2O3DOPEDLABGLASSESFORORANGELED,Sm2O3,589.0,1.5408,10.1016/j.jlumin.2019.01.020,[O-2].[O-2].[O-2].[Sm+3].[Sm+3],1,0
385,1/1/2000,Journal of Analytical Atomic Spectrometry," Novel uses of lasers in atomic spectroscopyPresented at the 2000 Winter Conference on Plasma Spectrochemistry, Fort Lauderdale, FL, USA, January 10–15, 2000.. Plenary Lecture  ",hydrogen,589.0,3.0,10.1039/A910219L,[HH],2,1
386,8/2/2011,Energy & Environmental Science,Planar dye -sensitized photovoltaics through cavity mode enhancement  ,TiO2,589.0,2.0,10.1039/C1EE01578H,O=[Ti]=O,2,1
388,8/12/2018,Journal of Molecular Liquids,THERMOPHYSICALPROPERTIESIONICLIQUID1ETHYL3METHYLIMIDAZOLIUMETHYLSULFATEINORGANICSOLVENTSDILUTEREGION,1-Propanol,589.0,1.3831,10.1016/j.molliq.2018.08.059,CCCO,1,0
390,11/6/2010,Journal of Molecular Liquids,THERMOPHYSICALPROPERTIES1PROPYRONITRILE3HEXYLIMIDAZOLIUMBROMIDEMETHANOLTEMPERATURES2931532315K,Methanol,589.0,1.32647,10.1016/j.molliq.2010.11.001,CO,1,0
391,11/23/2013,Atmospheric Environment,ENHANCEMENTHYGROSCOPICITYPARAMETERKAPPARURALAEROSOLSINNORTHERNTAIWANBYANTHROPOGENICEMISSIONS,VOCs,589.0,1.43,10.1016/j.atmosenv.2013.11.032,[O-2].[V].[Cs+],2,0
392,12/11/2008,Sensors and Actuators A: Physical,MECHANICALDESIGNFABRICATIONMULTILAYERINDIUMPHOSPHIDEFREESTANDINGMICROSTRUCTURESFORAMOEMSMICROSPECTROMETER,InP,589.0,3.14,10.1016/j.sna.2008.11.028,P#[In],0,0
393,1/19/2017,Applied Surface Science,DILUENTCHANGESPHYSICOCHEMICALELECTROCHEMICALPROPERTIESELECTROPHORETICALLYDEPOSITEDLAYERSCARBONNANOTUBES,acetone,589.0,1.356,10.1016/j.apsusc.2017.01.146,CC(=O)C,0,0
394,10/1/2010,Chem. Soc. Rev.,Exploring catalytic solid/liquid interfaces by in situ attenuated total reflection infrared spectroscopy,Al2O3,589.0,1.7,10.1039/B919544K,[O-2].[O-2].[O-2].[Al+3].[Al+3],3,1
395,4/19/2002,Optics Communications,EMPIRICALRELATIONSHIPBETWEENLASERTHRESHOLDCHEMICALCOMPOSITIONLASERCRYSTALS,Ba2NaNb5O15,589.0,2.2573,10.1016/S0030-4018(02)01356-1,[O-][Nb]1(=O)O[Nb](=O)(O[Nb](=O)(O[Nb](=O)(O[Nb](=O)(O1)[O-])[O-])[O-])[O-].[Na+].[Ba+2].[Ba+2],1,0
397,9/28/2012,Ceramics International,INFLUENCECORROSIONMECHANICALLOADSADVANCEDCERAMICCOMPONENTS,alumina,589.0,1.624,10.1016/j.ceramint.2012.09.040,O=[Al]O[Al]=O,0,0
399,3/29/2011,Physical Chemistry Chemical Physics,Evaluation of a quantitative structure–property relationship ( QSPR ) for predicting mid-visible refractive index of secondary organic aerosol ( SOA ) ,4-Hydroxybenzaldehyde,589.0,1.571,10.1039/C0CP02270E,C1=CC(=CC=C1C=O)O,1,1
401,6/7/2006,Food and Chemical Toxicology,GENERATIONFORMALDEHYDEINCIGARETTESOVERVIEWRECENTEXPERIMENTS,Propionaldehyde,589.0,1.6,10.1016/j.fct.2006.05.017,CCC=O,1,0
402,4/7/2009,J. Mater. Chem.,Color from colorless nanomaterials: Bragg reflectors made of nanoparticles,Antimony,486.0,1.24,10.1039/B903229K,[Sb],0,1
403,4/11/2016,Journal of Taibah University for Science,QSARANALYSISTOXICITYPHENOLSTHIOPHENOLSUSINGMLRANN,phenol,589.0,1.568,10.1016/j.jtusci.2016.03.002,C1=CC=C(C=C1)O,0,0
404,1/26/2005,Materials Chemistry and Physics,MODELINGOPTICALABSORPTIONSILVERPROLATENANOPARTICLESEMBEDDEDINSOLGELGLASSES,silver,589.0,2.0,10.1016/j.matchemphys.2004.10.053,[Ag],0,0
406,7/22/2015,Fluid Phase Equilibria,EXPERIMENTALISOBARICVAPORLIQUIDEQUILIBRIUMSUBATMOSPHERICLOCALATMOSPHERICPRESSURESVOLUMETRICPROPERTIESMOLARREFRACTIVITY2931531315KWATERTRIETHYLENEGLYCOL,TEG,589.0,1.44913,10.1016/j.fluid.2015.07.030,C(COCCOCCO)O,0,0
409,11/5/2010,The Journal of Chemical Thermodynamics,THERMOPHYSICALPROPERTIESTWOIONICLIQUIDSBASEDBENZYLIMIDAZOLIUMCATION,CH3SO4,589.0,1.53408,10.1016/j.jct.2010.10.024,COS(=O)(=O)[O-],0,0
410,10/21/2014,Fluid Phase Equilibria,ACHEMICALSTRUCTUREBASEDMODELFORESTIMATIONREFRACTIVEINDICESORGANICCOMPOUNDS,Diphenyldiselenide,589.0,1.743,10.1016/j.fluid.2014.10.005,C1=CC=C(C=C1)[Se][Se]C2=CC=CC=C2,0,0
411,4/2/2011,Spectrochimica Acta Part A: Molecular and Biomolecular Spectroscopy,SOLVATOCHROMATICITYPHDEPENDENCEELECTRONICABSORPTIONSPECTRAPURINESPYRIMIDINESMETALCOMPLEXES,DMF,589.0,1.431,10.1016/j.saa.2011.03.029,CN(C)C=O,1,0
412,2/7/2007,Biomaterials,EFFECTSTREHALOSECLICKPOLYMERLENGTHPDNACOMPLEXSTABILITYDELIVERYEFFICACY,Tris,589.0,1.53,10.1016/j.biomaterials.2007.01.037,C(C(CO)(CO)N)O,0,0
413,6/12/2009,Journal of Nanoparticle Research,"Spectroscopic ellipsometry and polarimetry for materials and systems analysis at the nanometer scale: state-of-the-art, potential, and perspectives",SiO2,589.0,1.465,10.1007/s11051-009-9662-6,O=[Si]=O,2,2
416,7/10/2007,Ultramicroscopy,TREATINGRETARDATIONEFFECTSINVALENCEEELSSPECTRAFORKRAMERSKRONIGANALYSIS,hydrogen,589.0,1.9,10.1016/j.ultramic.2007.07.003,[HH],2,0
417,7/25/2008,Solar Energy Materials and Solar Cells,SELFCONSISTENTOPTICALPARAMETERSINTRINSICSILICON300KINCLUDINGTEMPERATURECOEFFICIENTS,silicon,610.0,3.918,10.1016/j.solmat.2008.06.009,[Si],0,0
418,10/20/2010,Journal of Non-Crystalline Solids,STRUCTURALOPTICALPROPERTIESTHINFILMSPREPAREDSURFACEMODIFIEDZRO2,ZrO2,589.0,1.549,10.1016/j.jnoncrysol.2010.09.034,O=[Zr]=O,0,0
420,10/29/2015,Journal of Materials Chemistry C,Solution processable amorphous hafnium silicate dielectrics and their application in oxide thin film transistors  ,HfO2,589.0,1.872,10.1039/C5TC02485D,O=[Hf]=O,1,1
421,7/8/2015,RSC Adv.,Light transfer from quantum-dot-doped polymer nanowires to silver nanowires,PVP,589.0,1.48,10.1039/C5RA11566C,C=CN1CCCC1=O,3,1
422,3/21/2013,Journal of the European Ceramic Society,DEPTHWIDTHCUREDLINESINPHOTOPOLYMERIZABLECERAMICSUSPENSIONS,Alumina,589.0,1.77,10.1016/j.jeurceramsoc.2013.02.033,O=[Al]O[Al]=O,0,0
423,9/7/2018,Soil and Tillage Research,SHALLABANDONSEDIMENTATIONMETHODSFORPARTICLESIZEANALYSISINSOILS,Calcite,589.0,1.74,10.1016/j.still.2018.08.018,C(=O)([O-])[O-].[Ca+2],1,0
424,3/3/2005,Chemical Geology,QUANTITATIVEASSESSMENTCHEMICALMINERALOGICALCHANGESDUEPROGRESSIVELOWTEMPERATUREALTERATIONEASTPACIFICRISEBASALTS09MA,Phillipsite,589.0,1.87,10.1016/j.chemgeo.2005.01.011,O.O.O.O.O.O.O.O.O.O.O.O.O.[O-][Si](=O)O[Si](=O)[O-].[Na].[Al].[K].[Ca],0,0
425,8/28/2015,Advanced Powder Technology,DISCOVERINGFEASIBILITYUSINGRADIATIONFORCESFORRECOVERINGRAREEARTHELEMENTSCOALPOWERPLANTBYPRODUCTS,Thulium,589.0,1.978,10.1016/j.apt.2015.08.004,[Tm],1,0
426,2/19/2016,Progress in Materials Science,NANOPOROUSPOLYMERICMATERIALSANEWCLASSMATERIALSENHANCEDPROPERTIES,alumina,589.0,1.2,10.1016/j.pmatsci.2016.02.002,O=[Al]O[Al]=O,2,0
427,3/29/2001,Polymer,MORPHOLOGYEVOLUTIONIMMISCIBLEPOLYMERBLENDSINCOMPLEXFLOWFIELDS,PDMS,589.0,1.406,10.1016/S0032-3861(01)00078-7,C[Si](C)(C)O[Si](C)(C)O[Si](C)(C)C,1,0
429,8/20/2008,Journal of Materials Chemistry,Preparation and properties of transparent bulk polymer nanocomposites with high nanophase contents ,ZnS,589.0,1.584,10.1039/B803237H,C(CC(=O)OP(=O)(O)O)C(=O)O,2,1
430,7/15/2013,Analyst,Potential of capillary electrophoresis with wavelength-resolved fluorescence detection for protein unfolding studies using β-lactoglobulin B as a test compound ,indole,589.0,5.0,10.1039/C3AN00357D,C1=CC=C2C(=C1)C=CN2,2,1
431,12/3/2010,Optical Materials,TRANSPARENTCERAMICSFORHIGHENERGYLASERSYSTEMS,silica,1060.0,1.45,10.1016/j.optmat.2010.10.038,O=[Si]=O,0,0
432,12/12/2011,J. Mater. Chem.,Selenophene-DPP donor–acceptor conjugated polymer for high performance ambipolar field effect transistor and nonvolatile memory applications,thiophene,589.0,1.53,10.1039/C1JM14640H,C1=CSC=C1,3,1
433,3/11/2015,Optics Communications,DESIGNPHOTONICCRYSTALBASEDRINGRESONATORFORDETECTIONDIFFERENTBLOODCONSTITUENTS,Glucose,589.0,1.4,10.1016/j.optcom.2015.03.015,C(C1C(C(C(C(O1)O)O)O)O)O,0,0
436,9/25/2003,Optics Communications,ABSORPTIONSPECTRAWIDEGAPSEMICONDUCTORSINTRANSPARENCYREGION,ZnS,589.0,2.4,10.1016/j.optcom.2003.09.044,C(CC(=O)OP(=O)(O)O)C(=O)O,0,0
437,7/5/2007,Atmospheric Environment,CHEMICALCOMPOSITIONCOMPLEXREFRACTIVEINDEXSAHARANMINERALDUSTIZANATENERIFESPAINDERIVEDBYELECTRONMICROSCOPY,Dolomite,589.0,1.62,10.1016/j.atmosenv.2007.06.047,C(=O)([O-])[O-].C(=O)([O-])[O-].[Mg+2].[Ca+2],1,0
438,11/5/2001,Applied Surface Science,REFRACTIVEINDEXPROFILESMEVPHOSPHORIONIMPLANTEDPLANARWAVEGUIDEINKTP,KTP,589.0,1.6386,10.1016/S0169-4332(01)00546-3,C1=CC=C2C=C(C=CC2=C1)C(=O)C(C3=CC=CC4=CC=CC=C43)P(=O)(O)O,0,0
439,12/29/2018,Journal of Industrial and Engineering Chemistry,IMPROVINGUNDERSTANDINGSOLVENTEFFECTSINTERMOLECULARINTERACTIONSINREACTIVELIQUIDLIQUIDEXTRACTIONISOTHERMALTITRATIONCALORIMETRYMOLECULARMODELING,Toluene,589.0,1.6,10.1016/j.jiec.2018.12.038,CC1=CC=CC=C1,0,0
441,10/22/2014,"Nuclear Instruments and Methods in Physics Research Section A: Accelerators, Spectrometers, Detectors and Associated Equipment",OPTICALCHARACTERISTICSPUREPOLYVINYLTOLUENEFORSCINTILLATIONAPPLICATIONS,C9H10,589.0,1.58,10.1016/j.nima.2014.10.018,CC1=CC=C(C=C1)C=C,0,0
442,10/21/2014,Fluid Phase Equilibria,ACHEMICALSTRUCTUREBASEDMODELFORESTIMATIONREFRACTIVEINDICESORGANICCOMPOUNDS,Anthracene,589.0,1.729,10.1016/j.fluid.2014.10.005,C1=CC=C2C=C3C=CC=CC3=CC2=C1,0,0
444,5/29/2013,Physical Chemistry Chemical Physics,Tuning the Förster overlap integral: energy transfer over 20 Ångstroms from a pyrene -based donor to borondipyrromethene (Bodipy)  ,TOL,589.0,1.497,10.1039/C3CP50173F,CN(CC(=O)O)C(=S)C1=CC=CC2=C1C=CC(=C2C(F)(F)F)OC,1,1
445,10/31/2017,Colloids and Surfaces A: Physicochemical and Engineering Aspects,Designing a transparent organogel layer with self-repairing property for the inhibition of marine biofouling,PDMS,589.0,1.405,10.1016/j.colsurfa.2017.10.079,C[Si](C)(C)O[Si](C)(C)O[Si](C)(C)C,3,0
446,8/29/2016,Optik,EFFICIENTSEMICONDUCTORGRATINGSOISTRUCTUREFORNANOPHOTONICAPPLICATION,GaAs,589.0,3.4084,10.1016/j.ijleo.2016.08.101,[Ga]#[As],1,0
447,2/3/2014,Chemical Engineering Science,DETERMINATIONFLOWREGIMEGASHOLDUPINGASLIQUIDSTIRREDTANKS,tip,589.0,1.15,10.1016/j.ces.2014.01.032,"CCC1C(C=C(C=CC(=O)C(CC(C(C(C(CC(=O)O1)O)C)OC2C(C(C(C(O2)C)O)N(C)C)O)CCN3CCCCC3)C)C)CN4CCCCC4
CCC1C(C=C(C=CC(=O)C(CC(C(C(C(CC(=O)O1)O)C)OC2C(C(C(C(O2)C)O)N(C)C)O)CCN3CCCCC3)C)C)CN4CCCCC4",2,0
449,7/16/2007,Computational Materials Science,MODELFORCALCULATINGREFRACTIVEINDEXAIIIVSEMICONDUCTOR,GaP,589.0,2.755,10.1016/j.commatsci.2007.05.023,"C(C(C=O)O)OP(=O)(O)O
C(C(C=O)O)OP(=O)(O)O
C(C(C=O)O)OP(=O)([O-])[O-]",1,0
450,7/28/2004,Surface and Coatings Technology,MECHANICALPROPERTIESADHESIONCHARACTERISTICSHYBRIDSOLGELTHINFILMS,TEOS,589.0,1.43,10.1016/j.surfcoat.2004.06.004,CCO[Si](OCC)(OCC)OCC,1,0
451,12/11/2002,Optical Materials,EQUIVALENCEBETWEENCLAUSIUSMOSSOTTIOPTICALELECTRONEGATIVITYRELATIONS,Ga2O3,589.0,2.47,10.1016/S0925-3467(02)00231-8,O=[Ga]O[Ga]=O,1,0
454,5/9/2008,Optical Materials,CORRELATIONBETWEENOPTICALELECTRONEGATIVITYREFRACTIVEINDEXTERNARYCHALCOPYRITESSEMICONDUCTORSINSULATORSOXIDESALKALIHALIDES,CdS,589.0,2.6,10.1016/j.optmat.2008.03.010,S=[Cd],1,0
456,7/29/2012,Journal of Molecular Liquids,DENSITIESVISCOSITIESREFRACTIVEINDICESEXCESSPROPERTIESANILINEOANISIDINE2ALKOXYETHANOLS30315K,o-Anisidine,589.0,1.4005,10.1016/j.molliq.2012.07.025,COC1=CC=CC=C1N,1,0
457,3/1/2004,Optics Communications,STIMULATEDSTOKESANTISTOKESRAMANSCATTERINGINLIQUIDACETONEABESSELBEAM,acetone,532.0,1.36212,10.1016/j.optcom.2004.02.047,CC(=O)C,0,0
458,9/20/2009,Fluid Phase Equilibria,PHYSICALPROPERTIESPHASEEQUILIBRIASYSTEMISOPROPYLACETATEISOPROPANOL1OCTYL3METHYLIMIDAZOLIUMBISTRIFLUOROMETHYLSULFONYLIMIDE,isopropylacetate,589.0,1.38621,10.1016/j.fluid.2009.09.015,"CC(C)CC(=O)[O-]
CC(C)CC(=O)O",0,0
459,5/8/2018,Construction and Building Materials,PREPARATIONBROADBANDANTIREFLECTIVECOATINGSULTRALOWREFRACTIVEINDEXLAYERBYSOLGELMETHOD,silicasol,589.0,1.13,10.1016/j.conbuildmat.2018.05.016,O[Si](O)(O)O,0,0
460,9/25/2015,Complementary Therapies in Clinical Practice,EFFECTSQUINCESYRUPCLINICALSYMPTOMSCHILDRENSYMPTOMATICGASTROESOPHAGEALREFLUXDISEASEADOUBLEBLINDRANDOMIZEDCONTROLLEDCLINICALTRIAL,Omeprazole,589.0,3.37,10.1016/j.ctcp.2015.09.005,CC1=CN=C(C(=C1OC)C)CS(=O)C2=NC3=C(N2)C=C(C=C3)OC,1,0
461,12/10/2002,European Polymer Journal,PHOTOACTIVELIQUIDPOLYSULFIDESPREPARATIONCHARACTERISATIONPHOTOCURINGPOTENTIALAPPLICATIONS,Thiol,589.0,5.0,10.1016/S0014-3057(02)00248-3,S,1,0
462,12/18/2000,Synthetic Metals,OPTICALPROPERTIESBARESINTEREDCOATEDOPALBASEDPHOTONICCRYSTALS,SiO2,589.0,1.5,10.1016/S0379-6779(00)00413-6,O=[Si]=O,2,0
463,1/6/2016,The Journal of Chemical Thermodynamics,PHYSICOCHEMICALPROPERTIES135TRIMETHYL135TRIS333TRIFLUOROPROPYLCYCLOTRISILOXANEVARIOUSAROMATICHYDROCARBONST3081532315K,nitrobenzene,589.0,1.36642,10.1016/j.jct.2015.12.025,C1=CC=C(C=C1)[N+](=O)[O-],1,0
465,1/26/2012,Journal of Molecular Liquids,SOLVENTEFFECTSABSORPTIONFLUORESCENCESPECTRACUIIPHTHALOCYANINEDFTCALCULATIONS,2-Propanol,589.0,1.377,10.1016/j.molliq.2012.01.008,CC(C)O,1,0
466,10/19/2005,The Journal of Chemical Thermodynamics,THERMOPHYSICALSTUDY14DIOXANECYCLOALKANEMIXTURES,Cyclohexane,589.0,1.42354,10.1016/j.jct.2005.09.004,C1CCCCC1,1,0
467,10/13/2016,Journal of Molecular Liquids,ASSESSMENTNONCOVALENTINTERACTIONBETWEENINSULINANTIBIOTICSINAQUEOUSSOLUTIONTHROUGHULTRASONICSTUDIESINSILICODOCKINGANALYSIS,Ciprofloxacin,589.0,1.2842,10.1016/j.molliq.2016.10.051,C1CC1N2C=C(C(=O)C3=CC(=C(C=C32)N4CCNCC4)F)C(=O)O,1,0
468,10/9/2017,Fuel,ROLEMETALHALIDESINCOKEFORMATIONDURINGBITUMENUPGRADING,CoBr2,589.0,1.6125,10.1016/j.fuel.2017.09.052,[Co](Br)Br,1,0
469,11/7/2007,The Journal of Chemical Thermodynamics,EXCESSMOLARVOLUMESOCTANEBENZENETOLUENE13XYLENE135TRIMETHYLBENZENETEMPERATURESBETWEEN2981532815K,"1,3-Xylene",589.0,1.4945,10.1016/j.jct.2007.10.010,CC1=CC(=CC=C1)C,1,0
470,3/16/2004,Fluid Phase Equilibria,ACTIVITYCOEFFICIENTSNAFINAQUEOUSMIXTURESINCREASINGCOSOLVENTETHYLENECARBONATEWATERMIXTURES29815K,Methanol,589.0,1.3265,10.1016/j.fluid.2004.01.029,CO,0,0
472,7/27/2007,Chemical Society Reviews,Functional inorganic nanofillers for transparent polymers ,InP,589.0,4.4,10.1039/B608177K,P#[In],1,1
473,4/30/2016,Journal of Molecular Liquids,ULTRASONICSPEEDSVISCOSITIESREFRACTIVEINDICESFTIRSPECTROSCOPICSTUDIESOXYGENATEALIPHATICAROMATICHYDROCARBONS29815K30815K,1-Propanol,589.0,1.481,10.1016/j.molliq.2016.04.011,CCCO,1,0
474,2/7/2015,Journal of Alloys and Compounds,LOWTEMPERATURESYNTHESISCHARACTERIZATIONSNDOPEDSB2S3THINFILMFORSOLARCELLAPPLICATIONS,Sb2S3,589.0,4.53,10.1016/j.jallcom.2015.01.307,S=[Sb]S[Sb]=S,0,0
475,12/13/2012,Thin Solid Films,SIZRCNBASEDHYDROPHOBICPLASMAPOLYMERMEMBRANESFORSMALLGASMOLECULESEPARATION,nitrogen,589.0,1.76,10.1016/j.tsf.2012.12.004,N#N,0,0
476,12/11/2015,Journal of Nanoparticle Research,End-to-end self-assembly of gold nanorods in isopropanol solution: experimental and theoretical studies,CTAB,589.0,1.449,10.1007/s11051-015-3285-x,CCCCCCCCCCCCCCCC[N+](C)(C)C.[Br-],2,2
477,12/30/2015,Journal of Pharmaceutical Sciences,UTILIZINGDYNAMICLIGHTSCATTERINGAPROCESSANALYTICALTECHNOLOGYFORPROTEINFOLDINGAGGREGATIONMONITORINGINVACCINEMANUFACTURING,Urea,589.0,1.372,10.1002/jps.23746,C(=O)(N)N,0,0
479,3/16/2015,The Journal of Chemical Thermodynamics,VOLUMETRICACOUSTICREFRACTOMETRICPROPERTIESTHIOPHENEHEXANECYCLOHEXANESOLUTIONSINPRESENCEIMIDAZOLIUMBASEDIONICLIQUIDST29815K,thiophene,589.0,1.3759,10.1016/j.jct.2015.03.004,C1=CSC=C1,0,0
481,11/19/2015,The Journal of Chemical Thermodynamics,VOLUMETRICPROPERTIES1BUTYL3METHYLIMIDAZOLIUMTETRAFLUOROBORATE2PYRROLIDONET2981532315KATMOSPHERICPRESSURE,1-Butyl-3-methylimidazolium tetrafluoroborate,589.0,1.4142,10.1016/j.jct.2015.11.009,[B-](F)(F)(F)F.CCCCN1C=C[N+](=C1)C,1,0
484,12/30/2015,Journal of Pharmaceutical Sciences,UTILIZINGDYNAMICLIGHTSCATTERINGAPROCESSANALYTICALTECHNOLOGYFORPROTEINFOLDINGAGGREGATIONMONITORINGINVACCINEMANUFACTURING,Urea,589.0,1.387,10.1002/jps.23746,C(=O)(N)N,0,0
487,7/2/2013,International Journal of Greenhouse Gas Control,THERMODYNAMICPROMOTIONCARBONDIOXIDECLATHRATEHYDRATEFORMATIONBYTETRAHYDROFURANCYCLOPENTANEMIXTURES,THF,589.0,1.365206,10.1016/j.ijggc.2013.05.022,C1CCOC1,0,0
488,5/29/2015,Journal of Molecular Liquids,THERMODYNAMICSTUDYASPIRININPRESENCEIONICLIQUID1HEXYL3METHYLIMIDAZOLIUMBROMIDEINACETONITRILET2881531815K,MeCN,589.0,1.3583,10.1016/j.molliq.2015.05.032,CC#N,0,0
489,10/15/2018,Journal of Molecular Liquids,TAUTOMERISMSOLVATOCHROMISMPREFERENTIALSOLVATIONDENSITYFUNCTIONALSTUDYHETEROARYLAZODYES,n-Heptane,589.0,1.39,10.1016/j.molliq.2018.10.054,CCCCCCC,0,0
490,5/28/2016,Journal of Molecular Liquids,MOLECULARINTERACTIONSINSILICONERUBBERNANOHYDROXYLAPATITESYSTEMINSOLUTIONPHASEPROBEDBYULTRASONICTECHNIQUE,Toluene,589.0,1.504,10.1016/j.molliq.2016.05.086,CC1=CC=CC=C1,1,0
494,11/4/2013,Journal of Quantitative Spectroscopy and Radiative Transfer,WHITELIGHTGENERATIONDY3DOPEDTELLURITEGLASS,Dy2O3,589.0,2.1996,10.1016/j.jqsrt.2013.10.013,[O-2].[O-2].[O-2].[Dy+3].[Dy+3],0,0
495,10/2/2011,Dyes and Pigments,SOLVATOCHROMISMTAUTOMERISMDICHROISMAZOQUINOLINEDYESINLIQUIDSLIQUIDCRYSTALS,Benzonitrile,589.0,1.5282,10.1016/j.dyepig.2011.09.021,C1=CC=C(C=C1)C#N,0,0
496,7/6/2016,Physical Chemistry Chemical Physics,Characterization of dimethylsulfoxide/glycerol mixtures: a binary solvent system for the study of “friction-dependent” chemical reactivity  ,DMSO,589.0,1.4793,10.1039/C6CP02997C,CS(=O)C,1,1
497,4/23/2018,Optical Fiber Technology,GRAPHENEENHANCEDOPTICALFIBERSPRSENSORFORLIQUIDCONCENTRATIONMEASUREMENT,NaCl,589.0,1.3411,10.1016/j.yofte.2018.04.007,[Na+].[Cl-],0,0
500,4/30/2016,Journal of Molecular Liquids,ULTRASONICSPEEDSVISCOSITIESREFRACTIVEINDICESFTIRSPECTROSCOPICSTUDIESOXYGENATEALIPHATICAROMATICHYDROCARBONS29815K30815K,1-Propanol,589.0,1.428,10.1016/j.molliq.2016.04.011,CCCO,1,0
501,9/26/2011,New Journal of Chemistry,High quality nano-patterned thin films of the coordination compound {Fe(pyrazine)[Pt(CN) 4 ]} deposited layer-by-layer   ,BK7,589.0,1.5189,10.1039/C1NJ20212J,CCOC1=CC2=C(C=C1)C=C(C=C2)C3=NN(C4=NC=NC(=C34)N)CC5CCNCC5,1,1
505,12/3/2003,Fluid Phase Equilibria,ACOUSTICVOLUMETRICCOMPRESSIBILITYREFRACTIVITYPROPERTIESREDUCTIONPARAMETERSFORERASFLORYMODELSHOMOLOGOUSSERIESAMINES2981532815K,Hexylamine,589.0,1.4138,10.1016/j.fluid.2003.09.007,CCCCCCN,1,0
506,7/6/2011,Physical Chemistry Chemical Physics,Influence of excited state aromaticity in the lowest excited singlet states of fulvene derivatives  ,n-Heptane,589.0,1.388,10.1039/C0CP02821E,CCCCCCC,1,1
507,2/27/2003,Physical Chemistry Chemical Physics,Tricriticality in the ternary system 3-methylpyridine / water /NaBr? The coexistence curves ,NaBr,589.0,1.39884,10.1039/B212337A,[Na+].[Br-],1,1
509,4/12/2014,AGE,Effects of acute bouts of endurance exercise on retinal vessel diameters are age and intensity dependent,VO2,589.0,3.6,10.1007/s11357-014-9650-3,O=[V]=O,1,2
511,11/27/2017,New J. Chem.,A saccharinate-bridged palladacyclic dimer with a Pd–Pd bond: experimental and molecular docking studies of the interaction with DNA and BSA and <i>in vitro</i> cytotoxicity against human cancer cell lines,Digoxin,589.0,1.2,10.1039/C7NJ03138F,CC1C(C(CC(O1)OC2C(OC(CC2O)OC3C(OC(CC3O)OC4CCC5(C(C4)CCC6C5CC(C7(C6(CCC7C8=CC(=O)OC8)O)C)O)C)C)C)O)O,0,1
513,2/8/2019,Renewable Energy,OPTIMIZATIONMICROWAVEASSISTEDACCELERATEDTRANSESTERIFICATIONINEDIBLEOLIVEOILFORBIODIESELPRODUCTION,Methanol,589.0,1.4567,10.1016/j.renene.2019.02.017,CO,0,0
514,2/1/2010,Journal of Materials Chemistry,Study of natural photonic crystals in beetle scales and their conversion into inorganic structures via a sol–gel bio-templating route  ,titanium dioxide,589.0,3.0,10.1039/B913217A,O=[Ti]=O,2,1
517,6/20/2011,Journal of Magnetic Resonance,MODIFICATIONENCAPSULATIONPRESSUREREVERSEMICELLESINLIQUIDETHANE,Valeronitrile,589.0,1.397,10.1016/j.jmr.2011.06.010,CCCCC#N,1,0
518,12/4/2000,Lithos,FLUIDINCLUSIONPETROGRAPHY,Anhydrite,589.0,1.59,10.1016/S0024-4937(00)00037-2,[O-]S(=O)(=O)[O-].[Ca+2],1,0
519,8/13/2018,Results in Physics,TELIKEMODEANALYSISMICROSYSTEMINGAASPINPSEMICONDUCTORRESONATORGENERATING20GHZREPETITIONRATEPULSETRAINS,InP,589.0,3.31,10.1016/j.rinp.2018.08.006,P#[In],0,0
522,7/2/2013,International Journal of Greenhouse Gas Control,THERMODYNAMICPROMOTIONCARBONDIOXIDECLATHRATEHYDRATEFORMATIONBYTETRAHYDROFURANCYCLOPENTANEMIXTURES,THF,589.0,1.333,10.1016/j.ijggc.2013.05.022,C1CCOC1,0,0
524,1/30/2006,Materials Science and Engineering: B,ORIENTATIONMGOTHINFILMSGROWNBYPULSEDLASERDEPOSITION,MgO,589.0,1.735,10.1016/j.mseb.2005.12.026,O=[Mg],2,0
526,12/4/2000,Lithos,FLUIDINCLUSIONPETROGRAPHY,Strontianite,589.0,1.595,10.1016/S0024-4937(00)00037-2,C(=O)([O-])[O-].[Sr+2],1,0
527,2/2/2019,Optical Materials,LUMINESCENCEPROPERTIESCE3DOPEDOXYFLUORIDEALUMINOSILICATEGLASSGLASSCERAMICS,BaF2,589.0,1.455,10.1016/j.optmat.2019.01.018,[F-].[F-].[Ba+2],2,0
529,11/19/2009,Separation and Purification Technology,CHEMOMETRICMETHODSFORDESCRIPTIONANALYSISMEMBRANEPHENOMENAIEFFECTORGANICSOLVENTPERTRACTIONBENZOICACID,Heptane,589.0,1.3877,10.1016/j.seppur.2009.11.011,CCCCCCC,1,0
534,1/6/2016,The Journal of Chemical Thermodynamics,PHYSICOCHEMICALPROPERTIES135TRIMETHYL135TRIS333TRIFLUOROPROPYLCYCLOTRISILOXANEVARIOUSAROMATICHYDROCARBONST3081532315K,nitrobenzene,589.0,1.42695,10.1016/j.jct.2015.12.025,C1=CC=C(C=C1)[N+](=O)[O-],1,0
536,3/25/2019,Food Chemistry,BINDINGAROMACOMPOUNDSSOYPROTEINISOLATEINAQUEOUSMODELEFFECTPREHEATTREATMENTSOYPROTEINISOLATE,Geraniol,589.0,1.5,10.1016/j.foodchem.2019.03.126,CC(=CCCC(=CCO)C)C,0,0
537,6/7/2006,Food and Chemical Toxicology,GENERATIONFORMALDEHYDEINCIGARETTESOVERVIEWRECENTEXPERIMENTS,Acrolein,589.0,4.33,10.1016/j.fct.2006.05.017,C=CC=O,1,0
538,3/23/2011,Journal of Molecular Liquids,GROUNDEXCITEDSTATEDIPOLEMOMENTSDANSYLAMIDESOLVATOCHROMICSHIFTSABSORPTIONFLUORESCENCESPECTRA,Hexanol,589.0,1.4178,10.1016/j.molliq.2011.03.008,CCCCCCO,1,0
539,3/27/2012,Journal of Industrial and Engineering Chemistry,TOPOLOGICALSTUDIESMOLECULARINTERACTIONSFORMAMIDEPROPANOLBUTANOL29815K,2-Methyl-2-propanol,589.0,1.3852,10.1016/j.jiec.2012.03.011,CC(C)(C)O,1,0
540,5/4/2001,Sensors and Actuators B: Chemical,OPTICALFIBERSENSORFORDETERMININGWATERCONTENTINORGANICSOLVENTS,n-Hexane,538.0,1.3749,10.1016/S0925-4005(00)00740-1,CCCCCC,0,0
541,12/19/2000,Ceramics International,DISPERSIONBEHAVIORSICNNANOPOWDERSINORGANICLIQUIDS,Benzaldehyde,589.0,1.5463,10.1016/S0272-8842(00)00044-4,C1=CC=C(C=C1)C=O,1,0
543,6/13/2007,Fuel Processing Technology,ALTERNATEUSEHEAVYHYDROTREATMENTVISBREAKERNAPHTHASBYINCORPORATIONDIESEL,sulfur,589.0,1.5,10.1016/j.fuproc.2007.04.013,[S],2,0
544,10/22/2018,Materials Science for Energy Technologies,REDDISHORANGEBLUETUNABLEEMISSIONRAREEARTHDIKETONATEEUTTA3DPPHENCOMPLEXFORSOLIDSTATELIGHTINGAPPLICATIONS,Chloroform,589.0,1.4458,10.1016/j.mset.2018.10.006,C(Cl)(Cl)Cl,1,0
546,8/5/2013,RSC Advances,Testing selected optimal descriptors with artificial neural networks ,o-Xylene,589.0,1.505,10.1039/C3RA41435C,CC1=CC=CC=C1C,1,1
547,5/27/2010,Thin Solid Films,CORRELATIONBETWEENSTRUCTURALOPTOELECTRONICPROPERTIESASI1XCXHFILMSDEPOSITEDBYPLASMAENHANCEDCHEMICALVAPOURDEPOSITION,Methane,589.0,2.63,10.1016/j.tsf.2010.05.089,C,0,0
548,5/29/2015,Journal of Molecular Liquids,THERMODYNAMICSTUDYASPIRININPRESENCEIONICLIQUID1HEXYL3METHYLIMIDAZOLIUMBROMIDEINACETONITRILET2881531815K,MeCN,589.0,1.3455,10.1016/j.molliq.2015.05.032,CC#N,0,0
549,2/28/2003,Phys. Chem. Chem. Phys.,Tricriticality in the ternary system 3-methylpyridine/water/NaBr? The coexistence curves,NaBr,589.0,1.39168,10.1039/B212337A,[Na+].[Br-],0,1
550,1/6/2016,The Journal of Chemical Thermodynamics,PHYSICOCHEMICALPROPERTIES135TRIMETHYL135TRIS333TRIFLUOROPROPYLCYCLOTRISILOXANEVARIOUSAROMATICHYDROCARBONST3081532315K,nitrobenzene,589.0,1.41796,10.1016/j.jct.2015.12.025,C1=CC=C(C=C1)[N+](=O)[O-],1,0
551,2/6/2018,Journal of Luminescence,PHOTOPHYSICALBEHAVIORTHYMOLBASEDSCHIFFBASESUSINGABSORPTIONFLUORESCENCESPECTROSCOPY,Chloroform,589.0,1.4459,10.1016/j.jlumin.2018.02.007,C(Cl)(Cl)Cl,0,0
552,11/21/2018,Industrial Crops and Products,CHEMICALCHARACTERISTICSCOMPOSITIONSREDPEPPERSEEDOILSEXTRACTEDBYDIFFERENTMETHODS,CO2,589.0,1.46702,10.1016/j.indcrop.2018.11.030,C(=O)=O,0,0
553,9/26/2015,Ophthalmology,COMPARATIVEEFFECTIVENESSTHREEPROPHYLACTICSTRATEGIESPREVENTCLINICALMACULAREDEMAAFTERPHACOEMULSIFICATIONSURGERY,Triamcinolone acetonide,589.0,4.4,10.1016/j.ophtha.2015.08.024,CC1(OC2CC3C4CCC5=CC(=O)C=CC5(C4(C(CC3(C2(O1)C(=O)CO)C)O)F)C)C,1,0
554,6/7/2007,Fuel Processing Technology,SEPARATIONDIFFERENTPARAFFINWAXGRADESUSINGTWOCOMPARATIVEDEOILINGTECHNIQUES,Butyl acetate,589.0,1.4329,10.1016/j.fuproc.2007.04.011,CCCCOC(=O)C,1,0
555,11/8/2018,Journal of Non-Crystalline Solids,RAMANPHOTOLUMINESCENCESTUDIESEUROPIUMDOPEDZINCFLUOROPHOSPHATEGLASSESFORPHOTONICAPPLICATIONS,NaBE,589.0,1.58,10.1016/j.jnoncrysol.2018.10.035,C1=CC=C(C=C1)COC(=O)C(CCCN=C(N)N[N+](=O)[O-])N,0,0
556,10/13/2016,Journal of Molecular Liquids,ASSESSMENTNONCOVALENTINTERACTIONBETWEENINSULINANTIBIOTICSINAQUEOUSSOLUTIONTHROUGHULTRASONICSTUDIESINSILICODOCKINGANALYSIS,Cefpodoxime,589.0,1.3362,10.1016/j.molliq.2016.10.051,COCC1=C(N2C(C(C2=O)NC(=O)C(=NOC)C3=CSC(=N3)N)SC1)C(=O)O,1,0
558,3/7/2006,New Journal of Chemistry,Neoteric optical media for refractive index determination of gems and minerals ,sulfur,589.0,1.78,10.1039/B513451J,[S],2,1
559,9/20/2011,RSC Advances,Adsorption of proteins to thin-films of PDMS and its effect on the adhesion of human endothelial cells  ,PDMS,589.0,3.0,10.1039/C1RA00198A,C[Si](C)(C)O[Si](C)(C)O[Si](C)(C)C,2,1
560,1/14/2009,Optics and Lasers in Engineering,AHIGHPRECISIONMEASUREMENTTECHNIQUEFOREVALUATINGALCOHOLCONCENTRATIONSUSINGOPTICALMETROLOGYSYSTEMBASEDAPOSITIONSENSINGDETECTOR,Alcohol,589.0,1.35793,10.1016/j.optlaseng.2008.09.005,CCO,0,0
562,11/1/2007,Current Applied Physics,ACOMPARATIVEMORPHOLOGICALSTUDYELECTRONBEAMCODEPOSITEDBINARYOPTICALTHINFILMSHFO2SIO2ZRO2SIO2,ZrO2,550.0,2.018,10.1016/j.cap.2007.10.061,O=[Zr]=O,0,0
563,2/18/1999,Thin Solid Films,OPTICALSENSINGAROMATICHYDROCARBONSUSINGLANGMUIRBLODGETTFILMSASCHIFFBASECOORDINATIONPOLYMER,Ethanol,589.0,1.359,10.1016/S0040-6090(98)00751-2,CCO,0,0
565,1/25/2016,Optical Materials,OPTICALELECTRONICPROPERTIESSEMICONDUCTORSENERGYGAPS,CdS,589.0,2.63,10.1016/j.optmat.2016.01.012,S=[Cd],0,0
566,11/15/2002,Materials Science and Engineering: C,STMINDUCEDPHOTONEMISSIONSOLIDLIQUIDINTERFACE,Dodecan-4-ol,589.0,1.44,10.1016/S0928-4931(02)00253-9,CCCCCCCCC(CCC)O,0,0
569,10/27/2015,New J. Chem.,Synthesis and optical–electrochemical gas sensing applications of Ni-doped LiFePO<sub>4</sub> nano-particles,LiFePO4,589.0,1.88,10.1039/C5NJ02018B,[Li+].[O-]P(=O)([O-])[O-].[Fe+2],3,1
570,1/21/2003,Solar Energy Materials and Solar Cells,Texturisation of multicrystalline silicon wafers for solar cells by reactive ion etching through colloidal masks,SiN,589.0,2.3,10.1016/S0927-0248(02)00214-3,C(CC(=O)O)C(=O)O,3,0
571,2/27/2003,Physical Chemistry Chemical Physics,Tricriticality in the ternary system 3-methylpyridine / water /NaBr? The coexistence curves ,NaBr,589.0,1.40966,10.1039/B212337A,[Na+].[Br-],1,1
572,5/9/2008,Optical Materials,CORRELATIONBETWEENOPTICALELECTRONEGATIVITYREFRACTIVEINDEXTERNARYCHALCOPYRITESSEMICONDUCTORSINSULATORSOXIDESALKALIHALIDES,GaSb,589.0,3.58,10.1016/j.optmat.2008.03.010,[Ga+3].[Sb],1,0
573,3/29/2011,Physical Chemistry Chemical Physics,Evaluation of a quantitative structure–property relationship ( QSPR ) for predicting mid-visible refractive index of secondary organic aerosol ( SOA ) ,2-Ethyl-1-butene,589.0,1.401,10.1039/C0CP02270E,CCC(=C)CC,1,1
574,9/13/1999,Journal of Alloys and Compounds,GROWTHOPTICALPROPERTIESREDOPEDBULKFIBERSINGLECRYSTALSBYCZOCHRALSKIMICROPULLINGDOWNMETHODS,MgCO3,589.0,1.509,10.1016/S0925-8388(98)00420-4,C(=O)([O-])[O-].[Mg+2],1,0
575,3/28/2014,Journal of Luminescence,5679TETRAHYDRO13DIOXOLO45HCARBAZOL8ONEASOLVATOCHROMICPETACCEPTORFLUORESCENTPROBE,MTBE,589.0,1.369,10.1016/j.jlumin.2014.03.046,CC(C)(C)OC,0,0
577,1/18/2009,Journal of the Taiwan Institute of Chemical Engineers,SEPARATIONFORMULATIONULTRAPURELIQUIDPETROLATUMEGYPTIANPETROLEUMWAXYBYPRODUCT,MTBE,589.0,1.4342,10.1016/j.jtice.2008.11.001,CC(C)(C)OC,0,0
579,2/14/2004,Thin Solid Films,Growth of titanium silicate thin films by photo-induced chemical vapor deposition,SiO2,589.0,1.54,10.1016/j.tsf.2003.11.093,O=[Si]=O,3,0
580,2/3/2011,Journal of Luminescence,SYSTEMATICSTUDYRELATIONSHIPSBETWEENENERGYLEVELSTL01TL2CENTERSCRYSTALLINEENVIRONMENT,RbCl,589.0,1.49,10.1016/j.jlumin.2011.01.007,[Cl-].[Rb+],0,0
581,4/16/2009,Journal of Molecular Liquids,ASTUDYDIELECTRICPROPERTIESREFRACTIVEINDICESANILINEBENZENETOLUENEOXYLENEPXYLENE29815K,Benzene,589.0,1.1251,10.1016/j.molliq.2009.04.002,C1=CC=CC=C1,1,0
582,8/22/2006,Journal of Luminescence,FLUORESCENCESOLVATOCHROMISMAMEROCYANINEDYEAHIGHQUADRATICPOLARIZABILITYINSOLUTIONSPOLYMERFILMS,n-hexane,589.0,1.3749,10.1016/j.jlumin.2006.07.001,CCCCCC,1,0
583,8/17/2007,Journal of Molecular Liquids,STUDIESELECTRICALMOMENTTHERMODYNAMICPROPERTIESWATERINORGANICSOLVENTS29815K,Benzene,589.0,1.498,10.1016/j.molliq.2007.03.014,C1=CC=CC=C1,1,0
584,9/21/2018,Thin Solid Films,ANATASEPHASEEVOLUTIONSTABILIZATIONINIONBEAMSPUTTEREDTIO2THINFILMS,TiO2,550.0,2.3,10.1016/j.tsf.2018.09.038,O=[Ti]=O,0,0
587,8/25/2017,Materials Research Bulletin,CDCL2TREATMENTCONCENTRATIONEVOLUTIONPHYSICALPROPERTIESCORRELATIONSURFACEMORPHOLOGYCDTETHINFILMSFORSOLARCELLS,CdCl2,589.0,2.49,10.1016/j.materresbull.2017.08.038,Cl[Cd]Cl,1,0
588,2/20/2018,Dalton Transactions,Exploring the optical properties of Vernier phase yttrium oxyfluoride thin films grown by pulsed liquid injection MOCVD ,YF3,589.0,4.0,10.1039/C7DT04359G,F[Y](F)F,2,1
589,7/26/2016,Dental Materials,EFFECTCOMBININGPHOTOINITIATORSYSTEMSCOLORCURINGPROFILERESINBASEDCOMPOSITES,silica,589.0,1.535,10.1016/j.dental.2016.06.010,O=[Si]=O,1,0
590,8/8/2003,Thermochimica Acta,ACOUSTICVOLUMETRICCOMPRESSIBILITYREFRACTIVITYPROPERTIESFLORYSREDUCTIONPARAMETERSHOMOLOGOUSSERIESALKYLALKANOATES2981533315K,Ethylpropionate,589.0,1.3791,10.1016/S0040-6031(03)00368-X,CCC(=O)OCC,0,0
591,1/16/2019,Food Research International,OVERVIEWPHYSICOCHEMICALCHARACTERISTICSHEALTHPROMOTINGPROPERTIESHONEYDEWHONEY,Taxifolin,589.0,3.0,10.1016/j.foodres.2019.01.028,C1=CC(=C(C=C1C2C(C(=O)C3=C(C=C(C=C3O2)O)O)O)O)O,1,0
593,7/1/2005,International Dairy Journal,STRUCTURESURFACEPROPERTIESSERUMHEATINDUCEDPROTEINAGGREGATESISOLATEDHEATEDSKIMMILK,toluene,589.0,2.79,10.1016/j.idairyj.2005.04.001,CC1=CC=CC=C1,2,0
595,5/4/2001,Sensors and Actuators B: Chemical,OPTICALFIBERSENSORFORDETERMININGWATERCONTENTINORGANICSOLVENTS,Toluene,510.0,1.4961,10.1016/S0925-4005(00)00740-1,CC1=CC=CC=C1,0,0
596,1/25/2016,Fuel,PHYSICOCHEMICALPROPERTIESFUELCHARACTERISTICSOXYMETHYLENEDIALKYLETHERS,n-tridecane,589.0,1.426,10.1016/j.fuel.2016.01.060,CCCCCCCCCCCCC,1,0
597,2/28/2017,The Journal of Chemical Thermodynamics,THERMODYNAMICBEHAVIORETHANOLBUTYLPYRIDINIUMTETRAFLUOROBORATEBINARYSOLUTIONINCRITICALREGION,Ethanol,589.0,1.3595,10.1016/j.jct.2017.02.014,CCO,1,0
598,12/18/2015,Fluid Phase Equilibria,AQUEOUSTWOPHASESYSTEMPOLYETHYLENEGLYCOL4000FERROUSSULFATEDIFFERENTTEMPERATURES,FeSO4,589.0,1.3424,10.1016/j.fluid.2015.12.014,[O-]S(=O)(=O)[O-].[Fe+2],0,0
602,9/19/2008,The Journal of Chemical Thermodynamics,MIXINGPROPERTIESTRIS2HYDROXYETHYLMETHYLAMONIUMMETHYLSULFATEWATERMETHANOL29815KDATATREATMENTUSINGSEVERALCORRELATIONEQUATIONS,methanol,589.0,1.46565,10.1016/j.jct.2008.09.009,CO,0,0
603,1/25/2016,Fuel,PHYSICOCHEMICALPROPERTIESFUELCHARACTERISTICSOXYMETHYLENEDIALKYLETHERS,n-undecane,589.0,1.416,10.1016/j.fuel.2016.01.060,CCCCCCCCCCC,0,0
604,4/21/2012,The Journal of Chemical Thermodynamics,APPLICATIONHMIMNTF2HMIMTFOBMIMTFOIONICLIQUIDSEXTRACTIONTOLUENEALKANESEFFECTANIONALKYLCHAINLENGTHCATIONLLE,Heptane,589.0,5.174,10.1016/j.jct.2012.04.015,CCCCCCC,0,0
606,11/26/2014,Fuel,MEASUREMENTCORRELATIONPREDICTIONBIODIESELBLENDSVISCOSITY,benzene,589.0,1.4644,10.1016/j.fuel.2014.11.041,C1=CC=CC=C1,1,0
607,12/30/2015,Sensors and Actuators B: Chemical,THINFILMSFLUORINATED3DMETALPHTHALOCYANINESCHEMICALSENSORSAMMONIAOPTICALSPECTROSCOPYSTUDY,NH3,589.0,2.5,10.1016/j.snb.2015.12.079,N,1,0
608,5/9/2008,Optical Materials,CORRELATIONBETWEENOPTICALELECTRONEGATIVITYREFRACTIVEINDEXTERNARYCHALCOPYRITESSEMICONDUCTORSINSULATORSOXIDESALKALIHALIDES,SiC,589.0,2.36,10.1016/j.optmat.2008.03.010,[C-]#[Si+],1,0
610,10/28/2018,Additive Manufacturing,PHOTOPOLYMERFORMULATIONMINIMIZEFEATURESIZESURFACEROUGHNESSSTAIRSTEPPINGINDIGITALLIGHTPROCESSINGBASEDTHREEDIMENSIONALPRINTING,TETA,589.0,1.471,10.1016/j.addma.2018.10.037,"C(CNCCNCCN)N
C(CNCCNCCN)N.Cl.Cl",1,0
611,7/10/2017,The Journal of Chemical Thermodynamics,LIQUIDLIQUIDEQUILIBRIUMHEATCAPACITYMEASUREMENTSBINARYSOLUTIONETHANOL1BUTYL3METHYLIMIDAZOLIUMHEXAFLUOROPHOSPHATE,ethanol,632.8,1.3975,10.1016/j.jct.2017.07.014,CCO,0,0
612,8/5/2013,RSC Advances,Testing selected optimal descriptors with artificial neural networks ,Morpholine,589.0,1.457,10.1039/C3RA41435C,C1COCCN1,1,1
613,9/28/2012,Ceramics International,INFLUENCECORROSIONMECHANICALLOADSADVANCEDCERAMICCOMPONENTS,alumina,589.0,1.583,10.1016/j.ceramint.2012.09.040,O=[Al]O[Al]=O,0,0
614,9/19/2018,The Journal of Chemical Thermodynamics,VOLUMETRICREFRACTIVEPROPERTIES1357TETRAVINYL1357TETRAMETHYLCYCLOTETRASILOXANEMETHOXYBENZENECHLOROBENZENETERTBUTYLBENZENENITROBENZENET2981531815K,methoxybenzene,589.0,1.48362,10.1016/j.jct.2018.09.021,COC1=CC=CC=C1,1,0
616,6/7/2007,Fuel Processing Technology,SEPARATIONDIFFERENTPARAFFINWAXGRADESUSINGTWOCOMPARATIVEDEOILINGTECHNIQUES,Ethyl acetate,589.0,1.4245,10.1016/j.fuproc.2007.04.011,CCOC(=O)C,1,0
617,1/5/2011,Materials Chemistry and Physics,INFLUENCEO2PARTIALPRESSUREGROWTHNANOSTRUCTUREDANATASEPHASETIO2THINFILMSPREPAREDBYDCREACTIVEMAGNETRONSPUTTERING,TiO2,589.0,1.75,10.1016/j.matchemphys.2010.12.008,O=[Ti]=O,2,0
619,10/13/2016,Journal of Molecular Liquids,ASSESSMENTNONCOVALENTINTERACTIONBETWEENINSULINANTIBIOTICSINAQUEOUSSOLUTIONTHROUGHULTRASONICSTUDIESINSILICODOCKINGANALYSIS,Cefpodoxime,589.0,3.7489,10.1016/j.molliq.2016.10.051,COCC1=C(N2C(C(C2=O)NC(=O)C(=NOC)C3=CSC(=N3)N)SC1)C(=O)O,1,0
620,8/21/2009,Journal of Colloid and Interface Science,SPECTRALPARAMETERSHAMAKERCONSTANTSSILICONHYDRIDECOMPOUNDSORGANICSOLVENTS,SiO2,589.0,1.5165,10.1016/j.jcis.2009.08.028,O=[Si]=O,0,0
622,5/29/2018,Journal of Luminescence,Spectroscopy and Judd-Ofelt analysis of Er3+ ions in Li5La3Nb2O12 garnet-type ceramic powder,niobium,589.0,1.998,10.1016/j.jlumin.2018.05.068,[Nb],3,0
623,8/17/2015,Chemical Physics Letters,FEMTOSECONDDYNAMICSPHOTOINDUCEDCISTRANSISOMERIZATIONETHYL31HINDOLE3YLACRYLATE,Acetonitrile,383.5,1.3441,10.1016/j.cplett.2015.08.025,CC#N,0,0
624,11/6/2009,Vibrational Spectroscopy,VIBRATIONALOVERTONESPECTRAINTERACTIONSC2H4H2CCHCH3INLIQUIDKR,C2H6,589.0,5.01,10.1016/j.vibspec.2009.10.005,CC,1,0
627,10/7/2002,Infrared Physics &amp; Technology,Investigations into the mid-infrared Christiansen effect of the dispersive materials,KCl,589.0,1.47,10.1016/S1350-4495(01)00136-0,[Cl-].[K+],3,0
628,6/20/2003,Journal of Magnetic Resonance,VARIATIONSCHEMICALSHIFTTMS,Acetone-d6,589.0,1.355,10.1016/S1090-7807(03)00142-3,CC(=O)C,1,0
630,11/19/2011,Journal of Luminescence,INTERACTIONSBETWEEN42DIMETHYLAMINOETHYLOXYNOCTADECYL18NAPHTHALIMIDESERUMALBUMINSINVESTIGATIONBYSPECTROSCOPICAPPROACH,Ethyl acetate,589.0,1.372,10.1016/j.jlumin.2011.11.012,CCOC(=O)C,1,0
632,6/10/2015,Polym. Chem.,Well-defined high refractive index poly(monothiocarbonate) with tunable Abbe's numbers and glass-transition temperatures via terpolymerization,CHO,589.0,1.548,10.1039/C5PY00773A,C#[O+],3,1
633,8/22/2013,"Nuclear Instruments and Methods in Physics Research Section A: Accelerators, Spectrometers, Detectors and Associated Equipment",PERFORMANCESTUDYWAVELENGTHSHIFTINGACRYLICPLASTICFORCHERENKOVLIGHTDETECTION,silica,435.8,1.46669,10.1016/j.nima.2013.08.029,O=[Si]=O,0,0
634,11/26/2014,Fuel,MEASUREMENTCORRELATIONPREDICTIONBIODIESELBLENDSVISCOSITY,benzene,589.0,1.4582,10.1016/j.fuel.2014.11.041,C1=CC=CC=C1,1,0
636,2/20/2018,Journal of Colloid and Interface Science,SIO2LAOFEU3CORESHELLFUNCTIONALNANOMATERIALSFORSENSITIVEVISUALIZATIONLATENTFINGERPRINTSWLEDAPPLICATIONS,LaOF,589.0,4.25,10.1016/j.jcis.2018.01.093,[O-2].[F-].[La+3],0,0
637,7/14/2009,Sensors and Actuators B: Chemical,EVALUATIONMICROPARTICLEMATERIALSFORENHANCINGPERFORMANCEFLUORESCENCELIFETIMEBASEDOPTRODES,BaSO4,589.0,1.61,10.1016/j.snb.2009.06.052,[O-]S(=O)(=O)[O-].[Ba+2],2,0
638,9/19/2018,The Journal of Chemical Thermodynamics,VOLUMETRICREFRACTIVEPROPERTIES1357TETRAVINYL1357TETRAMETHYLCYCLOTETRASILOXANEMETHOXYBENZENECHLOROBENZENETERTBUTYLBENZENENITROBENZENET2981531815K,nitrobenzene,589.0,1.50625,10.1016/j.jct.2018.09.021,C1=CC=C(C=C1)[N+](=O)[O-],1,0
639,2/17/2005,Electrochimica Acta,EFFECTOXALICACIDDIHYDRATEOPTICALELECTROCHEMICALPROPERTIESSOLGELDERIVEDAMORPHOUSELECTROCHROMICWO3FILMS,WO3,632.8,1.96,10.1016/j.electacta.2005.01.008,O=[W](=O)=O,0,0
640,10/1/2002,The Journal of Chemical Thermodynamics,TEMPERATUREDEPENDENCEEXCESSMOLARVOLUMEOCTANE1CHLOROALKANE,1-Chloropentane,589.0,1.4099,10.1016/S0021-9614(02)00130-1,CCCCCCl,1,0
641,9/4/2008,Fluid Phase Equilibria,PHASEEQUILIBRIAINTERFACIALTENSIONSINSYSTEMSMETHYLTERTBUTYLETHERACETONECYCLOHEXANEMETHYLTERTBUTYLETHERACETONEMETHYLTERTBUTYLETHERCYCLOHEXANE,MTBE,589.0,1.36766,10.1016/j.fluid.2008.08.012,CC(C)(C)OC,1,0
644,12/3/2003,Fluid Phase Equilibria,ACOUSTICVOLUMETRICCOMPRESSIBILITYREFRACTIVITYPROPERTIESREDUCTIONPARAMETERSFORERASFLORYMODELSHOMOLOGOUSSERIESAMINES2981532815K,Tributylamine,589.0,1.4189,10.1016/j.fluid.2003.09.007,CCCCN(CCCC)CCCC,1,0
645,4/17/2011,Physics Procedia,DEVELOPMENTAMINIATURIZEDMULTISENSORYPOSITIONINGDEVICEFORLASERDICINGTECHNOLOGY,silica,589.0,3.5,10.1016/j.phpro.2011.03.148,O=[Si]=O,2,0
648,3/29/2003,Journal of Photochemistry and Photobiology A: Chemistry,SPECTRALLUMINESCENTSOLVATOCHROMICPROPERTIESANTICANCERDRUGCAMPTOTHECIN,Methanol,421.0,1.3286,10.1016/S1010-6030(03)00098-4,CO,0,0
650,2/27/2012,Sensors and Actuators B: Chemical,ANOVELOPTICALCHEMICALSENSORFORDETERMINATIONNICKELIIBASEDFLUORESCENCEQUENCHINGNEWLYSYNTHESIZEDTHIAZOLOTRIAZOLDERIVATIVEAPPLICATIONREALSAMPLES,THF,380.0,1.407,10.1016/j.snb.2012.02.059,C1CCOC1,0,0
652,12/14/2000,Applied Surface Science,SUPERCONDUCTINGELECTROOPTICALTHINFILMSPREPAREDBYPULSEDLASERDEPOSITIONTECHNIQUE,Al2O3,589.0,1.76,10.1016/S0169-4332(00)00599-7,[O-2].[O-2].[O-2].[Al+3].[Al+3],0,0
653,4/1/2019,Journal of Luminescence,SYNTHESISSPECTROSCOPICPROPERTIESANOVELTURNOFFFLUORESCENTPROBETHIENYLPYRIDINESUBSTITUTEDBODIPY,Cyclohexane,589.0,1.43,10.1016/j.jlumin.2019.03.058,C1CCCCC1,1,0
655,12/25/2008,Optical Materials,DEVELOPMENTCRYOGENICPHONONDETECTORSBASEDCAMOO4ZNWO4SCINTILLATINGCRYSTALSFORDIRECTDARKMATTERSEARCHEXPERIMENTS,CaMoO4,589.0,1.98,10.1016/j.optmat.2008.09.018,[O-][Mo](=O)(=O)[O-].[Ca+2],1,0
657,5/9/2016,RSC Advances,Amphiphilic peptide coated superparamagnetic iron oxide nanoparticles for in vivo MR tumor imaging  ,magnetite,589.0,2.42,10.1039/C6RA07380H,O[Fe]=O.O[Fe]=O.[Fe],2,1
659,3/20/2012,Journal of Solid State Chemistry,INVESTIGATIONAPPLICATIONQUANTITATIVERELATIONSHIPBETWEENSPENERGYLEVELSBI3IONHOSTLATTICE,YBO3,589.0,1.795,10.1016/j.jssc.2012.03.015,B([O-])([O-])[O-].[Y+3],0,0
661,3/21/2011,Ultramicroscopy,ASSESSMENTWAVEGUIDINGPROPERTIESGALLIUMOXIDENANOSTRUCTURESBYANGLERESOLVEDCATHODOLUMINESCENCEINASCANNINGELECTRONMICROSCOPE,gallium oxide,589.0,1.85,10.1016/j.ultramic.2011.03.003,[O-2].[O-2].[O-2].[Ga+3].[Ga+3],2,0
662,9/24/2016,Biosensors and Bioelectronics,TITANIUMOXIDETHINFILMSOBTAINEDPHYSICALCHEMICALVAPOURDEPOSITIONMETHODSFOROPTICALBIOSENSINGPURPOSES,TiOx,589.0,2.24,10.1016/j.bios.2016.09.079,CCCOC1=CC2=C(C=C1)N=C(S2)NC(=O)OC,2,0
664,4/23/2018,Optical Fiber Technology,GRAPHENEENHANCEDOPTICALFIBERSPRSENSORFORLIQUIDCONCENTRATIONMEASUREMENT,NaCl,589.0,1.3656,10.1016/j.yofte.2018.04.007,[Na+].[Cl-],0,0
667,8/25/2016,Quaternary Science Reviews,IDENTIFICATIONCHANGBAISHANMILLENNIUMBTMERUPTIONDEPOSITINLAKESUIGETSUSG06SEDIMENTARYARCHIVEJAPANSYNCHRONISATIONHEMISPHERICWIDEPALAEOCLIMATEARCHIVES,Al2O3,589.0,1.45,10.1016/j.quascirev.2016.08.022,[O-2].[O-2].[O-2].[Al+3].[Al+3],1,0
669,5/29/2015,Journal of Molecular Liquids,THERMODYNAMICSTUDYASPIRININPRESENCEIONICLIQUID1HEXYL3METHYLIMIDAZOLIUMBROMIDEINACETONITRILET2881531815K,MeCN,589.0,1.3527,10.1016/j.molliq.2015.05.032,CC#N,0,0
671,5/18/2016,Materials Today Communications,Graphene/nanoporous-silica heterostructure based hydrophobic antireflective coating,alumina,589.0,1.65,10.1016/j.mtcomm.2016.04.016,O=[Al]O[Al]=O,3,0
672,8/15/2003,Synthetic Metals,SPECTROSCOPICTRAVELLINGWAVELASINGCHARACTERISATIONGILCHTYPEHORNERTYPEMEHPPV,Toluene,556.0,1.4971,10.1016/S0379-6779(03)00356-4,CC1=CC=CC=C1,0,0
673,10/13/2016,Journal of Molecular Liquids,ASSESSMENTNONCOVALENTINTERACTIONBETWEENINSULINANTIBIOTICSINAQUEOUSSOLUTIONTHROUGHULTRASONICSTUDIESINSILICODOCKINGANALYSIS,Ciprofloxacin,589.0,3.1977,10.1016/j.molliq.2016.10.051,C1CC1N2C=C(C(=O)C3=CC(=C(C=C32)N4CCNCC4)F)C(=O)O,1,0
674,8/3/2008,Journal of Alloys and Compounds,INTERRELATIONSHIPBETWEENSTRUCTURALOPTICALELECTRONICELASTICPROPERTIESMATERIALS,Al2O3,486.0,1.7,10.1016/j.jallcom.2008.06.037,[O-2].[O-2].[O-2].[Al+3].[Al+3],0,0
677,6/14/2018,Analytical Methods,Hydrothermal synthesis of carbon quantum dots as fluorescent probes for the sensitive and rapid detection of picric acid  ,H2SO4,589.0,1.33,10.1039/C8AY00441B,OS(=O)(=O)O,2,1
678,5/29/2015,Journal of Molecular Liquids,THERMODYNAMICSTUDYASPIRININPRESENCEIONICLIQUID1HEXYL3METHYLIMIDAZOLIUMBROMIDEINACETONITRILET2881531815K,MeCN,589.0,1.3407,10.1016/j.molliq.2015.05.032,CC#N,0,0
679,7/22/2015,Fluid Phase Equilibria,EXPERIMENTALISOBARICVAPORLIQUIDEQUILIBRIUMSUBATMOSPHERICLOCALATMOSPHERICPRESSURESVOLUMETRICPROPERTIESMOLARREFRACTIVITY2931531315KWATERTRIETHYLENEGLYCOL,TEG,589.0,1.40352,10.1016/j.fluid.2015.07.030,C(COCCOCCO)O,0,0
680,4/10/2008,Optics and Lasers in Engineering,DIFFUSIONSTUDIESINPOLARIZEDREVERSEOSMOSISPROCESSESBYHOLOGRAPHICINTERFEROMETRY,KNO3,589.0,1.33339,10.1016/j.optlaseng.2008.02.004,[N+](=O)([O-])[O-].[K+],0,0
682,11/6/2015,Analyst,Polymer-coated micro-optofluidic ring resonator detector for a comprehensive two-dimensional gas chromatographic microsystem: μGC × μGC–μOFRR,n-Octane,589.0,1.394,10.1039/C5AN01570G,CCCCCCCC,0,1
684,9/11/2018,Nanoscale,Strategies for the selective loading of patchy worm-like micelles with functional nanoparticles,toluene,589.0,1.5,10.1039/C8NR05935G,CC1=CC=CC=C1,3,1
685,9/19/2018,The Journal of Chemical Thermodynamics,VOLUMETRICREFRACTIVEPROPERTIES1357TETRAVINYL1357TETRAMETHYLCYCLOTETRASILOXANEMETHOXYBENZENECHLOROBENZENETERTBUTYLBENZENENITROBENZENET2981531815K,nitrobenzene,589.0,1.49905,10.1016/j.jct.2018.09.021,C1=CC=C(C=C1)[N+](=O)[O-],1,0
689,3/29/2001,Spectrochimica Acta Part A: Molecular and Biomolecular Spectroscopy,ELECTRONICSPECTRALPARAMETERSAZOINDICATORSMETHYLREDMETHYLORANGEPANFASTBLACKKSALT,Carbontetrachloride,486.0,1.426,10.1016/S1386-1425(00)00416-9,C(Cl)(Cl)(Cl)Cl,0,0
692,8/28/2014,Fuel Processing Technology,HYDROTREATMENTMIDDLELUBRICATINGBASEOILSULFIDEDPROMOTEDMOLYBDENUMCATALYSTS,Oleum,589.0,1.47,10.1016/j.fuproc.2014.07.044,OS(=O)(=O)O.O=S(=O)=O,0,0
693,7/8/2004,European Polymer Journal,URETHANEMODIFIEDBORONFILLEDPOLYESTERAMIDEANOVELANTIMICROBIALPOLYMERASUSTAINABLERESOURCE,BPEA,589.0,1.521,10.1016/j.eurpolymj.2004.05.013,C1=CC=C(C=C1)C#CC2=C3C=CC=CC3=C(C4=CC=CC=C42)C#CC5=CC=CC=C5,0,0
694,3/28/2017,Journal of Taibah University for Science,VOLUMETRICOPTICALPROPERTIESACEINHIBITORCAPTOPRILINAQUEOUSALCOHOLICMIXTURES,EtOH,589.0,1.3546,10.1016/j.jtusci.2017.02.003,CCO,0,0
695,6/7/2006,Food and Chemical Toxicology,GENERATIONFORMALDEHYDEINCIGARETTESOVERVIEWRECENTEXPERIMENTS,Crotonaldehyde,589.0,1.3,10.1016/j.fct.2006.05.017,CC=CC=O,1,0
696,3/16/2016,Physical Chemistry Chemical Physics,Molecular interactions between ammonium-based ionic liquids and molecular solvents: current progress and challenges  ,Triethylammonium hydrogen sulfate,589.0,1.42491,10.1039/C6CP00199H,CC[NH+](CC)CC.OS(=O)(=O)[O-],1,1
698,9/26/2017,Chemical Communications,A metal-lustrous porphyrin foil  ,porphyrin,589.0,1.97,10.1039/C7CC06159E,C1=CC2=CC3=CC=C(N3)C=C4C=CC(=N4)C=C5C=CC(=N5)C=C1N2,2,1
699,7/9/2015,Optics Communications,NUMERICALINVESTIGATIONMETALCONFINEDHYBRIDIIIVSICIRCULARNANORESONATORGUIDEDEMISSION,InP,589.0,3.17,10.1016/j.optcom.2015.06.072,P#[In],0,0
700,1/22/2004,Journal of Molecular Structure,OPTICALCONSTANTSVIBRATIONALANALYSISETHYLBENZENEBETWEEN4000450CM125C,ethylbenzene,589.0,1.4704,10.1016/j.molstruc.2003.12.015,CCC1=CC=CC=C1,0,0
702,11/1/2016,The Journal of Chemical Thermodynamics,LIQUIDLIQUIDPHASEEQUILIBRIUMHEATCAPACITYBINARYSOLUTION2PROPANOL1OCTYL3METHYLIMIDAZOLIUMHEXAFLUOROPHOSPHATE,2-propanol,632.8,1.3927,10.1016/j.jct.2016.10.047,CC(C)O,0,0
704,4/21/2018,Journal of Alloys and Compounds,SPECTROSCOPICTRAITSHOLMIUMINMAGNESIUMZINCSULFOPHOSPHATEGLASSHOSTJUDDOFELTEVALUATION,Ho2O3,589.0,2.194,10.1016/j.jallcom.2018.04.218,[O-2].[O-2].[O-2].[Ho+3].[Ho+3],0,0
705,4/4/2018,Journal of Alloys and Compounds,INVESTIGATIONLOCALSTRUCTURESURROUNDINGERBIUMCATIONSINFLUORIDEGLASSESTEO2INTRODUCTIONFOR27MEMISSION,TeO2,588.0,1.5029,10.1016/j.jallcom.2018.04.015,O=[Te]=O,0,0
706,12/17/2013,Spectrochimica Acta Part A: Molecular and Biomolecular Spectroscopy,DETERMINATIONGROUNDEXCITEDSTATEDIPOLEMOMENTSDIPOLARLASERDYESBYSOLVATOCHROMICSHIFTMETHOD,Acetonitrile,589.0,1.344,10.1016/j.saa.2013.12.031,CC#N,1,0
707,3/16/2015,The Journal of Chemical Thermodynamics,VOLUMETRICACOUSTICREFRACTOMETRICPROPERTIESTHIOPHENEHEXANECYCLOHEXANESOLUTIONSINPRESENCEIMIDAZOLIUMBASEDIONICLIQUIDST29815K,Thiophene,589.0,1.424,10.1016/j.jct.2015.03.004,C1=CSC=C1,0,0
708,10/24/2012,Spectrochimica Acta Part A: Molecular and Biomolecular Spectroscopy,SOLVENTEFFECTABSORPTIONFLUORESCENCESPECTRA7ACETOXY623DIBROMOPROPYL48DIMETHYLCOUMARINDETERMINATIONGROUNDEXCITEDSTATEDIPOLEMOMENTS,Ethylacetate,589.0,1.3724,10.1016/j.saa.2012.10.018,CCOC(=O)C,0,0
709,3/29/2011,Physical Chemistry Chemical Physics,Evaluation of a quantitative structure–property relationship ( QSPR ) for predicting mid-visible refractive index of secondary organic aerosol ( SOA ) ,4-Acetylbutyric acid,589.0,1.433,10.1039/C0CP02270E,CC(=O)CCCC(=O)O,1,1
710,10/31/2018,Thin Solid Films,Effect of the amount of H2O and HNO3 in Ti(OC3H7)4 solutions on the crystallization of sol-gel-derived TiO2 films,TiO2,589.0,2.1,10.1016/j.tsf.2018.10.050,O=[Ti]=O,3,0
711,5/6/2010,Spectrochimica Acta Part A: Molecular and Biomolecular Spectroscopy,SPECTROSCOPICCHARACTERIZATIONALKALIMODIFIEDZINCTELLURITEGLASSESDOPEDNEODYMIUM,tellurite,589.0,2.1,10.1016/j.saa.2010.04.040,[O-][Te](=O)[O-],2,0
714,10/2/2018,Optics & Laser Technology,LINEARNONLINEAROPTICALSTUDYFLUOROTELLURITEGLASSESFUNCTIONSELECTEDALKALINEEARTHMETALSDOPEDER3,BaO,589.0,2.29,10.1016/j.optlastec.2018.09.041,O=[Ba],0,0
715,11/30/2006,Physical Chemistry Chemical Physics,Short-range interactions between non-ionic surfactant layers ,Ethylene oxide,589.0,1.456,10.1039/B610295F,C1CO1,1,1
716,8/8/2017,RSC Adv.,"First-principles study on the electronic, optical and thermodynamic properties of ABO<sub>3</sub> (A = La,Sr, B = Fe,Co) perovskites",LaFeO3,589.0,2.44,10.1039/C7RA06542F,[O-2].[O-2].[O-2].[Fe+2].[La+3],3,1
717,11/22/2008,Optical Materials,RAMANSPECTRAOPTICALPROPERTIESSELECTEDBI2O3PBOB2O3GEO2GLASSES,PbO,589.0,1.95,10.1016/j.optmat.2008.10.024,O=[Pb],0,0
718,2/14/2015,Journal of Luminescence,SPECTROSCOPICPROPERTIESTELLURITEGLASSESCODOPEDER3YB3,Tellurite,589.0,1.89,10.1016/j.jlumin.2015.02.010,[O-][Te](=O)[O-],1,0
719,5/22/2003,Thin Solid Films,SPECTROSCOPICINVESTIGATIONSSOLGELDERIVEDORGANICINORGANICHYBRIDFILMSFORPHOTONICSORMOSILSTETRAPROPYLORTHOTITANATE,silicon,589.0,1.687,10.1016/S0040-6090(03)00619-9,[Si],0,0
720,1/6/2011,Solar Energy Materials and Solar Cells,LIGHTHARVESTINGINORGANICSOLARCELLS,PCBM,589.0,1.43,10.1016/j.solmat.2010.12.008,COC(=O)CCCC1(C23C14C5=C6C7=C8C5=C9C1=C5C%10=C%11C%12=C%13C%10=C%10C1=C8C1=C%10C8=C%10C%14=C%15C%16=C%17C(=C%12C%12=C%17C%17=C%18C%16=C%16C%15=C%15C%10=C1C7=C%15C1=C%16C(=C%18C7=C2C2=C%10C(=C5C9=C42)C%11=C%12C%10=C%177)C3=C16)C%14=C%138)C1=CC=CC=C1,2,0
721,10/3/2013,Journal of Dentistry,EFFECTTHREEYEARCONSUMPTIONERYTHRITOLXYLITOLSORBITOLCANDIESVARIOUSPLAQUESALIVARYCARIESRELATEDVARIABLES,Erythritol,589.0,1.66,10.1016/j.jdent.2013.09.007,C(C(C(CO)O)O)O,1,0
722,12/30/2015,Journal of Pharmaceutical Sciences,UTILIZINGDYNAMICLIGHTSCATTERINGAPROCESSANALYTICALTECHNOLOGYFORPROTEINFOLDINGAGGREGATIONMONITORINGINVACCINEMANUFACTURING,Urea,589.0,1.347,10.1002/jps.23746,C(=O)(N)N,0,0
724,9/20/2016,Optical Materials,INFLUENCEMODIFIEROXIDEEMISSIONFEATURESDY3IONINPB3O4ZNOP2O5GLASSES,SrDy,589.0,2.01,10.1016/j.optmat.2016.09.022,[Sr].[Dy],0,0
725,10/19/2016,Journal of Molecular Liquids,INTERACTIONALBEHAVIORSPHOTOPHYSICALPROPERTIESTWOTRIARYLMETHANEDRUGSINSOLVENTMEDIA,Dimethylamine,589.0,1.347,10.1016/j.molliq.2016.10.056,CNC,1,0
726,9/20/2009,Fluid Phase Equilibria,PHYSICALPROPERTIESPHASEEQUILIBRIASYSTEMISOPROPYLACETATEISOPROPANOL1OCTYL3METHYLIMIDAZOLIUMBISTRIFLUOROMETHYLSULFONYLIMIDE,isopropylacetate,589.0,1.42892,10.1016/j.fluid.2009.09.015,"CC(C)CC(=O)[O-]
CC(C)CC(=O)O",0,0
727,3/26/2019,The Journal of Chemical Thermodynamics,LIQUIDLIQUIDEQUILIBRIUMHEATCAPACITYFORCRITICALBINARYSOLUTIONNDECANEBENZONITRILE,n-decane,632.8,1.4347,10.1016/j.jct.2019.03.035,CCCCCCCCCC,0,0
728,1/6/2016,The Journal of Chemical Thermodynamics,PHYSICOCHEMICALPROPERTIES135TRIMETHYL135TRIS333TRIFLUOROPROPYLCYCLOTRISILOXANEVARIOUSAROMATICHYDROCARBONST3081532315K,nitrobenzene,589.0,1.42233,10.1016/j.jct.2015.12.025,C1=CC=C(C=C1)[N+](=O)[O-],1,0
729,4/16/2016,Optical Materials,EFFECTTINIONSENHANCINGINTENSITYNARROWLUMINESCENCELINE311NMGD3IONSINLI2OPBOP2O5GLASSSYSTEM,Li2OPbO,589.0,1.61,10.1016/j.optmat.2016.04.015,[Li+].[Li+].[O-2].O=[Pb],0,0
730,3/20/2018,Materials Chemistry and Physics,POLYSTYRENEPHOTONICCRYSTALSOPTICALSENSORSFORVOLATILEORGANICCOMPOUNDS,1-propanol,589.0,1.386,10.1016/j.matchemphys.2018.03.039,CCCO,1,0
731,2/9/2008,Physica B: Condensed Matter,SPECTROSCOPICFEATURESPR3ND3SM3ER3IONSINLI2OMONB2O5MOO3WO3B2O3GLASSSYSTEMS,Ln,588.0,1.528,10.1016/j.physb.2008.01.043,"CC(C)CC(C(=O)NC(CC(=O)N)C(=O)O)N
CC(C)CC(C(=O)NC(CC(=O)N)C(=O)O)N",0,0
732,1/6/2016,The Journal of Chemical Thermodynamics,PHYSICOCHEMICALPROPERTIES135TRIMETHYL135TRIS333TRIFLUOROPROPYLCYCLOTRISILOXANEVARIOUSAROMATICHYDROCARBONST3081532315K,nitrobenzene,589.0,1.36729,10.1016/j.jct.2015.12.025,C1=CC=C(C=C1)[N+](=O)[O-],1,0
733,9/4/2013,Tribology International,BOUNDARYELASTOHYDRODYNAMICLUBRICATIONSTUDIESGLYCEROLAQUEOUSSOLUTIONSGREENLUBRICANTS,glycerol,589.0,1.443,10.1016/j.triboint.2013.08.013,C(C(CO)O)O,0,0
734,10/13/2016,Journal of Molecular Liquids,ASSESSMENTNONCOVALENTINTERACTIONBETWEENINSULINANTIBIOTICSINAQUEOUSSOLUTIONTHROUGHULTRASONICSTUDIESINSILICODOCKINGANALYSIS,Cefpodoxime,589.0,3.766,10.1016/j.molliq.2016.10.051,COCC1=C(N2C(C(C2=O)NC(=O)C(=NOC)C3=CSC(=N3)N)SC1)C(=O)O,1,0
735,12/5/2017,Solar Energy,FLUORINETINDOPEDINDIUMOXIDEFILMSGROWNBYULTRASONICSPRAYPYROLYSISCHARACTERIZATIONAPPLICATIONINBIFACIALSILICONCONCENTRATORSOLARCELLS,IFO-100,400.0,1.94,10.1016/j.solener.2017.10.068,FI,0,0
736,7/6/2018,Journal of Molecular Liquids,OZONESOLVATOCHROMISMINSELECTEDSOLVENTS,perfluorodecalin,589.0,1.3145,10.1016/j.molliq.2018.07.021,C12(C(C(C(C(C1(F)F)(F)F)(F)F)(F)F)(C(C(C(C2(F)F)(F)F)(F)F)(F)F)F)F,0,0
737,8/12/2004,Vacuum,STRUCTUREOPTICALPROPERTIESAL2O3XTIO1XTHINFILMSPREPAREDBYASOLGELPROCESSING,Al2O3,589.0,1.5,10.1016/j.vacuum.2004.07.017,[O-2].[O-2].[O-2].[Al+3].[Al+3],1,0
739,4/13/2014,Fuel,INVESTIGATIONFEASIBILITYPREDICTCONTENTSATURATEPLUSMONONUCLEARAROMATICHYDROCARBONSINVACUUMGASOILSBULKPROPERTIESEMPIRICALCORRELATIONS,VIR,589.0,1.513,10.1016/j.fuel.2014.03.060,CCC(C)C(C(=O)NC(CCCN=C(N)N)C(=O)O)NC(=O)C(C(C)C)N,0,0
740,1/8/2002,Journal of Petroleum Science and Engineering,CRUDEOILASPHALTENECHARACTERIZATIONFORPREDICTIONWETTINGALTERATION,n-Pentane,589.0,1.3574,10.1016/S0920-4105(01)00189-9,CCCCC,0,0
741,11/24/1998,Chemical Physics Letters,CHAINRELAXATIONKINETICSININTRAMOLECULARCHARGETRANSFERREACTION19ANTHRYL34DIMETHYLANILINEPROPANEINSUPERCRITICALCO2BULKSOLVENTPROPERTIESCHARACTERIZEREACTIVITY,CO2,420.0,1.2,10.1016/S0009-2614(98)01117-8,C(=O)=O,0,0
742,9/8/2013,Materials Chemistry and Physics,DIFFUSEREFLECTANCEREFLECTIVEFLEXIBLECOATINGSCAPPEDZNSNANOPARTICLES,ZnS,589.0,2.37,10.1016/j.matchemphys.2013.08.032,C(CC(=O)OP(=O)(O)O)C(=O)O,2,0
743,11/10/2015,RSC Advances,"Fabrication of suspended, three-dimensional chiral plasmonic nanostructures with single-step electron-beam lithography ",Si3N4,589.0,2.1,10.1039/C5RA17705G,N12[Si]34N5[Si]16N3[Si]25N46,2,1
747,8/2/2012,Dyes and Pigments,CAROTENEAGREENINEXPENSIVECONVENIENTSOLVATOCHROMICPROBEFORDETERMINATIONSOLVENTPOLARIZABILITY,1-Chlorobutane,589.0,1.402,10.1016/j.dyepig.2012.07.017,CCCCCl,0,0
748,1/12/2016,Optik,MODELLINGPERFORMANCEANALYSISAPLASMONICBIOSENSORCOMPRISINGSILICONCHALCOGENIDEMATERIALSFORDETECTINGREFRACTIVEINDEXVARIATIONSHEMOGLOBININNEARINFRARED,Silicon,589.0,3.6881,10.1016/j.ijleo.2015.12.148,[Si],1,0
749,5/24/2011,Soft Matter,Salt-induced changes of colloidal interactions in critical mixtures ,lutidine,589.0,2.4,10.1039/C1SM05103B,CC1=NC(=CC=C1)C,2,1
752,1/6/2016,The Journal of Chemical Thermodynamics,PHYSICOCHEMICALPROPERTIES135TRIMETHYL135TRIS333TRIFLUOROPROPYLCYCLOTRISILOXANEVARIOUSAROMATICHYDROCARBONST3081532315K,nitrobenzene,589.0,1.41931,10.1016/j.jct.2015.12.025,C1=CC=C(C=C1)[N+](=O)[O-],1,0
753,4/27/2015,The Journal of Chemical Thermodynamics,LIQUIDLIQUIDPHASEEQUILIBRIUMCRITICALBEHAVIORBINARYSOLUTIONHEAVYWATER26DIMETHYLPYRIDINE,D2O,632.8,1.444,10.1016/j.jct.2015.04.010,O,0,0
754,1/25/2010,The Journal of Chemical Thermodynamics,EVALUATIONPOLYSUBSTITUTEDPYRIDINIUMIONICLIQUIDHMMPYNTF2ASUITABLESOLVENTFORDESULFURIZATIONPHASEEQUILIBRIA,Trimethylpentane,589.0,1.38921,10.1016/j.jct.2010.01.005,CCCCC(C)(C)C,1,0
755,11/23/2017,Optik,ACCURATECALCULATIONGOOSHANCHENSHIFTCRITICALANGLEFORCOMPLEXLASERBEAMPROFILESUSINGBEAMPROPAGATIONMETHOD,glucose,589.0,1.332544425,10.1016/j.ijleo.2017.11.184,C(C1C(C(C(C(O1)O)O)O)O)O,0,0
757,9/26/2016,Chemical Society Reviews,"Polyferrocenylsilanes: synthesis, properties, and applications ",CH3 C6H5,589.0,1.681,10.1039/C6CS00155F,CC1=CC=CC=C1,1,1
759,5/23/2005,Food Chemistry,DISCRIMINATIONVEGETABLEOILSBYTRIACYLGLYCEROLSEVALUATIONPROFILEUSINGHPLCELSD,POO,589.0,2.16,10.1016/j.foodchem.2005.03.029,CN1CCCC(C1)CN(C)C(=O)CN2C3=C(C=CC(=C3)C(=O)O)C(=C2C4=CC=CC=C4)C5CCCCC5,1,0
763,4/29/2016,Reactive and Functional Polymers,HIGHLYTRANSPARENTPOLYIMIDEHYBRIDSFOROPTOELECTRONICAPPLICATIONS,TiO2,589.0,2.7,10.1016/j.reactfunctpolym.2016.04.021,O=[Ti]=O,2,0
764,1/6/2019,Chemical Engineering Journal,MIXINGPROCESSTWOMISCIBLEFLUIDSINALIDDRIVENCAVITY,sucrose,589.0,1.446,10.1016/j.cej.2019.01.024,C(C1C(C(C(C(O1)OC2(C(C(C(O2)CO)O)O)CO)O)O)O)O,0,0
765,10/6/2018,Optical Materials,ALUMINUMPHOSPHORENEBASEDULTRASENSITIVESPRBIOSENSOR,BK7,589.0,1.5151,10.1016/j.optmat.2018.10.003,CCOC1=CC2=C(C=C1)C=C(C=C2)C3=NN(C4=NC=NC(=C34)N)CC5CCNCC5,2,0
766,9/6/2009,Journal of Non-Crystalline Solids,EFFECTHYDROXYLIMPURITYTEMPERATURECOEFFICIENTREFRACTIVEINDEXSYNTHETICSILICAGLASSES,silica,1529.525,1.444779,10.1016/j.jnoncrysol.2009.08.004,O=[Si]=O,0,0
767,12/22/2006,Physica B: Condensed Matter,ELECTRONICPOLARIZABILITYOPTICALBASICITYLANTHANIDEOXIDES,Pm2O3,589.0,1.986,10.1016/j.physb.2006.11.015,[O-2].[O-2].[O-2].[Pm].[Pm],0,0
768,11/24/2016,Optik,INVESTIGATIONOPTOELECTRONICPROPERTIESZNSPOLYMORPHSTHROUGHMODIFIEDBECKEJOHNSONEXCHANGEPOTENTIAL,ZnS,589.0,5.2,10.1016/j.ijleo.2016.11.116,C(CC(=O)OP(=O)(O)O)C(=O)O,0,0
769,3/12/2007,Atherosclerosis,HYPERCHOLESTEROLEMIAASSOCIATEDVISUALFIELDALTERATIONSDETECTABLECOMPUTERIZEDPERIMETRY,Glucose,589.0,4.6,10.1016/j.atherosclerosis.2007.01.013,C(C1C(C(C(C(O1)O)O)O)O)O,1,0
770,10/29/2009,The Journal of Chemical Thermodynamics,SALTINGOUTEFFECTPHASESEPARATIONINAQUEOUSSOLUTIONSTRISODIUMCITRATE1BUTYL3METHYLIMIDAZOLIUMBROMIDE,H2O,589.0,1.3345,10.1016/j.jct.2009.10.007,O,0,0
771,11/22/2012,Journal of Alloys and Compounds,EFFECTNADOPINGMICROSTRUCTURESOPTICALPROPERTIESZNONANORODS,ZnO,589.0,1.88,10.1016/j.jallcom.2012.11.081,O=[Zn],0,0
775,11/23/2017,Food Research International,NONTRIGLYCERIDECOMPONENTSMODULATEFATCRYSTALNETWORKPALMKERNELOILCOCONUTOIL,CNO,589.0,1.312,10.1016/j.foodres.2017.11.060,C[N+]1(CCN(CC1)C2=NC3=C(C=CC(=C3)Cl)NC4=CC=CC=C42)[O-],0,0
776,5/10/2013,Fluid Phase Equilibria,STUDYSOLVATIONCONSEQUENCESAMINOACIDSINAQUEOUSIONICLIQUIDSOLUTIONPROBEDBYPHYSICOCHEMICALAPPROACH,glycine,589.0,1.3364,10.1016/j.fluid.2013.03.030,C(C(=O)O)N,0,0
777,6/25/2016,Journal of Photochemistry and Photobiology A: Chemistry,PHOTONICSDISSOLVEDOXYGENMOLECULESCOMPARISONRATESDIRECTPHOTOSENSITIZEDEXCITATIONOXYGENREEVALUATIONOXYGENABSORPTIONCOEFFICIENTS,CHCl3,589.0,1.448,10.1016/j.jphotochem.2016.06.026,C(Cl)(Cl)Cl,0,0
779,6/19/2015,Progress in Organic Coatings,FASTEASILYAPPLICABLEGLYCEROLBASEDSPRAYCOATING,silicon,589.0,3.817,10.1016/j.porgcoat.2015.05.003,[Si],2,0
781,8/2/2011,Dyes and Pigments,SOLVATOCHROMISMNILEREDINANISOTROPICMEDIA,Acetonitrile,589.0,1.3441,10.1016/j.dyepig.2011.07.018,CC#N,1,0
783,1/31/2018,Journal of Psychiatric Research,DULOXETINELOADEDMICROEMULSIONSYSTEMIMPROVEBEHAVIORALACTIVITIESBYUPREGULATINGSEROTONINNOREPINEPHRINEINBRAINFORTREATMENTDEPRESSION,Duloxetine,589.0,3.0,10.1016/j.jpsychires.2018.01.015,CNCCC(C1=CC=CS1)OC2=CC=CC3=CC=CC=C32,1,0
784,1/25/2016,Fuel,PHYSICOCHEMICALPROPERTIESFUELCHARACTERISTICSOXYMETHYLENEDIALKYLETHERS,n-nonane,589.0,1.406,10.1016/j.fuel.2016.01.060,CCCCCCCCC,1,0
785,1/8/2011,Green Chemistry,Physicochemical properties of green solvents derived from biomass  ,Furfuryl alcohol,589.0,1.6129,10.1039/C0GC00853B,C1=COC(=C1)CO,1,1
786,8/8/2015,Microelectronic Engineering,STUDYFIBERGRATINGSENSORSFORCONCENTRATIONMEASUREMENTCOTTONSEEDOILADULTERATIONINPUREOLIVEOIL,sugar,589.0,1.3279,10.1016/j.mee.2015.08.003,C(C1C(C(C(C(O1)OC2(C(C(C(O2)CO)O)O)CO)O)O)O)O,1,0
787,7/21/2018,Chemical Data Collections,EXTRACTIVESEPARATIONPROTOCATECHUICACIDUSINGNATURALNONTOXICSOLVENTSCONVENTIONALSOLVENTS,1-Octanol,589.0,1.429,10.1016/j.cdc.2018.07.001,CCCCCCCCO,0,0
788,1/9/2002,Sensors and Actuators A: Physical,FABRICATIONUVTRANSPARENTSIXOYNZMEMBRANESALOWFREQUENCYPECVDREACTOR,SiO2,633.0,1.4649999999999999,10.1016/S0924-4247(01)00899-8,O=[Si]=O,0,0
789,10/8/2015,European Food Research and Technology,"Comparison of in vitro anti-lipase and antioxidant activities, and composition of commercial chokeberry juices",proanthocyanidins,589.0,2.1,10.1007/s00217-015-2561-4,C1C(C(OC2=CC(=CC(=C21)O)O)C3=CC(=C(C=C3)O)O)OC4(C(C(C5=C(C=C(C=C5O4)O)O)O)O)C6=CC(=C(C=C6)O)O,1,2
790,3/29/2003,Journal of Photochemistry and Photobiology A: Chemistry,SPECTRALLUMINESCENTSOLVATOCHROMICPROPERTIESANTICANCERDRUGCAMPTOTHECIN,Ethylacetate,422.0,1.3723,10.1016/S1010-6030(03)00098-4,CCOC(=O)C,0,0
791,7/9/1999,Solid State Ionics,IONICITYBINARYOXIDESSILICATES,Ca2MgSi2O7,589.0,1.6355,10.1016/S0167-2738(99)00083-1,[O-][Si]([O-])([O-])O[Si]([O-])([O-])[O-].[Mg+2].[Ca+2].[Ca+2],0,0
792,1/30/2003,Thin Solid Films,INTERFACETANTALUMOXIDEFILMSSILICONBYUVANNEALINGLOWTEMPERATURE,Ta2O5,589.0,2.041,10.1016/S0040-6090(02)01280-4,[O-2].[O-2].[O-2].[O-2].[O-2].[Ta+5].[Ta+5],1,0
794,5/18/2009,Dyes and Pigments,AHIGHLYSENSITIVESELECTIVEFLUORESCENTSENSORFORDETERMINATIONCOPPERIIBASEDASCHIFFBASE,THF,438.0,1.41,10.1016/j.dyepig.2009.04.012,C1CCOC1,0,0
796,11/13/2003,Materials Science and Engineering: B,ASTUDYSTIMULATEDEMISSIONERBIUMINSILICON,silicon,589.0,4.4,10.1016/j.mseb.2003.08.033,[Si],2,0
799,6/15/2004,Journal of Fluorine Chemistry,SOLUBILITYDIOXYGENINSEVENFLUORINATEDLIQUIDS,Perfluorodecalin,589.0,1.3147,10.1016/j.jfluchem.2004.03.013,C12(C(C(C(C(C1(F)F)(F)F)(F)F)(F)F)(C(C(C(C2(F)F)(F)F)(F)F)(F)F)F)F,0,0
801,4/19/2001,Journal of Photochemistry and Photobiology A: Chemistry,PHOTOPHYSICALAGGREGATIONPROPERTIESALONGCHAINSQUARYLIUMINDOCYANINEDYE,Cyclohexane,647.0,1.4262,10.1016/S1010-6030(01)00405-1,C1CCCCC1,0,0
802,8/17/2012,Solid State Sciences,TEMPERATUREDEPENDENCEREFRACTIVEINDEXELECTRONICPOLARIZABILITYROTEO2GLASSESRMGBAZN,MgO,589.0,2.0932,10.1016/j.solidstatesciences.2012.08.005,O=[Mg],0,0
803,7/10/1998,Optical Materials,OPTICALELECTRONEGATIVITYREFRACTIVEINDEXMATERIALS,KCl,589.0,1.49,10.1016/S0925-3467(97)00171-7,[Cl-].[K+],1,0
805,9/13/1999,Journal of Alloys and Compounds,GROWTHOPTICALPROPERTIESREDOPEDBULKFIBERSINGLECRYSTALSBYCZOCHRALSKIMICROPULLINGDOWNMETHODS,TiO2,589.0,2.903,10.1016/S0925-8388(98)00420-4,O=[Ti]=O,1,0
807,11/28/2013,International Journal of Heat and Mass Transfer,3DRADIATIONMODELINGNONGRAYGASESPARTICLESMIXTUREBYTWODIFFERENTNUMERICALMETHODS,Carbon,589.0,1.12,10.1016/j.ijheatmasstransfer.2013.10.074,[C],1,0
808,5/29/2015,Journal of Molecular Liquids,THERMODYNAMICSTUDYASPIRININPRESENCEIONICLIQUID1HEXYL3METHYLIMIDAZOLIUMBROMIDEINACETONITRILET2881531815K,MeCN,589.0,1.3481,10.1016/j.molliq.2015.05.032,CC#N,0,0
809,3/3/2017,Physica B: Condensed Matter,FEMTOSECONDLASERFLUENCEBASEDNANOSTRUCTURINGWMOINETHANOL,Ethanol,589.0,3.65,10.1016/j.physb.2017.03.008,CCO,0,0
811,4/1/1999,Nuclear Instruments and Methods in Physics Research Section B: Beam Interactions with Materials and Atoms,REFRACTIVEINDEXBEHAVIORSHELIUMIMPLANTEDOPTICALPLANARWAVEGUIDESINLINBO3KTIOPO4LI2B4O7,KTP,589.0,1.8639,10.1016/S0168-583X(98)00268-7,C1=CC=C2C=C(C=CC2=C1)C(=O)C(C3=CC=CC4=CC=CC=C43)P(=O)(O)O,2,0
812,1/29/2014,Nanoscale Research Letters,Plasmonic and photonic scattering and near fields of nanoparticles,Al2O3,589.0,2.5,10.1186/1556-276X-9-50,[O-2].[O-2].[O-2].[Al+3].[Al+3],2,2
817,8/28/2015,Advanced Powder Technology,DISCOVERINGFEASIBILITYUSINGRADIATIONFORCESFORRECOVERINGRAREEARTHELEMENTSCOALPOWERPLANTBYPRODUCTS,Fe2O3,589.0,1.986,10.1016/j.apt.2015.08.004,[O-2].[O-2].[O-2].[Fe+3].[Fe+3],1,0
818,10/13/2016,Journal of Molecular Liquids,ASSESSMENTNONCOVALENTINTERACTIONBETWEENINSULINANTIBIOTICSINAQUEOUSSOLUTIONTHROUGHULTRASONICSTUDIESINSILICODOCKINGANALYSIS,Ciprofloxacin,589.0,3.1827,10.1016/j.molliq.2016.10.051,C1CC1N2C=C(C(=O)C3=CC(=C(C=C32)N4CCNCC4)F)C(=O)O,0,0
821,10/2/2009,Applied Surface Science,OPTICALELECTRICALPROPERTIESSNO2SBTHINFILMSDEPOSITEDBYOBLIQUEANGLEDEPOSITION,ATO,600.0,1.8,10.1016/j.apsusc.2009.09.084,[O-2].[O-2].[O-2].[Sb+3].[Sb+3],0,0
823,5/29/2015,Journal of Molecular Liquids,THERMODYNAMICSTUDYASPIRININPRESENCEIONICLIQUID1HEXYL3METHYLIMIDAZOLIUMBROMIDEINACETONITRILET2881531815K,MeCN,589.0,1.3498,10.1016/j.molliq.2015.05.032,CC#N,0,0
824,9/18/2014,RSC Advances,QSPR with descriptors based on averages of vertex invariants. An artificial neural network study ,Tetra-hydrofuran,589.0,1.407,10.1039/C4RA06484D,C1CCOC1,1,1
826,6/9/2005,Spectrochimica Acta Part A: Molecular and Biomolecular Spectroscopy,ANISOTROPYSHIFTRAMANBANDWIDTHSTUDIESINCARBONYLCONTAININGMOLECULEOCHLOROBENZALDEHYDEROLEREPULSIVEFORCES,CH3CN,589.0,1.342,10.1016/j.saa.2005.04.017,CC#N,0,0
827,10/12/2009,Journal of Molecular Liquids,VOLUMETRICACOUSTICREFRACTIVEPROPERTIESSEVERALTEMPERATURESDIBUTYLETHER1CHLOROBUTANESYSTEM,1-Chlorobutane,589.0,1.391309,10.1016/j.molliq.2009.10.002,CCCCCl,1,0
828,12/17/2013,Spectrochimica Acta Part A: Molecular and Biomolecular Spectroscopy,DETERMINATIONGROUNDEXCITEDSTATEDIPOLEMOMENTSDIPOLARLASERDYESBYSOLVATOCHROMICSHIFTMETHOD,Octanol,382.0,1.429,10.1016/j.saa.2013.12.031,CCCCCCCCO,0,0
829,9/16/2014,Chemical Engineering Science,RESPONSECOMMENTEXPERIMENTALSTUDYPARTICLESEPARATIONFISHHOOKEFFECTINAMINIHYDROCYCLONECHEMENGSCI111201494105,Silica,589.0,1.544,10.1016/j.ces.2014.08.059,O=[Si]=O,1,0
830,1/6/1999,Journal of Photochemistry and Photobiology A: Chemistry,MODELLINGINTRAMOLECULARELECTRONTRANSFERREACTIONSINCYTOCHROMESINPHOTOSYNTHETICBACTERIAREACTIONCENTRES,Bacteriochlorin,589.0,1.31,10.1016/S1010-6030(98)00367-0,C1CC2=NC1=CC3=CC=C(N3)C=C4CCC(=N4)C=C5C=CC(=C2)N5,0,0
832,1/22/2014,Radiation Physics and Chemistry,IONICLIQUIDSSOLVENTSFORLIQUIDSCINTILLATIONTECHNOLOGYCERENKOVCOUNTING1BUTYL3METHYLIMIDAZOLIUMCHLORIDE,chlorobutane,589.0,1.52,10.1016/j.radphyschem.2014.01.010,CCCCCl,2,0
833,3/20/2008,Journal of Molecular Structure,SOLVATOCHROMICEFFECTSINABSORPTIONSPECTRAAZOBENZENECOMPOUNDS,Acetone,589.0,1.3588,10.1016/j.molstruc.2008.01.053,CC(=O)C,0,0
834,12/18/2001,Sensors and Actuators B: Chemical,FULLYINTEGRATEDOPTICALPOLARIMETER,Si3N4,589.0,2.01,10.1016/S0925-4005(01)01008-5,N12[Si]34N5[Si]16N3[Si]25N46,2,0
835,5/7/2014,RSC Advances,Co-template method provides hierarchical mesoporous silicas with exceptionally ultra-low refractive indices  ,silica,589.0,1.08,10.1039/C4RA01392A,O=[Si]=O,2,1
836,10/17/2017,Energy Procedia,EXPERIMENTALEVALUATIONASOLARWINDOWINCORPORATINGROTATIONALLYASYMMETRICALCOMPOUNDPARABOLICCONCENTRATORSRACPC,silicon,589.0,1.44,10.1016/j.egypro.2017.09.402,[Si],2,0
837,9/19/2018,The Journal of Chemical Thermodynamics,VOLUMETRICREFRACTIVEPROPERTIES1357TETRAVINYL1357TETRAMETHYLCYCLOTETRASILOXANEMETHOXYBENZENECHLOROBENZENETERTBUTYLBENZENENITROBENZENET2981531815K,nitrobenzene,589.0,1.49887,10.1016/j.jct.2018.09.021,C1=CC=C(C=C1)[N+](=O)[O-],1,0
838,9/22/2017,Journal of Non-Crystalline Solids,REFRACTIVEINDEXVARIATIONRAREEARTHINCORPORATIONINAMORPHOUSAL2O3THINFILMS,Al2O3,589.0,1.663,10.1016/j.jnoncrysol.2017.09.033,[O-2].[O-2].[O-2].[Al+3].[Al+3],0,0
841,6/9/2015,RSC Adv.,Semitransparent polymer-based solar cells via simple wet lamination process with TiO<sub>2</sub> layer using automatic spray layer-by-layer method,TiO2,589.0,1.9,10.1039/C5RA05762K,O=[Ti]=O,0,1
842,9/20/2018,Atmospheric Environment,BLACKCARBONAEROSOLSOVERURBANHIGHALTITUDEREMOTEREGIONSCHARACTERISTICSRADIATIVEIMPLICATIONS,carbon,589.0,1.95,10.1016/j.atmosenv.2018.09.023,[C],0,0
843,1/25/2010,The Journal of Chemical Thermodynamics,EVALUATIONPOLYSUBSTITUTEDPYRIDINIUMIONICLIQUIDHMMPYNTF2ASUITABLESOLVENTFORDESULFURIZATIONPHASEEQUILIBRIA,Thiophene,589.0,1.52572,10.1016/j.jct.2010.01.005,C1=CSC=C1,1,0
844,10/6/2000,Journal of Aerosol Science,RETRIEVALURBANAEROSOLMASSCONCENTRATIONBYA5321064NMLIDAR,H2SO4,1064.0,1.426,10.1016/S0021-8502(00)00049-5,OS(=O)(=O)O,0,0
847,11/3/2015,Optik,INVESTIGATIONMOLEFRACTIONINNITRIDESEMICONDUCTORUSINGPHOTONICBANDGAPANALYSIS,aluminium,589.0,3.23,10.1016/j.ijleo.2015.10.131,[Al],0,0
852,12/3/2003,Fluid Phase Equilibria,ACOUSTICVOLUMETRICCOMPRESSIBILITYREFRACTIVITYPROPERTIESREDUCTIONPARAMETERSFORERASFLORYMODELSHOMOLOGOUSSERIESAMINES2981532815K,Triisooctylamine,589.0,1.4398,10.1016/j.fluid.2003.09.007,CC(C)CCCCCN(CCCCCC(C)C)CCCCCC(C)C,1,0
858,11/1/2016,The Journal of Chemical Thermodynamics,LIQUIDLIQUIDPHASEEQUILIBRIUMHEATCAPACITYBINARYSOLUTION2PROPANOL1OCTYL3METHYLIMIDAZOLIUMHEXAFLUOROPHOSPHATE,2-propanol,632.8,1.3747,10.1016/j.jct.2016.10.047,CC(C)O,0,0
859,6/4/2014,Ceramics International,NANOSTRUCTUREDCERIUMOXIDETHINFILMSBYNEBULIZEDSPRAYPYROLYSISNSPTECHNIQUEIMPACTSURFACTANTSSTRUCTURALOPTICALCOMPOSITIONALPROPERTIES,PTSA,589.0,2.44,10.1016/j.ceramint.2014.05.040,CC1=CC=C(C=C1)S(=O)(=O)O,1,0
860,6/7/2007,Fuel Processing Technology,SEPARATIONDIFFERENTPARAFFINWAXGRADESUSINGTWOCOMPARATIVEDEOILINGTECHNIQUES,Ethyl acetate,589.0,1.4242,10.1016/j.fuproc.2007.04.011,CCOC(=O)C,1,0
861,6/27/2016,Chem. Soc. Rev.,"Polyferrocenylsilanes: synthesis, properties, and applications",CH3,589.0,1.691,10.1039/C6CS00155F,[CH3],0,1
862,2/21/2012,Journal of Materials Chemistry, Atomic layer deposition of tin oxide with nitric oxide as an oxidant gas  ,SnO2,589.0,2.05,10.1039/C2JM16557K,O=[Sn]=O,2,1
863,3/4/2019,Spectrochimica Acta Part A: Molecular and Biomolecular Spectroscopy,UNRAVELLINGINTERACTIONMECHANISMBETWEENCLIOQUINOLBOVINESERUMALBUMINBYMULTISPECTROSCOPICMOLECULARDOCKINGAPPROACHES,Warfarin,589.0,1.36,10.1016/j.saa.2019.03.004,CC(=O)CC(C1=CC=CC=C1)C2=C(C3=CC=CC=C3OC2=O)O,0,0
864,12/27/2017,Optics & Laser Technology,INVESTIGATIONTHERMALLYINDUCEDOPTICALNONLINEARITYALCOHOLS,Propanol,589.0,1.38,10.1016/j.optlastec.2017.12.017,CCCO,0,0
867,4/12/1999,Fluid Phase Equilibria,THERMODYNAMICPROPERTIESNALKOXYETHANOLSORGANICSOLVENTSMIXTURES,n-Decane,589.0,1.4097,10.1016/S0378-3812(97)00316-6,CCCCCCCCCC,1,0
868,2/9/2005,Colloids and Surfaces A: Physicochemical and Engineering Aspects,SCALINGLAWSFORCRITICALRUPTURETHICKNESSCOMMONTHINFILMS,Aniline,589.0,1.583,10.1016/j.colsurfa.2005.01.008,C1=CC=C(C=C1)N,0,0
869,2/3/2012,Atmospheric Environment,INVESTIGATIONDIRECTRADIATIVEEFFECTSAEROSOLSINDUSTSTORMSEASONOVEREASTASIAONLINECOUPLEDREGIONALCLIMATECHEMISTRYAEROSOLMODEL,Sulfate,589.0,1.43,10.1016/j.atmosenv.2012.01.041,[O-]S(=O)(=O)[O-],1,0
870,4/18/2005,Fluid Phase Equilibria,ISOBARICVAPORLIQUIDEQUILIBRIAFORMIXTURESACETONEETHANOL224TRIMETHYLPENTANE1013KPA,Acetone,589.0,1.35596,10.1016/j.fluid.2005.01.007,CC(=O)C,1,0
874,8/28/2015,Energy Procedia,NANOCRYSTALLINESILICONOXIDEEMITTERSFORSILICONHETEROJUNCTIONSOLARCELLS,silicon,589.0,3.9,10.1016/j.egypro.2015.07.043,[Si],2,0
876,9/23/2017,Materials Science and Engineering: B,INFLUENCEGAMMARADIATIONSTRUCTURALOPTICALPROPERTIESTHULIUMDOPEDGLASS,thulium,589.0,2.843,10.1016/j.mseb.2017.09.010,[Tm],0,0
877,10/6/2016,Soft Matter,Contact-line pinning controls how quickly colloidal particles equilibrate with liquid interfaces,decane,589.0,1.41,10.1039/C6SM01690A,CCCCCCCCCC,3,1
878,11/7/2011,International Journal of Pharmaceutics,AEROSOLIZEDSEMIFLUORINATEDALKANESEXCIPIENTSSUITABLEFORINHALATIVEDRUGDELIVERYAPILOTSTUDY,EtOH,589.0,1.3515,10.1016/j.ijpharm.2011.10.051,CCO,0,0
879,9/6/2010,New J. Chem.,pH-stable hyperbranched poly(ethyleneimine)-maltose films for the interaction with phosphate containing drugs,Adenosine 5'-Triphosphate,589.0,1.401,10.1039/C0NJ00447B,C1=NC(=C2C(=N1)N(C=N2)C3C(C(C(O3)COP(=O)(O)OP(=O)(O)OP(=O)(O)O)O)O)N,0,1
880,3/15/2019,The Journal of Chemical Thermodynamics,PHASEEQUILIBRIACSCLPOLYETHYLENEGLYCOLPEGH2O29815KEFFECTDIFFERENTPOLYMERMOLARMASSESPEG100040006000,CsCl,589.0,1.4261,10.1016/j.jct.2019.03.020,[Cl-].[Cs+],0,0
884,6/29/2010,Desalination,TRANSPORTHGIITHROUGHBULKLIQUIDMEMBRANECONTAININGCALIX4ARENETHIOALKYLDERIVATIVEACARRIER,CHCl3,589.0,1.45,10.1016/j.desal.2010.06.014,C(Cl)(Cl)Cl,0,0
887,9/16/2004,Fuel,IMPROVEDEMPIRICALCORRELATIONFORPETROLEUMFRACTIONCOMPOSITIONQUANTITATIVEPREDICTION,Octane,589.0,1.3974,10.1016/j.fuel.2004.08.023,CCCCCCCC,0,0
889,11/26/2013,Journal of Colloid and Interface Science,PICKERINGINTERFACIALCATALYSTSFORSOLVENTFREEBIOMASSTRANSFORMATIONPHYSICOCHEMICALBEHAVIORNONAQUEOUSEMULSIONS,Glycerol,589.0,1.47,10.1016/j.jcis.2013.11.047,C(C(CO)O)O,0,0
892,2/13/2016,Fluid Phase Equilibria,CRITICALPHENOMENAINBROMOBENZENE1HEXYL3METHYLIMIDAZOLIUMBISTRIFLUOROMETHYLSULFONYLIMIDEBINARYSOLUTION,bromobenzene,632.8,1.5548,10.1016/j.fluid.2016.02.011,C1=CC=C(C=C1)Br,0,0
894,8/18/2009,Powder Technology,AREVIEWUNDERLYINGFUNDAMENTALSINAWETDISPERSIONSIZEANALYSISPOWDERS,H2O,589.0,1.33,10.1016/j.powtec.2009.08.005,O,0,0
895,6/7/2007,Fuel Processing Technology,SEPARATIONDIFFERENTPARAFFINWAXGRADESUSINGTWOCOMPARATIVEDEOILINGTECHNIQUES,ethylacetate,589.0,1.4236,10.1016/j.fuproc.2007.04.011,CCOC(=O)C,0,0
897,10/2/2006,Dyes and Pigments,EMISSIONBASEDFIBEROPTICPHSENSINGSCHIFFBASESBEARINGDIMETHYLAMINOGROUPS,EtOH,400.0,1.4241,10.1016/j.dyepig.2006.08.014,CCO,0,0
898,7/22/2015,Fluid Phase Equilibria,EXPERIMENTALISOBARICVAPORLIQUIDEQUILIBRIUMSUBATMOSPHERICLOCALATMOSPHERICPRESSURESVOLUMETRICPROPERTIESMOLARREFRACTIVITY2931531315KWATERTRIETHYLENEGLYCOL,TEG,589.0,1.46428,10.1016/j.fluid.2015.07.030,C(COCCOCCO)O,0,0
900,12/24/2018,Journal of Theoretical and Applied Physics,Investigation of the impact of different ARC layers using PC1D simulation: application to crystalline silicon solar cells,ZnO,589.0,1.841,10.1007/s40094-018-0313-0,O=[Zn],1,2
901,3/28/2007,Optics Communications,DETERMINATIONREFRACTIVEINDEXPROFILEPOLYMEROPTICALFIBERPREFORMBYTRANSVERSERAYTRACINGMETHOD,Methyl Methacrylate,589.0,1.492,10.1016/j.optcom.2007.03.007,CC(=C)C(=O)OC,1,0
902,2/27/2018,European Journal of Pharmaceutics and Biopharmaceutics,FORMULATINGMONOCLONALANTIBODIESPOWDERSFORRECONSTITUTIONHIGHCONCENTRATIONUSINGSPRAYDRYINGMODELSPITFALLS,Propan-2-ol,589.0,1.39,10.1016/j.ejpb.2018.02.002,CC(C)O,2,0
903,2/5/2015,Nanoscale,Excitation of surface plasmons from silver nanowires embedded in polymer nanofibers  ,MgF2,589.0,1.39,10.1039/C4NR06311B,[F-].[F-].[Mg+2],2,1
904,3/12/2007,Surface and Coatings Technology,INFLUENCEPLASMAIONBEAMASSISTANCETIO2MGF2THINFILMSDEPOSITEDBYPLASMAIONASSISTEDDEPOSITION,TiO2,550.0,2.183,10.1016/j.surfcoat.2006.01.085,O=[Ti]=O,0,0
905,12/11/2002,Optical Materials,EQUIVALENCEBETWEENCLAUSIUSMOSSOTTIOPTICALELECTRONEGATIVITYRELATIONS,Cu2O,589.0,2.72,10.1016/S0925-3467(02)00231-8,[O-2].[Cu+].[Cu+],1,0
907,7/8/2003,Polymer,MISCIBILITYCOPOLYCARBONATEBLENDSPOLYSTYRENECOACRYLONITRILECOPOLYMERINTERACTIONENERGIES,DMPC,589.0,1.565,10.1016/S0032-3861(03)00517-2,"CCCCCCCCCCCCCC(=O)OCC(COP(=O)([O-])OCC[N+](C)(C)C)OC(=O)CCCCCCCCCCCCC
CCCCCCCCCCCCCC(=O)OCC(COP(=O)([O-])OCC[N+](C)(C)C)OC(=O)CCCCCCCCCCCCC",1,0
908,9/30/2014,RSC Adv.,Efficiency enhancement of mono-Si solar cell with CdO nanotip antireflection and down-conversion layer,Al2O3,589.0,1.85,10.1039/C4RA08328H,[O-2].[O-2].[O-2].[Al+3].[Al+3],3,1
909,2/12/2019,Optik,OPTICALELECTROCHEMICALGASSENSINGAPPLICATIONSCUTETRAPHENYLPORPHYRINTHINFILMS,Styrene,589.0,1.5469,10.1016/j.ijleo.2019.02.028,C=CC1=CC=CC=C1,1,0
911,4/5/2002,Surface and Coatings Technology,EFFECTSNITROGENARGONPLASMAIMMERSIONIONIMPLANTATIONSILICONOXIDATION,Argon,589.0,1.94,10.1016/S0257-8972(02)00102-0,[Ar],1,0
912,12/14/2011,Food Hydrocolloids,RETENTIONSELECTEDAROMACOMPOUNDSBYGELATINEMATRICES,Isobutylacetate,589.0,1.39,10.1016/j.foodhyd.2011.12.004,CC(C)CCC(=O)[O-],0,0
914,10/27/2003,Polymer,PREPARATIONPROPERTIESDISYNDIOTACTICPOLYALKYLCROTONATES,ethyl,589.0,1.48,10.1016/j.polymer.2003.10.005,*CC,0,0
915,10/11/2011,Chemical Science,Practical computation of electronic excitation in solution: vertical excitation model  ,Methanal,589.0,1.65,10.1039/C1SC00313E,C=O,1,1
917,12/30/2015,Journal of Pharmaceutical Sciences,UTILIZINGDYNAMICLIGHTSCATTERINGAPROCESSANALYTICALTECHNOLOGYFORPROTEINFOLDINGAGGREGATIONMONITORINGINVACCINEMANUFACTURING,Urea,589.0,1.368,10.1002/jps.23746,C(=O)(N)N,0,0
918,9/13/2004,Solid State Ionics,CORRELATIONBETWEENOPTICALELECTRONEGATIVITYMOLARREFRACTIONIONICITYDENSITYBINARYOXIDESSILICATESMINERALS,CaO,589.0,1.84,10.1016/j.ssi.2004.07.041,O=[Ca],1,0
920,11/26/2014,Superlattices and Microstructures,DIPCOATEDNICKELZINCOXIDETHINFILMSSTRUCTURALOPTICALMAGNETICINVESTIGATIONS,NiZnO,589.0,1.55,10.1016/j.spmi.2014.11.011,O=[Ni].[Zn],0,0
921,8/2/2005,Physical Chemistry Chemical Physics,The effect of solvent polarity on the photophysical properties of 4-cyano-(4′-methylthio)diphenylacetylene: A prototypic donor–acceptor system  ,Cyclohexane,589.0,1.426,10.1039/B506776F,C1CCCCC1,1,1
922,2/2/2018,Thin Solid Films,DENSITYSIZEEFFECTSTHERMALCONDUCTIVITYATOMICLAYERDEPOSITEDTIO2AL2O3THINFILMS,TiO2,30.0,2.48,10.1016/j.tsf.2018.01.058,O=[Ti]=O,0,0
923,3/14/2018,Journal of Non-Crystalline Solids,Formation of antireflection structures for silicon in near-infrared region using AlOx/TiOx bilayer and SiNx single-layer,TiOx,589.0,2.42,10.1016/j.jnoncrysol.2018.03.010,CCCOC1=CC2=C(C=C1)N=C(S2)NC(=O)OC,3,0
924,8/28/2012,Journal of Luminescence,INVESTIGATIONCHANGEREGULARITYENERGYSTATESMN2INHALIDES,MnF2,589.0,1.459,10.1016/j.jlumin.2012.08.027,F[Mn]F,0,0
925,11/16/2010,Optical Materials,INTENSITYPARAMETERSTM3DOPEDSC2O3TRANSPARENTCERAMICLASERMATERIAL,Sc2O3,635.45,1.974,10.1016/j.optmat.2010.10.032,[O-2].[O-2].[O-2].[Sc+3].[Sc+3],0,0
926,12/11/2014,Fluid Phase Equilibria,SOLIDLIQUIDEQUILIBRIAINQUINARYSYSTEMLICLKCLRBCLMGCL2H2OT323K,KRI,589.0,1.4365,10.1016/j.fluid.2014.12.021,C(CSCC(C(C(=O)CO)O)O)C(C(=O)O)N,0,0
928,1/23/2002,Journal of Luminescence,SOLVENTEFFECTNONRADIATIVEPROCESSPYRONINBINPROTICAPROTICSOLVENTSYSTEMS,PyB,557.0,1.4064,10.1016/S0022-2313(02)00218-1,CN1C=C(C=C1C(=O)N)N,0,0
929,7/16/2015,Dental Materials,Systematic approach to preparing ceramic–glass composites with high translucency for dental restorations,zirconia,589.0,2.19,10.1016/j.dental.2015.06.015,O=[Zr]=O,3,0
930,6/8/2006,Ultrasonics,APPLICATIONBRILLOUINSCATTERINGLOCALANISOTROPYBIREFRINGENCEMEASUREMENTSTHINLAYERS,ZnO,589.0,2.029,10.1016/j.ultras.2006.05.162,O=[Zn],1,0
931,5/10/2017,Optik,MODELINGAHIGHLYSENSITIVEMOS2GRAPHENEHYBRIDBASEDFIBEROPTICSPRBIOSENSORFORSENSINGDNAHYBRIDIZATION,blue line,589.0,1.34,10.1016/j.ijleo.2017.05.001,CN(C)CCN(CC1=CC=CS1)C2=CC=CC=N2.Cl,2,0
932,10/17/2013,Journal of Molecular Liquids,DENSITIESVISCOSITIESREFRACTIVEINDICESEXCESSPROPERTIESORTHOMETACHLOROANILINE2ALKOXYETHANOLS30315K,m-Chloroaniline,589.0,1.4005,10.1016/j.molliq.2013.09.035,C1=CC(=CC(=C1)Cl)N,0,0
933,3/29/2011,Physical Chemistry Chemical Physics,Evaluation of a quantitative structure–property relationship ( QSPR ) for predicting mid-visible refractive index of secondary organic aerosol ( SOA ) ,Heptaldehyde,589.0,1.405,10.1039/C0CP02270E,CCCCCCC=O,1,1
934,3/29/2011,Physical Chemistry Chemical Physics,Evaluation of a quantitative structure–property relationship ( QSPR ) for predicting mid-visible refractive index of secondary organic aerosol ( SOA ) ,Isoprene,589.0,1.426,10.1039/C0CP02270E,CC(=C)C=C,1,1
935,12/1/2014,Journal of Pharmaceutical Sciences,Quantitative Laser Diffraction Method for the Assessment of Protein Subvisible Particles,silica,589.0,1.43,10.1002/jps.24288,O=[Si]=O,3,0
936,7/31/2015,Optik,UNAMBIGUOUSANALYTICALINVERSIONMULTIPLETHICKNESSELLIPSOMETRICDATAFOREMBEDDEDNONABSORBINGUNIFORMLAYER,glycerine,589.0,1.4436,10.1016/j.ijleo.2015.07.131,C(C(CO)O)O,1,0
937,6/25/2008,Acta Biomaterialia,EFFECTSINTERMEDIATEDIELECTRICFILMSMULTILAYERSURFACEPLASMONRESONANCEBEHAVIOR,MgO,589.0,1.741,10.1016/j.actbio.2008.06.002,O=[Mg],1,0
938,3/12/2007,International Journal of Pharmaceutics,STATISTICALCLUSTERANALYSISPHARMACEUTICALSOLVENTS,2-Propanol,589.0,1.378,10.1016/j.ijpharm.2007.03.002,CC(C)O,0,0
939,3/7/2005,The Journal of Supercritical Fluids,SUPERIORMIRAGEEFFECTINSUPERCRITICALCO2EXPERIMENTMODEL,CO2,589.0,1.116,10.1016/j.supflu.2005.02.001,C(=O)=O,1,0
940,6/7/2018,Spectrochimica Acta Part A: Molecular and Biomolecular Spectroscopy,SYNTHESISPHOTOPHYSICALPROPERTIESDEUTERATIONPIRFENIDONE,Ethanol,589.0,1.3045,10.1016/j.saa.2018.06.016,CCO,1,0
942,1/15/2011,Applied Energy,BIODIESELPRODUCTIONMIXEDSOYBEANOILRAPESEEDOIL,methanol,589.0,1.458,10.1016/j.apenergy.2010.12.070,CO,0,0
943,11/6/2018,Biosensors and Bioelectronics,BIOMOLECULARCHARGESINFLUENCERESPONSESURFACEPLASMONRESONANCEBIOSENSORSTHROUGHELECTRONICIONICMECHANISMS,BK7,589.0,1.51,10.1016/j.bios.2018.11.002,CCOC1=CC2=C(C=C1)C=C(C=C2)C3=NN(C4=NC=NC(=C34)N)CC5CCNCC5,2,0
944,9/6/2017,Optical Materials,IMPROVEDOUTCOUPLINGEFFICIENCYORGANICLIGHTEMITTINGDIODESFABRICATEDATIO2PLANARIZATIONLAYEREMBEDDEDSIOXIDENANOSTRUCTURES,TiO2,589.0,1.25,10.1016/j.optmat.2017.04.003,O=[Ti]=O,1,0
947,7/14/2016,RSC Adv.,Improving crystallization and processability of PBS via slight cross-linking,PBS,589.0,1.7,10.1039/C6RA13488B,[B]P=S,3,1
948,12/27/2011,The Journal of Chemical Thermodynamics,LIQUIDLIQUIDCOEXISTENCECURVESXDIMETHYLADIPATE1XNHEXANEXDIMETHYLADIPATE1XNHEPTANEINCRITICALREGION,dimethyladipate,632.8,1.4236,10.1016/j.jct.2011.12.024,COC(=O)CCCCC(=O)OC,0,0
949,8/20/2016,Sensors and Actuators B: Chemical,HEMOCOMPATIBILITYEPOCOREEPOCLADPHOTORESISTSCOCSUBSTRATEFOROPTOFLUIDICINTEGRATEDBRAGGSENSORS,sugar,1382.0,1.4039,10.1016/j.snb.2016.08.113,C(C1C(C(C(C(O1)OC2(C(C(C(O2)CO)O)O)CO)O)O)O)O,0,0
951,11/1/2011,Soft Matter,Controlling the interaction of poly(ethylene imine) adsorption layers with oppositely charged surfactant by tuning the structure of the preadsorbed polyelectrolyte layer  ,Silica,589.0,1.474,10.1039/C1SM05795B,O=[Si]=O,1,1
952,10/22/2012,Spectrochimica Acta Part A: Molecular and Biomolecular Spectroscopy,SOLVENTEFFECTSABSORPTIONFLUORESCENCESPECTRARHAPONTICINEXPERIMENTALTHEORETICALSTUDIES,Acetone,376.0,1.359,10.1016/j.saa.2012.10.013,CC(=O)C,0,0
953,5/29/2001,Sensors and Actuators B: Chemical,SURFACEPLASMONRESONANCEBIOSENSORBASEDINTEGRATEDOPTICALWAVEGUIDE,BK7,589.0,1.44,10.1016/S0925-4005(01)00559-7,CCOC1=CC2=C(C=C1)C=C(C=C2)C3=NN(C4=NC=NC(=C34)N)CC5CCNCC5,2,0
954,2/5/2013,Journal of Materials Chemistry A,"Self-assembly of nanostructures towards transparent, superhydrophobic surfaces ",carbon,589.0,2.42,10.1039/C2TA00288D,[C],2,1
955,4/29/2002,"Journal of the Chemical Society, Perkin Transactions 2","Synthesis of ( E )-5-(2-arylvinyl)-2-(hetero)arylpyridines, ( E )-2-(2-arylvinyl)-5-methoxycarbonylpyridines and ( E , E )-2,5-bis(2-arylvinyl)pyridines as polarity and pH probes  ","2,2,2-Trifluoroethanol",589.0,1.29,10.1039/B200446C,C(C(F)(F)F)O,1,1
957,6/20/2016,CrystEngComm,Structural- and optical-properties analysis of single crystalline hematite (α-Fe 2 O 3 ) nanocubes prepared by one-pot hydrothermal approach ,iron,589.0,3.15,10.1039/C6CE00573J,[Fe],2,1
960,9/19/2018,The Journal of Chemical Thermodynamics,VOLUMETRICREFRACTIVEPROPERTIES1357TETRAVINYL1357TETRAMETHYLCYCLOTETRASILOXANEMETHOXYBENZENECHLOROBENZENETERTBUTYLBENZENENITROBENZENET2981531815K,nitrobenzene,589.0,1.46127,10.1016/j.jct.2018.09.021,C1=CC=C(C=C1)[N+](=O)[O-],1,0
962,5/13/2003,Sensors and Actuators B: Chemical,Surface plasmon resonance sensing of liquids using polyelectrolyte thin films,ethanol,589.0,1.3583,10.1016/S0925-4005(03)00104-7,CCO,3,0
963,7/17/2015,Journal of Food Composition and Analysis,BEYONDTRADITIONALBALSAMICVINEGARCOMPOSITIONALSENSORIALCHARACTERISTICSINDUSTRIALBALSAMICVINEGARSREGULATORYREQUIREMENTS,Succinic acid,589.0,3.0,10.1016/j.jfca.2015.07.001,C(CC(=O)O)C(=O)O,1,0
964,2/20/2013,Photochemical & Photobiological Sciences,An intermolecular hydrogen-bonding effect on spectral and photophysical properties of 6-aminocoumarin in protic solvents ,D2O,589.0,1.328,10.1039/C2PP25288K,O,1,1
965,7/30/2003,Journal of Non-Crystalline Solids,PREPARATIONCHARACTERIZATIONSULFIDESELENIDETELLURIDEGLASSES,As2S3,589.0,2.41,10.1016/S0022-3093(03)00375-2,S1[As]2S[As]1S2,0,0
966,12/11/2014,Fluid Phase Equilibria,SOLIDLIQUIDEQUILIBRIAINQUINARYSYSTEMLICLKCLRBCLMGCL2H2OT323K,KRI,589.0,1.4352,10.1016/j.fluid.2014.12.021,C(CSCC(C(C(=O)CO)O)O)C(C(=O)O)N,0,0
967,8/26/2011,Quaternary International,IDENTIFICATIONICELANDICLANDNAMTEPHRAAD8712INSCOTTISHFJORDICSEDIMENT,Na2O,589.0,2.46,10.1016/j.quaint.2011.08.016,[O-2].[Na+].[Na+],1,0
968,7/26/2002,Optics Communications,Numerical and experimental results for focusing of two-dimensional electromagnetic waves into uniaxial crystals,LiNbO3,589.0,1.378,10.1016/S0030-4018(99)00671-9,[Li+].[O-][Nb](=O)=O,3,0
971,8/2/2012,J. Mater. Chem.,Nanosized MEL zeolite and GeSe2 chalcogenide layers as functional building blocks of tunable Bragg stacks,methanol,589.0,1.34,10.1039/C2JM34351G,CO,3,1
972,5/2/2018,Journal of Materials Chemistry B,A novel core–shell structured upconversion nanorod as a multimodal bioimaging and photothermal ablation agent for cancer theranostics  ,NaGdF4,589.0,1.45,10.1039/C7TB02842C,[F-].[F-].[F-].[F-].[Na+].[Gd+3],2,1
973,5/29/2015,Journal of Molecular Liquids,THERMODYNAMICSTUDYASPIRININPRESENCEIONICLIQUID1HEXYL3METHYLIMIDAZOLIUMBROMIDEINACETONITRILET2881531815K,MeCN,589.0,1.354,10.1016/j.molliq.2015.05.032,CC#N,0,0
977,4/6/2012,Fluid Phase Equilibria,APPLICATIONHARMONYSEARCHALGORITHMCALCULATEINTERACTIONPARAMETERSINLIQUIDLIQUIDPHASEEQUILIBRIUMMODELING,Methanol,589.0,1.3308,10.1016/j.fluid.2012.03.029,CO,0,0
980,8/25/2016,Quaternary Science Reviews,IDENTIFICATIONCHANGBAISHANMILLENNIUMBTMERUPTIONDEPOSITINLAKESUIGETSUSG06SEDIMENTARYARCHIVEJAPANSYNCHRONISATIONHEMISPHERICWIDEPALAEOCLIMATEARCHIVES,FeO,589.0,4.09,10.1016/j.quascirev.2016.08.022,O=[Fe],1,0
982,4/29/2002,"Journal of the Chemical Society, Perkin Transactions 2","Synthesis of ( E )-5-(2-arylvinyl)-2-(hetero)arylpyridines, ( E )-2-(2-arylvinyl)-5-methoxycarbonylpyridines and ( E , E )-2,5-bis(2-arylvinyl)pyridines as polarity and pH probes  ",Toluene,589.0,1.49,10.1039/B200446C,CC1=CC=CC=C1,1,1
983,7/26/2008,Spectrochimica Acta Part A: Molecular and Biomolecular Spectroscopy,STATESELECTIVEENERGYTRANSFERER3EU3INBI2O3GEO2GA2O3NA2OGLASSES,Eu2O3,589.0,2.0079,10.1016/j.saa.2008.07.021,[O-2].[O-2].[O-2].[Eu+3].[Eu+3],0,0
985,4/12/2018,Journal of Luminescence,EU2O3DOPEDBRIGHTORANGEREDLUMINESCENTLITHIUMALUMINOBORATEGLASSESFORSOLIDSTATELIGHTING,Eu2O3,589.0,1.553,10.1016/j.jlumin.2018.04.026,[O-2].[O-2].[O-2].[Eu+3].[Eu+3],1,0
986,6/21/2018,Scientific Reports,Towards the indium nitride laser: obtaining infrared stimulated emission from planar monocrystalline InN structures,AlN,589.0,2.3,10.1038/s41598-018-27911-2,N#[Al],2,2
987,3/29/2011,Physical Chemistry Chemical Physics,Evaluation of a quantitative structure–property relationship ( QSPR ) for predicting mid-visible refractive index of secondary organic aerosol ( SOA ) ,o-Tolualdehyde,589.0,1.528,10.1039/C0CP02270E,CC1=CC=CC=C1C=O,1,1
988,10/15/2009,Sensors and Actuators B: Chemical,RECENTDEVELOPMENTSZNOFILMSFORACOUSTICWAVEBASEDBIOSENSINGMICROFLUIDICAPPLICATIONSAREVIEW,AlN,589.0,1.96,10.1016/j.snb.2009.10.010,N#[Al],1,0
989,3/28/2015,Fluid Phase Equilibria,ATMOSPHERICDENSITIESINTERFACIALTENSIONSFOR1ALKANOL1BUTANOL1OCTANOLWATERETHERMTBEETBEDIPETAMETHPWATERDEMIXEDMIXTURES,1-Hexanol,589.0,1.41738,10.1016/j.fluid.2015.03.040,CCCCCCO,0,0
991,5/30/2013,The Journal of Chemical Thermodynamics,DENSITIESREFRACTIVEINDICESVISCOSITIESNNDIETHYLETHANOLAMMONIUMCHLORIDEGLYCEROLETHYLENEGLYCOLDEEPEUTECTICSOLVENTSAQUEOUSSOLUTIONS,H2O,589.0,1.38083,10.1016/j.jct.2013.05.041,O,0,0
992,12/25/2008,Spectrochimica Acta Part A: Molecular and Biomolecular Spectroscopy,NOVELMEASUREMENTSREFRACTIVEINDEXDENSITYMIDINFRAREDINTEGRATEDBANDSTRENGTHSFORSOLIDO2N2ONO2N2O4MIXTURES,N2O,589.0,1.318,10.1016/j.saa.2008.12.030,[N-]=[N+]=O,1,0
994,5/28/2016,Journal of Molecular Liquids,MOLECULARINTERACTIONSINSILICONERUBBERNANOHYDROXYLAPATITESYSTEMINSOLUTIONPHASEPROBEDBYULTRASONICTECHNIQUE,Toluene,589.0,1.509,10.1016/j.molliq.2016.05.086,CC1=CC=CC=C1,1,0
995,8/31/2009,Journal of Non-Crystalline Solids,IMPROVEMENTINOPTICALTRANSMISSIONAMBIENTPRESSUREDRIEDHYDROPHOBICNANOSTRUCTUREDSILICAAEROGELSMIXEDSILYLATINGAGENTS,silica,589.0,1.0615,10.1016/j.jnoncrysol.2009.07.016,O=[Si]=O,0,0
996,9/10/1999,Global and Planetary Change,QUATERNARYSTRATIGRAPHYDISTALTEPHRALAYERSINMEDITERRANEANANOVERVIEW,Fe-Ti,589.0,1.509,10.1016/S0921-8181(99)00006-5,[Ti],0,0
997,7/27/2004,Thin Solid Films,STABILIZINGDIELECTRICCONSTANTFLUORINEDOPEDSIO2FILMBYN2ONH3PLASMAPOSTTREATMENT,CF4,589.0,1.438,10.1016/S0040-6090(97)00482-3,C(F)(F)(F)F,0,0
998,1/31/2001,Surface and Coatings Technology,EFFECTSPROCESSPARAMETERSGROWTHTHICKSIO2USINGPLASMAENHANCEDCHEMICALVAPORDEPOSITIONHEXAMETHYLDISILAZANE,SiO2,589.0,1.4449999999999998,10.1016/S0257-8972(00)00751-9,O=[Si]=O,2,0
999,3/9/2006,Diamond and Related Materials,REMOTEHYDROGENMICROWAVEPLASMACHEMICALVAPORDEPOSITIONSILICONCARBONITRIDEFILMSADIMETHYLAMINODIMETHYLSILANEPRECURSORCOMPOSITIONALSTRUCTURALDEPENDENCIESFILMPROPERTIES,hydrogen,589.0,2.0,10.1016/j.diamond.2006.01.019,[HH],2,0
1002,12/6/2001,Sensors and Actuators B: Chemical,OPTICALPHSENSORBASEDEXCITATIONENERGYTRANSFERINNAFIONFILM,acriflavine,589.0,1.45,10.1016/S0925-4005(01)00998-4,C[N+]1=C2C=C(C=CC2=CC3=C1C=C(C=C3)N)N.C1=CC(=CC2=NC3=C(C=CC(=C3)N)C=C21)N.[Cl-],2,0
1003,11/6/2014,Fuel,EXPRESSMETHODFORTOTALCONTENTASSESSMENTAROMATICHYDROCARBONSOXYGENINFINISHEDGASOLINESBYREFRACTOMETRYDENSIMETRY,EtOH,589.0,1.3611,10.1016/j.fuel.2014.10.042,CCO,0,0
1005,6/28/2008,Journal of Molecular Liquids,REFRACTIVEVOLUMETRICPROPERTIESFORBINARYLIQUIDMIXTURESCONTAININGTOLUENELINEARESTERS29815K,Methyl acetate,589.0,1.3589,10.1016/j.molliq.2008.06.016,CC(=O)OC,1,0
1006,9/12/2008,Nuclear Engineering and Design,FLOWVISUALIZATIONINAPEBBLEBEDREACTOREXPERIMENTUSINGPIVREFRACTIVEINDEXMATCHINGTECHNIQUES,Ammoniumthiocyanate,589.0,1.415,10.1016/j.nucengdes.2008.01.027,C(#N)S.N,0,0
1010,9/19/2008,The Journal of Chemical Thermodynamics,MIXINGPROPERTIESTRIS2HYDROXYETHYLMETHYLAMONIUMMETHYLSULFATEWATERMETHANOL29815KDATATREATMENTUSINGSEVERALCORRELATIONEQUATIONS,methanol,589.0,1.34106,10.1016/j.jct.2008.09.009,CO,0,0
1011,12/4/2000,Lithos,FLUIDINCLUSIONPETROGRAPHY,H2O,589.0,1.31,10.1016/S0024-4937(00)00037-2,O,0,0
1012,6/15/2010,Microporous and Mesoporous Materials,ALUMINUMMESOPOROUSSILICONCOPLANARTYPESTRUCTUREFORMETHANOLGASSENSING,Silicon,589.0,3.44,10.1016/j.micromeso.2010.06.004,[Si],1,0
1014,6/25/2010,Energy Conversion and Management,CATALYTICPYROLYSISLDPELEADSVALUABLERESOURCERECOVERYREDUCTIONWASTEPROBLEMS,Al2O3,589.0,1.452,10.1016/j.enconman.2010.06.016,[O-2].[O-2].[O-2].[Al+3].[Al+3],1,0
1015,10/17/2018,Journal of Luminescence,COUMARINDOPEDPCCDSSEZNSNANOCOMPOSITEFILMSAREDUCEDSELFABSORPTIONEFFECTFORLUMINESCENTSOLARCONCENTRATORS,ZnS,638.0,1.73,10.1016/j.jlumin.2018.10.075,C(CC(=O)OP(=O)(O)O)C(=O)O,0,0
1016,4/5/2018,Optik,SYNTHESISCHARACTERIZATIONINDOPEDZNOTHINFILMEFFICIENTTRANSPARENTCONDUCTINGOXIDECANDIDATE,ZnO,589.0,2.131,10.1016/j.ijleo.2018.04.017,O=[Zn],1,0
1017,10/23/2014,Journal of Materials Chemistry C,A high-performance UV/visible photodetector of Cu 2 O/ZnO hybrid nanofilms on SWNT-based flexible conducting substrates  ,ZnO,589.0,2.2,10.1039/C4TC01585A,O=[Zn],2,1
1018,9/5/2016,Phys. Chem. Chem. Phys.,Outstanding surface plasmon resonance performance enabled by templated oxide gratings,rutile,589.0,2.614,10.1039/C6CP04977J,O=[Ti]=O,3,1
1020,12/24/2015,Polymer,FUNCTIONALMULTILAYEREDPOLYMERICNANOCARRIERSFORDELIVERYMITOCHONDRIALTARGETEDANTICANCERDRUGCURCUMIN,DOX,589.0,2.0,10.1016/j.polymer.2015.12.040,"CC1C(C(CC(O1)OC2CC(CC3=C2C(=C4C(=C3O)C(=O)C5=C(C4=O)C(=CC=C5)OC)O)(C(=O)CO)O)N)O
CC1C(C(CC(O1)OC2CC(CC3=C2C(=C4C(=C3O)C(=O)C5=C(C4=O)C(=CC=C5)OC)O)(C(=O)CO)O)N)O.Cl",0,0
1021,12/21/2000,Sensors and Actuators B: Chemical,INVESTIGATIONSPRUSSIANBLUEFILMSUSINGSURFACEPLASMONRESONANCE,Ethanol,651.1,1.361,10.1016/S0925-4005(00)00622-5,CCO,0,0
1022,4/4/2014,Materials Science in Semiconductor Processing,RECENTADVANCESINULTRAVIOLETPHOTODETECTORS,ZnO,589.0,3.5,10.1016/j.mssp.2014.02.054,O=[Zn],1,0
1023,5/9/2018,Scientific Reports,Long-lived monolithic micro-optics for multispectral GRIN applications,germanium,589.0,4.5,10.1038/s41598-018-25481-x,[Ge],2,2
1024,4/25/2015,Current Applied Physics,INFLUENCEPGANSHAPELIGHTEMISSIONCHARACTERISTICSINGANNANODISKEMBEDDEDPINGANNANORODS,GaN,589.0,2.54,10.1016/j.cap.2015.04.029,CC(C)C(C(=O)NC(C(C)C)C(=O)OC)NC(=O)C(C)N1CC(C=C(C=C1)C(C)NC(=O)C(C)N)CC2=CC=CC=C2,2,0
1027,4/16/2008,Thin Solid Films,CHARACTERIZATIONSPUTTEREDANNEALEDNIOBIUMOXIDEFILMSUSINGSPECTROSCOPICELLIPSOMETRYRUTHERFORDBACKSCATTERINGSPECTROMETRYXRAYDIFFRACTION,oxygen,550.0,2.3,10.1016/j.tsf.2008.04.070,O=O,0,0
1029,12/18/2014,Nanoscale,Fabrication and optical properties of GaAs/InGaAs/GaAs nanowire core–multishell quantum well heterostructures ,GaAs,589.0,4.7,10.1039/C4NR05486E,[Ga]#[As],2,1
1030,5/11/2006,Physical Chemistry Chemical Physics,"A clean, well-defined solid system for photosensitized 1 O 2 production measurements ",methanol,589.0,1.328,10.1039/B517756A,CO,2,1
1031,7/3/2015,RSC Adv.,Introducing nanoscaled surface morphology and percolation barrier network into mesoporous silica coatings,SiO2,589.0,1.3457,10.1039/C5RA09357K,O=[Si]=O,0,1
1032,2/24/2000,Combustion and Flame,DROPLETLASINGSPECTROSCOPYAPPLIEDDROPLETSTREAMFLAMES,ethanol,589.0,1.36048,10.1016/S0010-2180(98)00099-6,CCO,2,0
1033,12/7/2005,Thin Solid Films,RAPIDCRYSTALLIZATIONASIHFILMSVARIOUSSILICONTOHYDROGENBONDINGCONFIGURATIONSUSINGRAPIDENERGYTRANSFERANNEALING,hydrogen,1300.0,3.486,10.1016/j.tsf.2005.10.059,[HH],0,0
1035,4/2/2016,Journal of King Saud University - Science,ALDGROWNNANOSTRUCTUREDZNOTHINFILMSEFFECTSUBSTRATETEMPERATURETHICKNESSENERGYBANDGAP,ZnO,589.0,1.55,10.1016/j.jksus.2016.03.001,O=[Zn],0,0
1036,12/17/2013,Spectrochimica Acta Part A: Molecular and Biomolecular Spectroscopy,DETERMINATIONGROUNDEXCITEDSTATEDIPOLEMOMENTSDIPOLARLASERDYESBYSOLVATOCHROMICSHIFTMETHOD,Heptanol,589.0,1.424,10.1016/j.saa.2013.12.031,CCCCCCCO,1,0
1038,1/29/2019,Spectrochimica Acta Part A: Molecular and Biomolecular Spectroscopy,LUMINESCENCECHARACTERISTICSSM3DOPEDLITHIUMBARIUMGADOLINIUMSILICATEGLASSESFORORANGELEDS,Sm2O3,589.3,1.55,10.1016/j.saa.2019.01.086,[O-2].[O-2].[O-2].[Sm+3].[Sm+3],0,0
1039,10/8/2002,,Electrosynthesis of polyphenylpyrrole coated silver particles at a liquid–liquid interface,silver,589.0,1.444,10.1016/S1388-2481(02)00256-4,[Ag],3,0
1041,7/11/2001,Surface and Coatings Technology,LARGEAREAGLASSCOATING,SnO2,550.0,2.11,10.1016/S0257-8972(98)00737-3,O=[Sn]=O,0,0
1042,9/20/2000,Chemical Physics Letters,PICOSECONDFLUORESCENCEDYNAMICSDIOCTADECYLRHODAMINEBAIRWATERINTERFACEMICROPOLARITYCLUSTERFORMATION,1-hexanol,545.0,1.418,10.1016/S0009-2614(00)00925-8,CCCCCCO,0,0
1043,8/31/2017,Journal of Quantitative Spectroscopy and Radiative Transfer,SIZINGSINGLEEVAPORATINGDROPLETNEARFORWARDELASTICSCATTERINGSPECTROSCOPY,Diethylene glycol,589.0,1.444,10.1016/j.jqsrt.2017.08.017,C(COCCO)O,1,0
1044,2/27/2003,Physical Chemistry Chemical Physics,Tricriticality in the ternary system 3-methylpyridine / water /NaBr? The coexistence curves ,NaBr,589.0,1.39777,10.1039/B212337A,[Na+].[Br-],1,1
1048,5/29/2015,Journal of Molecular Liquids,THERMODYNAMICSTUDYASPIRININPRESENCEIONICLIQUID1HEXYL3METHYLIMIDAZOLIUMBROMIDEINACETONITRILET2881531815K,MeCN,589.0,1.3454,10.1016/j.molliq.2015.05.032,CC#N,0,0
1049,2/21/2018,Organic Electronics,Dual Ag electrodes for semitransparent organic light-emitting diodes,ReO3,589.0,1.68,10.1016/j.orgel.2018.02.028,O=[Re](=O)=O,3,0
1050,1/26/2011,Journal of Quantitative Spectroscopy and Radiative Transfer,IMPACTNONSPHERICITYSMALLSCALESURFACEROUGHNESSOPTICALPROPERTIESHEMATITEAEROSOLS,Hematite,589.0,2.9,10.1016/j.jqsrt.2011.01.022,[O-2].[O-2].[O-2].[Fe+3].[Fe+3],2,0
1052,11/1/2016,The Journal of Chemical Thermodynamics,LIQUIDLIQUIDPHASEEQUILIBRIUMHEATCAPACITYBINARYSOLUTION2PROPANOL1OCTYL3METHYLIMIDAZOLIUMHEXAFLUOROPHOSPHATE,2-propanol,632.8,1.3764,10.1016/j.jct.2016.10.047,CC(C)O,0,0
1053,7/25/2008,Solar Energy Materials and Solar Cells,SELFCONSISTENTOPTICALPARAMETERSINTRINSICSILICON300KINCLUDINGTEMPERATURECOEFFICIENTS,silicon,840.0,3.647,10.1016/j.solmat.2008.06.009,[Si],0,0
1054,5/1/2011,New Journal of Chemistry,Effect of sulfonate-based anions on the physicochemical properties of 1-alkyl-3-propanenitrile imidazolium ionic liquids ,C2CN,589.0,1.5329,10.1039/C0NJ00950D,[C]#CC#N,1,1
1055,7/30/2007,Solid-State Electronics,RADIATIVELINEWIDTHASINGLEIMPURITYMOLECULEINABIREFRINGENTCRYSTAL,Fluorene,589.0,1.663,10.1016/j.sse.2007.06.004,C1C2=CC=CC=C2C3=CC=CC=C31,1,0
1056,9/16/2014,Geochimica et Cosmochimica Acta,RAMANSPECTROSCOPICDETERMINATIONCARBONSPECIATIONQUARTZSOLUBILITYINH2ONA2CO3H2ONAHCO3FLUIDS600C153GPA,Na2CO3,589.0,1.332,10.1016/j.gca.2014.09.009,C(=O)([O-])[O-].[Na+].[Na+],0,0
1057,8/22/2008,Journal of Food Composition and Analysis,FRUCTANSMAJORCOMPOUNDSINONIONCULTIVARSALLIUMCEPA,Fructose,589.0,1.65,10.1016/j.jfca.2008.07.007,C1C(C(C(C(O1)(CO)O)O)O)O,1,0
1059,11/28/2017,Journal of Photochemistry and Photobiology A: Chemistry,REFRACTIVEINDEXDEPENDENCESOLVATOCHROMISM,Tetramethylenesulfoxide,589.0,1.521,10.1016/j.jphotochem.2017.11.048,C1CCS(=O)C1,0,0
1061,3/14/2014,Energy Conversion and Management,REMOVALSILOXANESINSEWAGESLUDGEBYTHERMALTREATMENTGASSTRIPPING,Hexamethyl disiloxane,589.0,1.38,10.1016/j.enconman.2014.02.050,C[Si](C)(C)O[Si](C)(C)C,1,0
1062,7/16/2007,Computational Materials Science,MODELFORCALCULATINGREFRACTIVEINDEXAIIIVSEMICONDUCTOR,GeTe,589.0,4.022,10.1016/j.commatsci.2007.05.023,[Ge]=[Te],1,0
1064,9/8/2011,The Journal of Chemical Thermodynamics,DENSITIESSOUNDVELOCITIESREFRACTIVEINDEXESTETRALINNDECANETHERMODYNAMICMODELINGBYPRIGOGINEFLORYPATTERSONMODEL,tetralin,589.0,1.4491,10.1016/j.jct.2011.09.001,C1CCC2=CC=CC=C2C1,0,0
1065,2/2/2015,Computational Materials Science,FIRSTPRINCIPLESCALCULATIONBANDSTRUCTUREELECTRONICSTATESOPTICALPROPERTIESCRDOPEDZNSDOUBLEWALLNANOTUBES,ZnS,589.0,1.4,10.1016/j.commatsci.2015.01.011,C(CC(=O)OP(=O)(O)O)C(=O)O,1,0
1067,4/8/2010,Solid State Communications,BROADBAND15MEMISSIONHIGHERBIUMDOPEDBI2O3B2O3GA2O3GLASSES,Tellurite,589.0,2.04,10.1016/j.ssc.2010.03.031,[O-][Te](=O)[O-],1,0
1068,7/16/2007,Computational Materials Science,MODELFORCALCULATINGREFRACTIVEINDEXAIIIVSEMICONDUCTOR,CsCl,589.0,1.9287,10.1016/j.commatsci.2007.05.023,[Cl-].[Cs+],1,0
1069,2/6/2014,Sensors and Actuators B: Chemical,AROUTELOWCOSTNANOPLASMONICBIOSENSORINTEGRATEDOPTOFLUIDICPORTABLEPLATFORM,Glycerol,589.0,1.473,10.1016/j.snb.2014.01.110,C(C(CO)O)O,0,0
1071,3/24/2016,Zeitschrift für Medizinische Physik,ACOMPARISONSMALLAPERTUREIMPLANTSPROVIDINGINCREASEDDEPTHFOCUSINPSEUDOPHAKICEYES,IOL,587.0,1.377,10.1016/j.zemedi.2016.03.003,C1=CC(=CC=C1O)I,0,0
1072,3/20/2014,Optics & Laser Technology,IMPROVINGDETECTIONPERFORMANCEBROADBANDQDIPINDUALBANDS35812MPHOTONICCRYSTALFILTERS,YbF3,589.0,1.51,10.1016/j.optlastec.2014.02.013,F[Yb](F)F,1,0
1073,11/5/2014,Journal of Molecular Liquids,AGROUPCONTRIBUTIONMETHODFORESTIMATINGREFRACTIVEINDICESIONICLIQUIDS,Glycine,589.0,1.4494500000000001,10.1016/j.molliq.2014.11.005,C(C(=O)O)N,0,0
1074,6/3/2013,Journal of Food Engineering,STABILITYRHEOLOGYWATERINOILINWATERMULTIPLEEMULSIONSMADEPROTEINPOLYSACCHARIDESOLUBLECOMPLEXES,deionized water,589.0,1.333,10.1016/j.jfoodeng.2013.05.039,O,2,0
1075,1/31/2009,The Journal of Chemical Thermodynamics,THERMODYNAMICOPTICALSTUDIESETHYLENEGLYCOLETHERSINAQUEOUSSOLUTIONST29815K,DEGMEE,589.0,1.4254,10.1016/j.jct.2009.01.010,CCOCCOCCO,1,0
1077,12/29/2003,Journal of Photochemistry and Photobiology A: Chemistry,NEWFLUORESCENTDYEDIBENZALCYCLOPENTANONESERIESPOSSESSINGINCREASEDSOLVATOCHROMISMENERGYGAPLAWREGULATEDFLUORESCENCEQUENCHINGINPOLARSOLVENTS,DMF,589.0,1.4303,10.1016/S1010-6030(03)00435-0,CN(C)C=O,1,0
1078,2/8/2016,New Journal of Chemistry,"The effect of vanadium substitution on photoluminescent properties of KSrLa(PO 4 ) x (VO 4 ) 2−x :Eu 3+ phosphors, a new variant of phosphovanadates  ",K2O,589.0,1.5,10.1039/C5NJ02951A,[O-2].[K+].[K+],1,1
1079,1/20/2002,Fuel,TRIBOLOGICALBEHAVIORALKYLETHERSALCOHOLSINLOWSULFURAUTOMOTIVEDIESEL,Undecanol,589.0,1.437,10.1016/S0016-2361(02)00013-3,CCCCCCCCCCCO,1,0
1081,12/13/2002,Phys. Chem. Chem. Phys.,Dynamics of electronic energy transfer from the S2 state of azulene to the S2 state of zinc porphyrin,pyrene,589.0,1.52,10.1039/B208135K,C1=CC2=C3C(=C1)C=CC4=CC=CC(=C43)C=C2,3,1
1082,12/27/2012,Journal of King Saud University - Science,STRUCTURALOPTICALPROPERTIESZNOTHINFILMSPREPAREDDIFFERENTRFSPUTTERINGPOWER,ZnO,550.0,1.964,10.1016/j.jksus.2012.12.004,O=[Zn],0,0
1083,12/22/2017,Renewable Energy,EXPLORINGEFFECTSHEATUVEXPOSUREGLYCEROLBASEDAGSIO2NANOFLUIDSFORPVTAPPLICATIONS,silica,589.0,1.48,10.1016/j.renene.2017.12.073,O=[Si]=O,2,0
1084,4/12/2018,Solar Energy Materials and Solar Cells,VO2BASEDTHERMALLYACTIVELOWEMISSIVITYCOATINGS,VO2,589.0,2.932,10.1016/j.solmat.2018.03.048,O=[V]=O,1,0
1086,3/31/2016,The Journal of Chemical Thermodynamics,CORRIGENDUMQUATERNARYLIQUIDLIQUIDEQUILIBRIAFORSYSTEMSIMIDAZOLIUMBASEDIONICLIQUIDTHIOPHENEPYRIDINECYCLOHEXANE29815KEXPERIMENTSQUANTUMCHEMICALPREDICTIONSJCHEMTHERMODYN622013142150,Pyridine,589.0,1.5069,10.1016/j.jct.2016.03.041,C1=CC=NC=C1,1,0
1091,1/25/2016,Optical Materials,OPTICALELECTRONICPROPERTIESSEMICONDUCTORSENERGYGAPS,GaAs,589.0,3.3,10.1016/j.optmat.2016.01.012,[Ga]#[As],1,0
1094,5/11/2017,Nanoscale,"Manipulating the emission intensity and lifetime of NaYF<sub>4</sub>:Yb<sup>3+</sup>,Er<sup>3+</sup> simultaneously by embedding it into CdS photonic crystals",CdS,589.0,2.51,10.1039/C7NR01172E,S=[Cd],3,1
1098,6/26/2004,European Journal of Pharmaceutics and Biopharmaceutics,APPLYINGPATTERNRECOGNITIONMETHODSSTRUCTUREPROPERTYCORRELATIONSDETERMINEDRUGCARRIERPOTENTIALNICOTINICACIDANALOGIZEDIHYDROPYRIDINE,Nicotinicacid,589.0,1.647,10.1016/j.ejpb.2004.05.003,C1=CC(=CN=C1)C(=O)O,0,0
1100,3/26/2019,The Journal of Chemical Thermodynamics,LIQUIDLIQUIDEQUILIBRIUMHEATCAPACITYFORCRITICALBINARYSOLUTIONNDECANEBENZONITRILE,n-decane,632.8,1.4447,10.1016/j.jct.2019.03.035,CCCCCCCCCC,0,0
1101,9/21/2002,Optical Materials,EFFECTAMBIENTHYDROGENSULPHIDEOPTICALPROPERTIESEVAPORATEDCADMIUMSULPHIDEFILMS,CdS,800.0,2.24,10.1016/S0925-3467(02)00043-5,S=[Cd],0,0
1104,4/30/2016,Journal of Molecular Liquids,ULTRASONICSPEEDSVISCOSITIESREFRACTIVEINDICESFTIRSPECTROSCOPICSTUDIESOXYGENATEALIPHATICAROMATICHYDROCARBONS29815K30815K,1-Propanol,589.0,1.384,10.1016/j.molliq.2016.04.011,CCCO,1,0
1105,3/16/2015,The Journal of Chemical Thermodynamics,VOLUMETRICACOUSTICREFRACTOMETRICPROPERTIESTHIOPHENEHEXANECYCLOHEXANESOLUTIONSINPRESENCEIMIDAZOLIUMBASEDIONICLIQUIDST29815K,thiophene,589.0,1.4246,10.1016/j.jct.2015.03.004,C1=CSC=C1,0,0
1111,3/18/2019,Food Chemistry,DETERMINATIONSTUDYREFRACTIVEINDICESVISCOSITIESAQUEOUSSOLUTIONSCITRICACIDCITRICACIDGLYCEROLCITRICACIDDSORBITOLT29315K32315KATMOSPHERICPRESSURE,citricacid,589.0,1.3762,10.1016/j.foodchem.2019.03.075,C1=CC2=C(C=C1N)C(=O)NC2=O,0,0
1113,2/27/2003,Physical Chemistry Chemical Physics,Tricriticality in the ternary system 3-methylpyridine / water /NaBr? The coexistence curves ,NaBr,589.0,1.39927,10.1039/B212337A,[Na+].[Br-],1,1
1114,11/19/2007,Thin Solid Films,ELECTROSTATICALLYSELFASSEMBLEDFILMSCONTAININGIIVISEMICONDUCTORNANOPARTICLESOPTICALELECTRICALPROPERTIES,PAH,589.0,1.8041,10.1016/j.tsf.2007.11.067,C1=CC(=CC=C1C(=O)NCC(=O)O)N,0,0
1115,1/26/2016,RSC Adv.,Recognition and binding of voltage-dependent anion channel-1 with ATP and NADH by spectroscopic analysis and molecular docking,Adenosine 5'-Triphosphate,589.0,1.151,10.1039/C5RA27694B,C1=NC(=C2C(=N1)N(C=N2)C3C(C(C(O3)COP(=O)(O)OP(=O)(O)OP(=O)(O)O)O)O)N,0,1
1117,1/14/2003,Astroparticle Physics,COSMICRAYPROTONHELIUMSPECTRAMEASUREDCAPRICE98BALLOONEXPERIMENT,Helium,589.0,1.79,10.1016/S0927-6505(02)00267-0,[He],1,0
1120,8/13/2013,Materials Letters,SYNTHESISCHARACTERIZATIONPLATELIKEVO2MSIO2NANOPARTICLESAPPLICATIONSMARTWINDOW,VO2,589.0,2.2,10.1016/j.matlet.2013.05.051,O=[V]=O,2,0
1121,7/22/2015,Fluid Phase Equilibria,EXPERIMENTALISOBARICVAPORLIQUIDEQUILIBRIUMSUBATMOSPHERICLOCALATMOSPHERICPRESSURESVOLUMETRICPROPERTIESMOLARREFRACTIVITY2931531315KWATERTRIETHYLENEGLYCOL,TEG,589.0,1.44759,10.1016/j.fluid.2015.07.030,C(COCCOCCO)O,0,0
1122,9/20/2018,Atmospheric Environment,BLACKCARBONAEROSOLSOVERURBANHIGHALTITUDEREMOTEREGIONSCHARACTERISTICSRADIATIVEIMPLICATIONS,carbon,589.0,1.75,10.1016/j.atmosenv.2018.09.023,[C],0,0
1123,6/20/2003,Journal of Magnetic Resonance,VARIATIONSCHEMICALSHIFTTMS,Bromoform,589.0,1.5976,10.1016/S1090-7807(03)00142-3,C(Br)(Br)Br,1,0
1124,1/29/2014,Soft Matter,Total internal reflection spectroscopy for studying soft matter  ,CaF2,589.0,1.43,10.1039/C3SM52817K,[F-].[F-].[Ca+2],1,1
1125,10/19/2005,The Journal of Chemical Thermodynamics,THERMOPHYSICALSTUDY14DIOXANECYCLOALKANEMIXTURES,Cyclopentane,589.0,1.431821,10.1016/j.jct.2005.09.004,C1CCCC1,1,0
1127,8/5/2004,Materials Letters,Characterization of broadband amplified spontaneous emission of erbium-doped tellurite fiber with D-shape cladding,tellurite,589.0,1.9,10.1016/j.matlet.2004.05.083,[O-][Te](=O)[O-],3,0
1129,6/9/2005,Spectrochimica Acta Part A: Molecular and Biomolecular Spectroscopy,DETERMINATIONDIPOLEMOMENTINGROUNDEXCITEDSTATEBYEXPERIMENTALTHEORETICALMETHODSNNONYLACRIDINEORANGE,Dichloromethane,589.0,1.421,10.1016/j.saa.2005.04.010,C(Cl)Cl,0,0
1131,8/21/2007,Fluid Phase Equilibria,LIQUIDLIQUIDEQUILIBRIASYSTEMSDIPROPYLETHERNPROPANOLWATERDIPROPYLETHERNPROPANOLETHYLENEGLYCOLDIFFERENTTEMPERATURES,n-Propanol,589.0,2.7799,10.1016/j.fluid.2007.08.008,CCCO,1,0
1132,11/23/1998,Fluid Phase Equilibria,THERMODYNAMICBEHAVIOURMIXTURESCONTAININGMETHYLACETATEMETHANOL1BUTANOL29815KAPPLICATIONERASMODEL,Methyl acetate,589.0,1.3585,10.1016/S0378-3812(98)00248-9,CC(=O)OC,1,0
1133,4/8/2016,Applied Surface Science,LASERSURFACESUBSURFACEMODIFICATIONSAPPHIREUSINGFEMTOSECONDPULSES,quartz,1000.0,1.45,10.1016/j.apsusc.2016.04.032,O=[Si]=O,0,0
1138,9/11/2004,Thermochimica Acta,DENSITIESSPEEDSSOUNDISENTROPICCOMPRESSIBILITIESREFRACTIVEINDEXESVISCOSITIESTETRAHYDROFURANHALOALKANEALKYLETHANOATET30315K,tetrahydrofuran,589.0,1.476,10.1016/j.tca.2004.08.001,C1CCOC1,0,0
1139,3/14/2016,Optik,STUDIESTEMPERATUREVARIATIONINSEMICONDUCTORWAVEGUIDETHROUGHARDPLOSSFORNANOPHOTONICAPPLICATIONS,InSb,589.0,3.849,10.1016/j.ijleo.2016.03.029,[In]#[Sb],1,0
1140,3/21/2011,Soft Matter,Nanoconfined liquid aliphatic compounds under external electric fields: roles of headgroup and alkyl chain length,1-bromoheptane,589.0,1.45,10.1039/C0SM00971G,CCCCCCCBr,0,1
1141,11/27/2016,Journal of Non-Crystalline Solids,CALCULATIONPHYSICALPROPERTIESGLASSVIAPHASEDIAGRAMAPPROACH,As-Se,589.0,4.59,10.1016/j.jnoncrysol.2016.11.005,[Se],0,0
1143,8/18/2018,Optics & Laser Technology,EFFECTSR2DOPINGLINEARNONLINEAROPTICALPROPERTIESZNONANOSTRUCTURES,ZnO,589.0,4.52,10.1016/j.optlastec.2018.08.019,O=[Zn],1,0
1144,5/10/2017,Ophthalmology,SIXYEARINCIDENCEAGERELATEDMACULARDEGENERATIONINASIANMALAYS,cholesterol,589.0,1.35,10.1016/j.ophtha.2017.03.056,CC(C)CCCC(C)C1CCC2C1(CCC3C2CC=C4C3(CCC(C4)O)C)C,1,0
1145,10/23/2014,Sensors and Actuators B: Chemical,DYEMODIFIEDCARBONNANOTUBESFOROPTICALDETECTIONAMINESVAPOURS,Trimethylamine,589.0,1.581,10.1016/j.snb.2014.10.046,CN(C)C,1,0
1146,1/18/2002,Journal of Asian Earth Sciences,EVOLUTIONMAYURBHANJGRANITEPLUTONEASTERNSINGHBHUMINDIAACASESTUDYPETROGENESISATYPEGRANITEINBIMODALASSOCIATION,Na2O,589.0,3.11,10.1016/S1367-9120(02)00002-0,[O-2].[Na+].[Na+],1,0
1148,5/28/2012,The Journal of Chemical Thermodynamics,THERMODYNAMICMODELINGEXPERIMENTALSPEEDSSOUNDDENSITIESREFRACTIVEINDEXESTETRALINNDODECANE,tetralin,589.0,1.43374,10.1016/j.jct.2012.05.023,C1CCC2=CC=CC=C2C1,0,0
1152,6/6/2013,Current Applied Physics,DEVELOPMENTHIGHSENSITIVITYETHANOLGASSENSORBASEDCODOPEDSNO2NANOPARTICLESBYMICROWAVEIRRADIATIONTECHNIQUE,SnO2,589.0,1.945,10.1016/j.cap.2013.05.016,O=[Sn]=O,2,0
1153,1/8/2011,Chemical Engineering and Processing: Process Intensification,SPATIALLYRESOLVEDDRYINGKINETICSMULTICOMPONENTSOLUTIONCASTFILMSFORORGANICELECTRONICS,o-Xylene,589.0,1.503,10.1016/j.cep.2010.12.012,CC1=CC=CC=C1C,1,0
1154,12/22/2006,Physica B: Condensed Matter,ELECTRONICPOLARIZABILITYOPTICALBASICITYLANTHANIDEOXIDES,Pr2O3,589.0,2.003,10.1016/j.physb.2006.11.015,[O-2].[O-2].[O-2].[Pr+3].[Pr+3],0,0
1155,1/25/2010,The Journal of Chemical Thermodynamics,EVALUATIONPOLYSUBSTITUTEDPYRIDINIUMIONICLIQUIDHMMPYNTF2ASUITABLESOLVENTFORDESULFURIZATIONPHASEEQUILIBRIA,Toluene,589.0,1.49413,10.1016/j.jct.2010.01.005,CC1=CC=CC=C1,1,0
1157,5/10/2016,American Journal of Ophthalmology,PREVALENCEFEATURESSEVERITYGLAUCOMATOUSVISUALFIELDLOSSMEASURED102ACHROMATICTHRESHOLDVISUALFIELDTEST,OH,589.0,1.68,10.1016/j.ajo.2016.05.003,[OH-],1,0
1158,10/24/2015,Spectrochimica Acta Part A: Molecular and Biomolecular Spectroscopy,ESTIMATIONGROUNDEXCITEDSTATEDIPOLEMOMENTLASERDYESC504TC521TUSINGSOLVATOCHROMICSHIFTSABSORPTIONFLUORESCENCESPECTRA,Toluene,589.0,1.497,10.1016/j.saa.2015.10.020,CC1=CC=CC=C1,1,0
1161,3/9/2018,The Journal of Supercritical Fluids,EXTRACTIONBARUDIPTERYXALATAVOGELSEEDOILUSINGCOMPRESSEDSOLVENTSTECHNOLOGY,Propane,589.0,1.468,10.1016/j.supflu.2018.03.004,CCC,0,0
1165,10/5/2007,Journal of Photochemistry and Photobiology A: Chemistry,SYNTHESISSOLVENTEFFECTSPHOTOPHYSICOCHEMICALPROPERTIESNOVELCADMIUMPHENOXYPHTHALOCYANINES,DMSO,698.0,1.479,10.1016/j.jphotochem.2007.09.020,CS(=O)C,0,0
1166,3/23/2015,Applied Surface Science,INFLUENCEPOSTDEPOSITIONHEATTREATMENTOPTICALPROPERTIESDERIVEDUVVISCADMIUMTELLURIDECDTETHINFILMSDEPOSITEDAMORPHOUSSUBSTRATE,CdTe,589.0,2.52,10.1016/j.apsusc.2015.03.095,[Cd]=[Te],0,0
1167,5/6/2014,Analyst,Monolayer detection of ion binding at a crown ether-functionalised supramolecular surface via an integrated optical Bragg grating  ,methanol,589.0,1.33,10.1039/C4AN00283K,CO,2,1
1170,6/7/2007,Fuel Processing Technology,SEPARATIONDIFFERENTPARAFFINWAXGRADESUSINGTWOCOMPARATIVEDEOILINGTECHNIQUES,ethylacetate,589.0,1.4278,10.1016/j.fuproc.2007.04.011,CCOC(=O)C,0,0
1171,10/23/2000,Solid State Communications,CONCENTRATIONPROFILEMEVNIIONSINLINBO3KTIOPO4DETERMINEDBYSIMS,KTiOPO4,589.0,2.0,10.1016/S0038-1098(00)00383-5,[O-2].[O-]P(=O)([O-])[O-].[K+].[Ti+4],2,0
1172,7/5/2016,Journal of Non-Crystalline Solids,STRUCTUREPROPERTIESNA2OTIO2SIO2GLASSESROLENATIMODIFYINGSILICANETWORK,Na2O-90SiO2,589.0,1.4945,10.1016/j.jnoncrysol.2016.06.028,[O-][Si](=O)[O-].[Na+].[Na+],0,0
1175,9/23/2012,European Journal of Pharmaceutics and Biopharmaceutics,SYNERGISTICCOMBINATIONDRYPOWDERSFORINHALEDANTIMICROBIALTHERAPYFORMULATIONCHARACTERIZATIONINVITROEVALUATION,CIP,589.0,1.52,10.1016/j.ejpb.2012.09.002,CN1CC[N+](=C1Cl)C.F[P-](F)(F)(F)(F)F,2,0
1176,2/14/2013,Journal of Molecular Liquids,MOLECULARINTERACTIONCOSOLUBILIZATIONORGANICPOLLUTANTSECOTOXICITYAPOTENTIALCARCINOGENICFUELADDITIVEMTBEINWATER,MTBE,589.0,1.33351,10.1016/j.molliq.2013.01.022,CC(C)(C)OC,0,0
1178,1/6/2016,The Journal of Chemical Thermodynamics,PHYSICOCHEMICALPROPERTIES135TRIMETHYL135TRIS333TRIFLUOROPROPYLCYCLOTRISILOXANEVARIOUSAROMATICHYDROCARBONST3081532315K,nitrobenzene,589.0,1.3776,10.1016/j.jct.2015.12.025,C1=CC=C(C=C1)[N+](=O)[O-],1,0
1180,10/13/2016,Journal of Molecular Liquids,ASSESSMENTNONCOVALENTINTERACTIONBETWEENINSULINANTIBIOTICSINAQUEOUSSOLUTIONTHROUGHULTRASONICSTUDIESINSILICODOCKINGANALYSIS,Azithromycin,589.0,1.3348,10.1016/j.molliq.2016.10.051,CCC1C(C(C(N(CC(CC(C(C(C(C(C(=O)O1)C)OC2CC(C(C(O2)C)O)(C)OC)C)OC3C(C(CC(O3)C)N(C)C)O)(C)O)C)C)C)O)(C)O,1,0
1181,7/22/2011,Plasmonics,Theoretical Analysis the Optical Properties of Multi-coupled Silver Nanoshell Particles,silver,589.0,1.5,10.1007/s11468-011-9254-z,[Ag],3,2
1184,10/6/2017,Scientific Reports,All-optical control on a graphene-on-silicon waveguide modulator,silicon,589.0,3.48,10.1038/s41598-017-13213-6,[Si],2,2
1186,5/23/2010,Fusion Engineering and Design,FIRSTBORONIZATIONINKSTAR,silicon,589.0,1.45,10.1016/j.fusengdes.2010.04.064,[Si],2,0
1188,10/3/2018,Optik,Analysis of optical sensitivity of analytes in aqua solutions,Benzyne,589.0,1.366,10.1016/j.ijleo.2018.10.002,C1=CC#CC=C1,3,0
1189,5/7/2013,Superlattices and Microstructures,STRUCTURALOPTICALPROPERTIESSPINCOATEDZN1XCRXONANOSTRUCTURES,ZnO,589.0,1.97,10.1016/j.spmi.2013.04.025,O=[Zn],0,0
1191,1/26/2017,Journal of Molecular Liquids,DIELECTRICSTUDYPRIMARYALKANEDIOLSC3C4C51PENTANOLISOMERS,Active amyl alcohol,589.0,1.4087,10.1016/j.molliq.2017.01.086,CCC(C)CO,1,0
1193,10/17/2018,International Journal of Pharmaceutics,ANTIBACTERIALLAYERBYLAYERCOATINGSCONTROLDRUGRELEASESOFTCONTACTLENSESMATERIAL,DIC,589.0,1.417,10.1016/j.ijpharm.2018.10.041,CC(C)N=C=NC(C)C,0,0
1194,6/12/2017,Optics Communications,MICROSPHEREAIDEDOPTICALMICROSCOPYAPPLICATIONSFORSUPERRESOLUTIONIMAGING,sugar,589.0,1.399,10.1016/j.optcom.2017.05.049,C(C1C(C(C(C(O1)OC2(C(C(C(O2)CO)O)O)CO)O)O)O)O,0,0
1195,9/19/2008,The Journal of Chemical Thermodynamics,MIXINGPROPERTIESTRIS2HYDROXYETHYLMETHYLAMONIUMMETHYLSULFATEWATERMETHANOL29815KDATATREATMENTUSINGSEVERALCORRELATIONEQUATIONS,methanol,589.0,1.40679,10.1016/j.jct.2008.09.009,CO,0,0
1198,2/10/2006,Journal of Molecular Liquids,DIELECTRICSTUDIESHYDROGENBONDEDCOMPLEXESALCOHOLSNNDIMETHYLFORMAMIDE,n-Propanol,589.0,1.4922,10.1016/j.molliq.2005.02.003,CCCO,0,0
1202,7/29/2012,Journal of Molecular Liquids,DENSITIESVISCOSITIESREFRACTIVEINDICESEXCESSPROPERTIESANILINEOANISIDINE2ALKOXYETHANOLS30315K,aniline,589.0,1.5285,10.1016/j.molliq.2012.07.025,C1=CC=C(C=C1)N,0,0
1203,2/19/2019,LWT,MICROWAVEASSISTEDEXTRACTIONSOLUBLESUGARSBANANAPUREENATURALDEEPEUTECTICSOLVENTSNADES,Glu,589.0,1.374,10.1016/j.lwt.2019.02.052,C(CC(=O)O)C(C(=O)O)N,1,0
1205,9/2/2013,Fluid Phase Equilibria,LIQUIDLIQUIDCOEXISTENCECURVESXNITROBENZENE1X2METHYLPENTANEXNITROBENZENE1XISOOCTANEINCRITICALREGION,nitrobenzene,632.8,1.4831,10.1016/j.fluid.2013.08.025,C1=CC=C(C=C1)[N+](=O)[O-],0,0
1206,10/3/2017,Journal of Molecular Liquids,THERMODYNAMICSAMIDEKETONEMIXTURES2VOLUMETRICSPEEDSOUNDREFRACTIVEINDEXDATAFORNNDIMETHYLACETAMIDE2ALKANONESYSTEMSSEVERALTEMPERATURESAPPLICATIONFLORYSMODELTERTIARYAMIDENALKANONESYSTEMS,"N,N-dimethylacetamide",589.0,1.41638,10.1016/j.molliq.2017.10.007,CC(=O)N(C)C,1,0
1208,6/17/2017,The Journal of Chemical Thermodynamics,THERMODYNAMICTRANSPORTPROPERTIESACETONITRILEALKANEDIOLSLIQUIDMIXTURESDIFFERENTTEMPERATURESEXPERIMENTALMEASUREMENTSMODELING,"1,2-Propanediol",589.0,1.429,10.1016/j.jct.2017.06.004,CC(CO)O,1,0
1209,5/26/2016,Thermochimica Acta,THERMODYNAMICPROPERTIES1BUTYL3METHYLIMIDAZOLIUMSALICYLATEACTIVEPHARMACEUTICALINGREDIENTIONICLIQUIDAPIILINAQUEOUSSOLUTIONSGLYCINELALANINET2881531815K,glycine,589.0,1.3447,10.1016/j.tca.2016.05.013,C(C(=O)O)N,0,0
1210,12/31/2014,Materials Science in Semiconductor Processing,ADENSITYFUNCTIONALSTUDYSTRUCTURALELECTRONICOPTICALPROPERTIESTITANIUMDIOXIDECHARACTERIZATIONRUTILEANATASEBROOKITEPOLYMORPHS,Brookite,589.0,2.50275,10.1016/j.mssp.2014.12.027,O=[Ti]=O,0,0
1213,9/19/2018,The Journal of Chemical Thermodynamics,VOLUMETRICREFRACTIVEPROPERTIES1357TETRAVINYL1357TETRAMETHYLCYCLOTETRASILOXANEMETHOXYBENZENECHLOROBENZENETERTBUTYLBENZENENITROBENZENET2981531815K,methoxybenzene,589.0,1.46124,10.1016/j.jct.2018.09.021,COC1=CC=CC=C1,1,0
1214,10/30/2010,Sensors and Actuators B: Chemical,EMISSIONBASEDSUBNANOMOLARSILVERSENSINGELECTROSPUNNANOFIBERS,EtOH,1000.0,1.4694,10.1016/j.snb.2010.10.036,CCO,0,0
1215,10/30/2000,"Nuclear Instruments and Methods in Physics Research Section A: Accelerators, Spectrometers, Detectors and Associated Equipment",CRYSTALLINEYALO3ANOVELWINDOWFORPHOTODETECTORS,YAlO3,589.0,1.95,10.1016/S0168-9002(00)00831-7,[O-2].[O-2].[O-2].[Al+3].[Y+3],0,0
1216,1/22/2014,Physical Chemistry Chemical Physics,Features of the piezo-phototronic effect on optoelectronic devices based on wurtzite semiconductor nanowires ,InAs,589.0,3.808,10.1039/C3CP53737D,[As].[In],1,1
1219,2/27/2016,European Journal of Pharmaceutical Sciences,APPLICABILITYREFRACTOMETRYFORFASTROUTINECHECKINGHOSPITALPREPARATIONS,NaCl,589.0,1.336394,10.1016/j.ejps.2016.02.014,[Na+].[Cl-],1,0
1222,4/26/2016,Analyst,A photochromic–acidochromic HCl fluorescent probe. An unexpected chloride-directed recognition,p-Xylene,589.0,1.5054,10.1039/C6AN00509H,CC1=CC=C(C=C1)C,0,1
1223,4/4/2014,J. Mater. Chem. C,Triethylene glycol–titanium oxide hydrate hybrid films with high refractive index and surface evenness,titanium(IV) butoxide,589.0,2.06,10.1039/C3TC32200A,CCCCO.CCCCO.CCCCO.CCCCO.[Ti],3,1
1224,8/26/2011,Quaternary International,IDENTIFICATIONICELANDICLANDNAMTEPHRAAD8712INSCOTTISHFJORDICSEDIMENT,TiO2,589.0,2.33,10.1016/j.quaint.2011.08.016,O=[Ti]=O,1,0
1225,10/9/2002,Optics &amp; Laser Technology,Design of GaN convex diffractive microlenses,GaN,589.0,2.5,10.1016/S0030-3992(02)00073-7,CC(C)C(C(=O)NC(C(C)C)C(=O)OC)NC(=O)C(C)N1CC(C=C(C=C1)C(C)NC(=O)C(C)N)CC2=CC=CC=C2,3,0
1226,12/30/2001,Solid-State Electronics,ELECTRICALCHARACTERISTICSTHINFILMCUBICBORONNITRIDE,SiC,589.0,2.65,10.1016/S0038-1101(01)00160-5,[C-]#[Si+],1,0
1227,6/7/2010,Optical Materials,SPECTROSCOPYBI4SI3O12ER3GLASSFOROPTICALAMPLIFICATIONLASERAPPLICATION,Tellurite,66.0,2.02,10.1016/j.optmat.2010.04.033,[O-][Te](=O)[O-],0,0
1229,3/21/2014,Tetrahedron,FLUORESCENTDETECTIONAMIDINIUMCARBOXYLATEAMIDINIUMFORMATIONUSINGA18DIPHENYLNAPHTHALENEBASEDDIAMIDINEDICARBOXYLICACIDRECOGNITIONHIGHFLUORESCENCEEFFICIENCY,Pimelic acid,589.0,4.71,10.1016/j.tet.2014.03.036,C(CCC(=O)O)CCC(=O)O,1,0
1230,12/13/2012,Journal of Molecular Liquids,EXCESSMOLARVOLUMESREFRACTIVEINDICESBINARYLIQUIDMIXTURESACETYLACETONENNONANENDECANENDODECANE298153031530815K,n-Dodecane,589.0,1.4192,10.1016/j.molliq.2012.11.022,CCCCCCCCCCCC,1,0
1231,1/25/2016,Optical Materials,OPTICALELECTRONICPROPERTIESSEMICONDUCTORSENERGYGAPS,AlSb,589.0,3.19,10.1016/j.optmat.2016.01.012,[Al]#[Sb],0,0
1232,8/25/2004,Journal of Molecular Liquids,STANDARDPARTIALMOLARVOLUMESIONSINSOLUTION,Acetonitrile,589.0,1.808,10.1016/j.molliq.2004.07.002,CC#N,0,0
1233,3/19/2012,Nanoscale Research Letters,Strong coupling between surface plasmon polaritons and Sulforhodamine 101 dye,BK7,589.0,1.52,10.1186/1556-276X-7-191,CCOC1=CC2=C(C=C1)C=C(C=C2)C3=NN(C4=NC=NC(=C34)N)CC5CCNCC5,2,2
1234,12/10/2010,Spectrochimica Acta Part A: Molecular and Biomolecular Spectroscopy,EFFECTANISOTROPICISOTROPICSOLVENTDIPOLEMOMENTCOUMARINDYES,1-Butanol,589.0,1.399,10.1016/j.saa.2010.12.002,CCCCO,0,0
1235,12/30/2008,Atmospheric Environment,AEROSOLPHYSICALCHEMICALOPTICALPROPERTIESDURINGROCKYMOUNTAINAIRBORNENITROGENSULFURSTUDY,TiO2,589.0,2.58,10.1016/j.atmosenv.2008.12.042,O=[Ti]=O,1,0
1236,11/8/2005,Materials Science and Engineering: C,POLYMERMICROMACHININGFORMICRONANOPHOTONICS,CrO3,589.0,1.75,10.1016/j.msec.2005.09.010,O=[Cr](=O)=O,1,0
1238,9/7/2005,The Journal of Chemical Thermodynamics,PROPERTIESIONICLIQUIDHMIMPF6CARBONATESKETONESALKYLACETATES,2-Butanone,589.0,1.37685,10.1016/j.jct.2005.07.020,CCC(=O)C,1,0
1241,4/19/2001,Journal of Photochemistry and Photobiology A: Chemistry,PHOTOPHYSICALAGGREGATIONPROPERTIESALONGCHAINSQUARYLIUMINDOCYANINEDYE,Toluene,642.5,1.4961,10.1016/S1010-6030(01)00405-1,CC1=CC=CC=C1,0,0
1243,9/20/2000,Chemical Physics Letters,PICOSECONDFLUORESCENCEDYNAMICSDIOCTADECYLRHODAMINEBAIRWATERINTERFACEMICROPOLARITYCLUSTERFORMATION,1-hexanol,571.0,1.418,10.1016/S0009-2614(00)00925-8,CCCCCCO,0,0
1244,8/28/2006,Progress in Polymer Science,POLYMERSTRIGLYCERIDEOILS,Stearicacid,589.0,1.4337,10.1016/j.progpolymsci.2006.07.001,CCCCCCCCCCCCCCCCCC(=O)O,0,0
1246,12/29/2014,Journal of Alloys and Compounds,EXPERIMENTALNUMERICALSTUDYSTRUCTURALTHERMALRADIATIONPROPERTIESYTTRIUMOXIDESPUTTEREDSAPPHIRE,Y2O3,589.0,1.8557,10.1016/j.jallcom.2014.11.233,[O-2].[O-2].[O-2].[Y+3].[Y+3],0,0
1249,2/7/2015,Journal of Alloys and Compounds,LOWTEMPERATURESYNTHESISCHARACTERIZATIONSNDOPEDSB2S3THINFILMFORSOLARCELLAPPLICATIONS,Sb2S3,589.0,3.43,10.1016/j.jallcom.2015.01.307,S=[Sb]S[Sb]=S,0,0
1251,4/21/2009,Lab on a Chip, Water -ice chip with liquid-core waveguide functionality. Toward lab on ice  ,"1,2-DCE",589.0,1.445,10.1039/B821382H,C(CCl)Cl,1,1
1252,11/22/2017,Optical Materials,STIMULATEDBRILLOUINSCATTERINGMATERIALSEXPERIMENTALDESIGNAPPLICATIONSAREVIEW,CaF2,589.0,1.44,10.1016/j.optmat.2017.10.035,[F-].[F-].[Ca+2],1,0
1253,3/5/2016,Sensors and Actuators A: Physical,THEORETICALRESEARCHATWODIMENSIONALPHOXONICCRYSTALLIQUIDSENSORBYUTILIZINGSURFACEOPTICALACOUSTICWAVES,1-propanol,589.0,1.3326,10.1016/j.sna.2016.03.003,CCCO,0,0
1254,2/3/2004,Sensors and Actuators B: Chemical,BIOSENSORBASEDSURFACEPLASMONINTERFEROMETRYINDEPENDENTVARIATIONSLIQUIDSREFRACTIONINDEX,thiol,589.0,1.3325,10.1016/j.snb.2003.10.033,S,2,0
1255,5/17/2017,Journal of Molecular Liquids,EXPERIMENTALSOLUBILITYDATAFORPREDNISOLONEHYDROCORTISONEINVARIOUSSOLVENTSBETWEEN29323282KBYEMPLOYINGCOMBINEDDTATGA,Acetonitrile,589.0,1.3442,10.1016/j.molliq.2017.05.076,CC#N,1,0
1256,5/29/2008,Physica B: Condensed Matter,FLUORESCENCESPECTROSCOPYSM3IONSINP2O5PBONB2O5GLASSES,Phosphate,589.0,1.48,10.1016/j.physb.2008.05.027,[O-]P(=O)([O-])[O-],0,0
1257,5/26/2016,Thermochimica Acta,THERMODYNAMICPROPERTIES1BUTYL3METHYLIMIDAZOLIUMSALICYLATEACTIVEPHARMACEUTICALINGREDIENTIONICLIQUIDAPIILINAQUEOUSSOLUTIONSGLYCINELALANINET2881531815K,glycine,589.0,1.3389,10.1016/j.tca.2016.05.013,C(C(=O)O)N,0,0
1259,9/3/2010,Journal of Non-Newtonian Fluid Mechanics,FLOWPATTERNMOLECULARVISUALIZATIONDNASOLUTIONSTHROUGHA41PLANARMICROCONTRACTION,sucrose,589.0,5.05,10.1016/j.jnnfm.2010.08.009,C(C1C(C(C(C(O1)OC2(C(C(C(O2)CO)O)O)CO)O)O)O)O,1,0
1260,11/19/1998,Journal of Non-Crystalline Solids,SPECTROSCOPYQUANTUMEFFICIENCYHALIDEMODIFIEDGALLIUMLANTHANUMSULFIDEGLASSESDOPEDPRASEODYMIUM,CsCl,589.0,2.4,10.1016/S0022-3093(98)00735-2,[Cl-].[Cs+],0,0
1262,4/20/2016,Optical and Quantum Electronics,Surface plasmon resonance-enhanced light interaction in an integrated ormocomp nanowire,iso-propanol,589.0,1.351,10.1007/s11082-016-0499-9,CC(C)O,2,2
1264,1/25/2010,Lab Chip,A reconfigurable optofluidic Michelson interferometer using tunable droplet grating,glycerol,589.0,1.4729,10.1039/B920412A,C(C(CO)O)O,0,1
1265,3/31/2014,Spectrochimica Acta Part A: Molecular and Biomolecular Spectroscopy,SOLVENTEFFECTRELATIVEQUANTUMYIELDFLUORESCENCEQUENCHING2DAM,THF,589.0,1.4072,10.1016/j.saa.2014.03.063,C1CCOC1,0,0
1269,8/15/2003,Synthetic Metals,SPECTROSCOPICTRAVELLINGWAVELASINGCHARACTERISATIONGILCHTYPEHORNERTYPEMEHPPV,toluene,577.8,1.743,10.1016/S0379-6779(03)00356-4,CC1=CC=CC=C1,0,0
1270,8/22/2013,"Nuclear Instruments and Methods in Physics Research Section A: Accelerators, Spectrometers, Detectors and Associated Equipment",PERFORMANCESTUDYWAVELENGTHSHIFTINGACRYLICPLASTICFORCHERENKOVLIGHTDETECTION,silica,476.5,1.46372,10.1016/j.nima.2013.08.029,O=[Si]=O,0,0
1271,12/27/2012,Journal of King Saud University - Science,STRUCTURALOPTICALPROPERTIESZNOTHINFILMSPREPAREDDIFFERENTRFSPUTTERINGPOWER,ZnO,589.0,1.982,10.1016/j.jksus.2012.12.004,O=[Zn],1,0
1272,3/9/2006,Spectrochimica Acta Part A: Molecular and Biomolecular Spectroscopy,SOLVENTEFFECTSABSORPTIONFLUORESCENCESPECTRACOUMARINS67MOLECULESDETERMINATIONGROUNDEXCITEDSTATEDIPOLEMOMENT,Chloroform,589.0,1.4429,10.1016/j.saa.2005.12.028,C(Cl)(Cl)Cl,1,0
1273,11/15/2012,Journal of Quantitative Spectroscopy and Radiative Transfer,COMBININGWEIGHTINGSCATTEROMETRYAPPLICATIONALEVITATEDDROPLETSUSPENSION,Diethylene glycol,589.0,1.445,10.1016/j.jqsrt.2012.11.010,C(COCCO)O,1,0
1276,7/23/2010,Optical Materials,ORGANICINORGANICHYBRIDMATERIALSTOWARDSPASSIVEACTIVEARCHITECTURESFORNEXTGENERATIONOPTICALNETWORKS,TiO2,589.0,1.50665,10.1016/j.optmat.2010.06.019,O=[Ti]=O,1,0
1277,7/6/2018,Journal of Molecular Liquids,OZONESOLVATOCHROMISMINSELECTEDSOLVENTS,dimethylcarbonate,589.0,1.368,10.1016/j.molliq.2018.07.021,COC(=O)OC,0,0
1281,9/16/2016,The Journal of Chemical Thermodynamics,FULLYAUTOMATIZEDAPPARATUSFORDETERMININGSPEEDSOUNDFORLIQUIDSINTEMPERATUREPRESSUREINTERVAL2831534315K0195MPA,Heptane,589.0,1.3852,10.1016/j.jct.2016.09.022,CCCCCCC,1,0
1283,6/9/2005,Spectrochimica Acta Part A: Molecular and Biomolecular Spectroscopy,ANISOTROPYSHIFTRAMANBANDWIDTHSTUDIESINCARBONYLCONTAININGMOLECULEOCHLOROBENZALDEHYDEROLEREPULSIVEFORCES,C6H5Cl,589.0,1.523,10.1016/j.saa.2005.04.017,C1=CC=C(C=C1)Cl,1,0
1284,2/20/2015,Atmospheric Research,ACOMPARISONPHYSICALPROPERTIESDESERTDUSTRETRIEVEDSUNPHOTOMETEROBSERVATIONMAJOREVENTSINSAHARASAHELARABIANPENINSULA,Dakar,589.0,1.52,10.1016/j.atmosres.2015.02.005,CC1=C(C=CN=C1CS(=O)C2=NC3=CC=CC=C3N2)OCC(F)(F)F,1,0
1285,10/18/2014,Optik,CONTROLDISTRIBUTIONSURFACEPLASMONLOCALFIELDBYALTERINGSURROUNDINGMATERIAL,ZrO2,589.0,1.59,10.1016/j.ijleo.2014.07.100,O=[Zr]=O,2,0
1287,3/16/2016,Physical Chemistry Chemical Physics,Molecular interactions between ammonium-based ionic liquids and molecular solvents: current progress and challenges  ,Triethylsulfonium,589.0,1.42472,10.1039/C6CP00199H,CC[S+](CC)CC,1,1
1288,12/3/2003,Fluid Phase Equilibria,ACOUSTICVOLUMETRICCOMPRESSIBILITYREFRACTIVITYPROPERTIESREDUCTIONPARAMETERSFORERASFLORYMODELSHOMOLOGOUSSERIESAMINES2981532815K,Tributylamine,589.0,1.4168,10.1016/j.fluid.2003.09.007,CCCCN(CCCC)CCCC,1,0
1289,1/31/2013,Solar Energy Materials and Solar Cells,OPTICALREFLECTIONHETEROJUNCTIONINTERFACETHINFILMSOLARCELLS,GaSb,589.0,4.49,10.1016/j.solmat.2012.12.035,[Ga+3].[Sb],1,0
1291,2/5/2018,Optik,THINFILMSBASEDONEDIMENSIONALPHOTONICCRYSTALFORREFRACTIVEINDEXSENSING,glycerol,580.16,1.4279,10.1016/j.ijleo.2018.01.047,C(C(CO)O)O,0,0
1295,1/19/2006,Journal of Crystal Growth,FABRICATIONOPTICALWAVEGUIDESUSINGPROTONBEAMWRITING,silica,1550.0,1.445,10.1016/j.jcrysgro.2005.12.053,O=[Si]=O,0,0
1296,11/16/2006,International Journal of Mineral Processing,DETERMINATIONDISTRIBUTIONSIZEIRREGULARLYSHAPEDPARTICLESLASERDIFFRACTOMETERMEASUREMENTS,quartz,589.0,1.55,10.1016/j.minpro.2006.09.011,O=[Si]=O,2,0
1298,10/3/2016,The Journal of Chemical Thermodynamics,MOLARENTHALPYMIXINGREFRACTIVEINDICESCHOLINECHLORIDEBASEDDEEPEUTECTICSOLVENTSWATER,H2O,589.0,1.4519,10.1016/j.jct.2016.10.002,O,0,0
1299,11/20/2014,Industrial Crops and Products,YIELDCOMPOSITIONHYDRODISTILLATIONKINETICSESSENTIALOILDILLSEEDSANETHIFRUCTUSOBTAINEDBYDIFFERENTHYDRODISTILLATIONTECHNIQUES,ethanol,589.0,1.4865,10.1016/j.indcrop.2014.10.067,CCO,0,0
1300,7/20/2010,International Journal of Refrigeration,PROPERTIESOTHERASPECTSAQUEOUSSOLUTIONSUSEDFORSINGLEPHASEICESLURRYAPPLICATIONS,Propylene glycol,589.0,1.3495,10.1016/j.ijrefrig.2010.07.014,CC(CO)O,1,0
1301,3/6/2017,RSC Adv.,Preparation of mechanically stable triple-layer interference broadband antireflective coatings with self-cleaning property by sol–gel technique,TiO2,589.0,2.14,10.1039/C7RA00844A,O=[Ti]=O,3,1
1303,4/22/2018,Computers in Biology and Medicine,RECONSTRUCTIONOPTICALABSORPTIONCOEFFICIENTDISTRIBUTIONININTRAVASCULARPHOTOACOUSTICIMAGING,Lumen,589.0,1.34,10.1016/j.compbiomed.2018.04.012,CCC1(C(=O)NC(=O)NC1=O)C2=CC=CC=C2,0,0
1306,2/27/2008,Lab on a Chip,Dynamically reconfigurable liquid-core liquid-cladding lens in a microfluidic channel  ,PDMS,589.0,1.412,10.1039/B717037H,C[Si](C)(C)O[Si](C)(C)O[Si](C)(C)C,2,1
1308,1/29/2013,Polymer,APPROACHMODIFYINGPOLYARYLETHERKETONEPHENOLCONTAININGPOLYARYLETHERAPPLICATIONINPREPARINGHIGHPERFORMANCEEPOXYTHERMOSETS,BPA,589.0,1.73,10.1016/j.polymer.2013.01.034,CC(C)(C1=CC=C(C=C1)O)C2=CC=C(C=C2)O,1,0
1309,3/3/2012,Arabian Journal of Chemistry,DENSITYREFRACTIVEINDEXMOLARREFRACTIVITYBINARYLIQUIDMIXTURE2931529815303153081531315K,Acetonitrile,589.0,1.3805,10.1016/j.arabjc.2012.02.013,CC#N,1,0
1310,12/11/2014,Fluid Phase Equilibria,SOLIDLIQUIDEQUILIBRIAINQUINARYSYSTEMLICLKCLRBCLMGCL2H2OT323K,KRI,589.0,1.4374,10.1016/j.fluid.2014.12.021,C(CSCC(C(C(=O)CO)O)O)C(C(=O)O)N,0,0
1312,1/27/2009,The Journal of Chemical Thermodynamics,VOLUMETRICBEHAVIOURBINARYLIQUIDSYSTEMSCOMPOSEDTOLUENEISOOCTANEMETHYLTERTBUTYLETHERTEMPERATURES2981532815K,Isooctane,589.0,1.38898,10.1016/j.jct.2009.01.008,CC(C)CC(C)(C)C,1,0
1314,5/12/1999,Optics Communications,DISPERSIONEQUATIONCOEFFICIENTSFORREFRACTIVEINDEXBIREFRINGENCECALCITEQUARTZCRYSTALS,calcite,670.0,1.65367,10.1016/S0030-4018(99)00091-7,C(=O)([O-])[O-].[Ca+2],0,0
1316,5/30/2011,Polymer,REFRACTIVEINDEXTUNINGHIGHLYTRANSPARENTBISMUTHCONTAININGPOLYMERCOMPOSITES,bismuth,589.1,1.489,10.1016/j.polymer.2011.05.046,[Bi],0,0
1317,5/16/2015,Tribology International,FILMTHICKNESSBEHAVIOURPOLYMERGREASESLOWHIGHSPEEDS,Lithium,589.0,1.465,10.1016/j.triboint.2015.05.007,[Li],0,0
1319,9/23/2017,Construction and Building Materials,INFLUENCEINTENSIVEVACUUMMIXINGHEATTREATMENTCOMPRESSIVESTRENGTHMICROSTRUCTUREREACTIVEPOWDERCONCRETEINCORPORATINGSECONDARYCOPPERSLAGSUPPLEMENTARYCEMENTITIOUSMATERIAL,Quartz,589.0,1.39,10.1016/j.conbuildmat.2017.08.036,O=[Si]=O,1,0
1321,3/3/2014,The Journal of Chemical Thermodynamics,HEATCAPACITIESASYMMETRICCRITICALITYLIQUIDLIQUIDCOEXISTENCECURVESFORDIMETHYLCARBONATENUNDECANENTRIDECANE,dimethylcarbonate,632.8,1.4072,10.1016/j.jct.2014.02.016,COC(=O)OC,0,0
1322,12/3/2003,Fluid Phase Equilibria,ACOUSTICVOLUMETRICCOMPRESSIBILITYREFRACTIVITYPROPERTIESREDUCTIONPARAMETERSFORERASFLORYMODELSHOMOLOGOUSSERIESAMINES2981532815K,Dodecylamine,589.0,1.4374,10.1016/j.fluid.2003.09.007,CCCCCCCCCCCCN,1,0
1323,7/11/2008,Journal of Photochemistry and Photobiology A: Chemistry,USINGHYPERBRANCHEDMACROMERSCROSSLINKERSMETHACRYLICNETWORKSPREPAREDBYPHOTOPOLYMERIZATION,HEMA,589.0,1.366,10.1016/j.jphotochem.2008.07.002,CC(=C)C(=O)OCCO,0,0
1324,9/18/2014,RSC Advances,QSPR with descriptors based on averages of vertex invariants. An artificial neural network study ,Benzonitrile,589.0,1.528,10.1039/C4RA06484D,C1=CC=C(C=C1)C#N,1,1
1326,9/25/2012,Journal of Hazardous Materials,EFFECTADSORBATEKINETICDIAMETERACCURACYDUBININRADUSHKEVICHEQUATIONFORMODELINGADSORPTIONORGANICVAPORSACTIVATEDCARBON,Cumene,589.0,1.493,10.1016/j.jhazmat.2012.09.024,CC(C)C1=CC=CC=C1,1,0
1330,8/2/2001,Sensors and Actuators B: Chemical,SURFACEPLASMONRESONANCESENSORSUTILIZINGMICROFABRICATEDCHANNELS,Cysteamine,589.0,1.45,10.1016/S0925-4005(01)00849-8,C(CS)N,0,0
1331,12/14/2000,Applied Surface Science,SUPERCONDUCTINGELECTROOPTICALTHINFILMSPREPAREDBYPULSEDLASERDEPOSITIONTECHNIQUE,MgO,589.0,1.73,10.1016/S0169-4332(00)00599-7,O=[Mg],1,0
1332,4/29/2013,Superlattices and Microstructures,OPTICALPROPERTIESSTUDYIN08GA92ASGAASUSINGSPECTRALREFLECTANCEPHOTOREFLECTANCENEARINFRAREDPHOTOLUMINESCENCE,GaAs,589.0,4.035,10.1016/j.spmi.2013.04.009,[Ga]#[As],1,0
1334,12/5/2017,Solar Energy,FLUORINETINDOPEDINDIUMOXIDEFILMSGROWNBYULTRASONICSPRAYPYROLYSISCHARACTERIZATIONAPPLICATIONINBIFACIALSILICONCONCENTRATORSOLARCELLS,TCO,589.0,1.88,10.1016/j.solener.2017.10.068,C1CCCC=CCC1,1,0
1335,12/25/2013,Solar Energy,IMPACTSERIESSHUNTRESISTANCESINAMORPHOUSSILICONTHINFILMSOLARCELLS,VB,589.0,2.0,10.1016/j.solener.2013.11.022,CCNC1=NN=C(S1)C2=CC=C(C=C2)NC(=S)NC3=CC=CC=C3,1,0
1336,6/20/2015,Spectrochimica Acta Part A: Molecular and Biomolecular Spectroscopy,MOLECULARINTERACTIONSFLAVONOIDSPEPSININSIGHTSSPECTROSCOPICMOLECULARDOCKINGSTUDIES,Daidzein,589.0,1.56,10.1016/j.saa.2015.06.059,C1=CC(=CC=C1C2=COC3=C(C2=O)C=CC(=C3)O)O,0,0
1337,4/3/2018,European Journal of Pharmaceutical Sciences,CORNEALCONJUNCTIVALDRUGPERMEABILITYSYSTEMATICCOMPARISONPHARMACOKINETICIMPACTINEYE,Levocabastine,589.0,4.0,10.1016/j.ejps.2018.03.034,CC1CN(CCC1(C2=CC=CC=C2)C(=O)O)C3CCC(CC3)(C#N)C4=CC=C(C=C4)F,1,0
1338,2/18/2019,Solar Energy,ENHANCEMENTPLASMONICTRANSMITTANCEPOROUSGOLDTHINFILMSVIAGOLDMETALOXIDEBILAYERSFORSOLARENERGYSAVINGAPPLICATIONS,ZrO2,589.0,2.13,10.1016/j.solener.2019.02.025,O=[Zr]=O,1,0
1339,8/23/1999,Sensors and Actuators A: Physical,PLASMAENHANCEDCHEMICALVAPORDEPOSITIONSILICONOXYNITRIDEOPTIMIZEDFORAPPLICATIONININTEGRATEDOPTICS,SiON,589.0,1.4857,10.1016/S0924-4247(98)00325-2,N(=O)[Si],2,0
1340,4/21/2012,The Journal of Chemical Thermodynamics,APPLICATIONHMIMNTF2HMIMTFOBMIMTFOIONICLIQUIDSEXTRACTIONTOLUENEALKANESEFFECTANIONALKYLCHAINLENGTHCATIONLLE,Cyclohexane,589.0,4.0464,10.1016/j.jct.2012.04.015,C1CCCCC1,1,0
1343,10/13/2016,Journal of Molecular Liquids,ASSESSMENTNONCOVALENTINTERACTIONBETWEENINSULINANTIBIOTICSINAQUEOUSSOLUTIONTHROUGHULTRASONICSTUDIESINSILICODOCKINGANALYSIS,Ciprofloxacin,589.0,3.2134,10.1016/j.molliq.2016.10.051,C1CC1N2C=C(C(=O)C3=CC(=C(C=C32)N4CCNCC4)F)C(=O)O,1,0
1349,3/21/2016,Solar Energy,OPTICALANALYSISGLASSBEADRETROREFLECTIVEMATERIALSFORURBANHEATISLANDMITIGATION,Silver,589.0,1.9,10.1016/j.solener.2016.03.011,[Ag],0,0
1351,7/18/2014,Chemical Engineering Science,MASSTRANSFERCHARACTERISTICSLIQUIDLIQUIDFLOWINSMALLDIAMETERCONDUITS,Toluene,589.0,1.4687,10.1016/j.ces.2014.07.029,CC1=CC=CC=C1,1,0
1352,8/10/2007,The American Journal of Surgery,ERTAPENEMTICARCILLINCLAVULANATEFORTREATMENTINTRAABDOMINALINFECTIONSACUTEPELVICINFECTIONSINPEDIATRICPATIENTS,Ertapenem,589.0,5.0,10.1016/j.amjsurg.2007.01.023,CC1C2C(C(=O)N2C(=C1SC3CC(NC3)C(=O)NC4=CC=CC(=C4)C(=O)O)C(=O)O)C(C)O,1,0
1353,11/12/2013,Ceramics International,OPTICALPROPERTIESHFO2NANOCERAMICFILMSAFUNCTIONNBICODOPING,HfO2,589.0,2.0684,10.1016/j.ceramint.2013.11.009,O=[Hf]=O,1,0
1354,5/5/2006,Applied Surface Science,EFFECTOXIDATIONPHYSICALPROPERTIESPOROUSSILICONLAYERSFOROPTICALAPPLICATIONS,silicon,1550.0,1.31,10.1016/j.apsusc.2006.03.083,[Si],0,0
1355,5/6/2009,Journal of Luminescence,SPECTROSCOPICINVESTIGATIONMIDINFRAREDLUMINESCENCEPROPERTIESPR3DOPEDLOWPHONONSINGLECRYSTALSCSCDBR3KPB2CL5TL3PBBR5,Tl3PbBr5,589.0,1.9,10.1016/j.jlumin.2009.04.051,[Br-].[Br-].[Br-].[Br-].[Br-].[Tl+].[Tl+].[Tl+].[Pb+2],1,0
1361,11/16/2018,Chemical Engineering Science,High-gravity-assisted scalable synthesis of zirconia nanodispersion for light emitting diodes encapsulation with enhanced light extraction efficiency,ZrO2,589.0,2.2,10.1016/j.ces.2018.11.036,O=[Zr]=O,3,0
1363,3/3/2014,The Journal of Chemical Thermodynamics,HEATCAPACITIESASYMMETRICCRITICALITYLIQUIDLIQUIDCOEXISTENCECURVESFORDIMETHYLCARBONATENUNDECANENTRIDECANE,dimethylcarbonate,632.8,1.3903,10.1016/j.jct.2014.02.016,COC(=O)OC,0,0
1364,3/7/2006,New Journal of Chemistry,Neoteric optical media for refractive index determination of gems and minerals ,corundum,589.0,1.76,10.1039/B513451J,O=[Al]O[Al]=O,2,1
1369,2/12/2018,Optics Communications,EXPERIMENTALDEMONSTRATIONHIGHSENSITIVITYFORSILVERRECTANGULARGRATINGCOUPLEDSURFACEPLASMONRESONANCESPRSENSING,glucose,589.0,1.377,10.1016/j.optcom.2018.02.010,C(C1C(C(C(C(O1)O)O)O)O)O,0,0
1371,2/28/2015,The Journal of Chemical Thermodynamics,MIXINGTHERMODYNAMICPROPERTIESESTERCONTAININGSOLUTIONSASTUDYTERNARYMETHYLALKANOATEPENTANOATEMETHANOATEMETHANOLCORRESPONDINGBINARIESNEWCONTRIBUTIONSESTERESTERINTERACTIONS,Methyl pentanoate,589.0,1.3948,10.1016/j.jct.2015.02.019,CCCCC(=O)OC,1,0
1372,5/7/2013,Lab Chip,Simultaneous measurement of liquid absorbance and refractive index using a compact optofluidic probe,Glycerol,1550.0,1.47316,10.1039/C3LC50157D,C(C(CO)O)O,0,1
1373,9/7/2018,Soil and Tillage Research,SHALLABANDONSEDIMENTATIONMETHODSFORPARTICLESIZEANALYSISINSOILS,Hematite,589.0,3.22,10.1016/j.still.2018.08.018,[O-2].[O-2].[O-2].[Fe+3].[Fe+3],0,0
1374,9/19/2018,The Journal of Chemical Thermodynamics,VOLUMETRICREFRACTIVEPROPERTIES1357TETRAVINYL1357TETRAMETHYLCYCLOTETRASILOXANEMETHOXYBENZENECHLOROBENZENETERTBUTYLBENZENENITROBENZENET2981531815K,nitrobenzene,589.0,1.49047,10.1016/j.jct.2018.09.021,C1=CC=C(C=C1)[N+](=O)[O-],1,0
1376,2/19/2016,Progress in Materials Science,NANOPOROUSPOLYMERICMATERIALSANEWCLASSMATERIALSENHANCEDPROPERTIES,SiO2,589.0,1.16,10.1016/j.pmatsci.2016.02.002,O=[Si]=O,2,0
1377,7/12/2017,Physics Letters A,INFLUENCEPOLARIZATIONMATERIALBROWNIANTHERMALNOISEBINARYGRATINGREFLECTORS,HfO2,1550.0,2.0709,10.1016/j.physleta.2017.07.006,O=[Hf]=O,0,0
1381,3/10/2000,Surface and Coatings Technology,DIFFERENTPULSETECHNIQUESFORSTATIONARYREACTIVESPUTTERINGDOUBLERINGMAGNETRON,Si3N4,589.0,2.06,10.1016/S0257-8972(99)00365-5,N12[Si]34N5[Si]16N3[Si]25N46,1,0
1382,3/25/2014,Talanta,DETERMINATIONBOILINGPOINTPETROCHEMICALSBYGASCHROMATOGRAPHYMASSSPECTROMETRYMULTIVARIATEREGRESSIONANALYSISSTRUCTURALACTIVITYRELATIONSHIP,Trimethylbenzene,589.0,1.504,10.1016/j.talanta.2014.03.037,CC1=C(C(=CC=C1)C)C,0,0
1383,4/12/2012,Thin Solid Films,THERMALPROPERTIESTIO2FILMSGROWNBYATOMICLAYERDEPOSITION,TiO2,60.0,2.3681,10.1016/j.tsf.2012.04.008,O=[Ti]=O,0,0
1384,12/19/2000,Ceramics International,DISPERSIONBEHAVIORSICNNANOPOWDERSINORGANICLIQUIDS,Iso-propanol,589.0,1.3776,10.1016/S0272-8842(00)00044-4,CC(C)O,0,0
1385,9/13/2004,Solid State Ionics,CORRELATIONBETWEENOPTICALELECTRONEGATIVITYMOLARREFRACTIONIONICITYDENSITYBINARYOXIDESSILICATESMINERALS,ZnSiO3,589.0,1.616,10.1016/j.ssi.2004.07.041,[O-][Si](=O)[O-].[Zn+2],0,0
1387,3/10/2012,The Journal of Chemical Thermodynamics,LIQUIDLIQUIDCOEXISTENCECURVESXDIMETHYLADIPATE1XNOCTANEXDIMETHYLADIPATE1XNNONANEINCRITICALREGION,dimethyladipate,632.8,1.4275,10.1016/j.jct.2012.02.038,COC(=O)CCCCC(=O)OC,0,0
1388,5/24/2007,Industrial Crops and Products,VARIATIONSINQUANTITATIVEQUALITATIVECHARACTERISTICSWILDMARIGOLDTAGETESMINUTALOILSDISTILLEDUNDERVACUUMNTP,alcohol,589.0,1.496,10.1016/j.indcrop.2007.03.013,CCO,0,0
1389,6/6/2012,The Journal of Chemical Thermodynamics,LIQUIDLIQUIDCOEXISTENCECURVESBENZONITRILENPENTADECANEBENZONITRILENHEPTADECANEINCRITICALREGION,n-Pentadecane,589.0,1.5247,10.1016/j.jct.2012.05.030,CCCCCCCCCCCCCCC,1,0
1390,4/15/2016,RSC Advances,A highly stable and biocompatible optical bioimaging nanoprobe based on carbon nanospheres  ,quinine sulfate,589.0,1.33,10.1039/C6RA02754G,"COC1=CC2=C(C=CN=C2C=C1)C(C3CC4CCN3CC4C=C)O.OS(=O)(=O)O
COC1=CC2=C(C=CN=C2C=C1)C(C3CC4CCN3CC4C=C)O.COC1=CC2=C(C=CN=C2C=C1)C(C3CC4CCN3CC4C=C)O.OS(=O)(=O)O
COC1=CC2=C(C=CN=C2C=C1)C(C3CC4CCN3CC4C=C)O.COC1=CC2=C(C=CN=C2C=C1)C(C3CC4CCN3CC4C=C)O.O.O.OS(=O)(=O)O
COC1=CC2=C(C=CN=C2C=C1)C(C3CC4CCN3CC4C=C)O
[H+].[H+].COC1=CC2=C(C=CN=C2C=C1)C(C3CC4CCN3CC4C=C)O.COC1=CC2=C(C=CN=C2C=C1)C(C3CC4CCN3CC4C=C)O.[O-]S(=O)(=O)[O-]",2,1
1391,3/29/2014,Materials Letters,ROLEAMMONIAINDEPOSITINGSILICONNANOPARTICLESBYREMOTEPLASMAENHANCEDCHEMICALVAPORDEPOSITION,NH3,589.0,1.82,10.1016/j.matlet.2014.03.144,N,0,0
1392,11/25/2010,The Journal of Chemical Thermodynamics,EXTRACTIONTOLUENEALIPHATICCOMPOUNDSUSINGIONICLIQUIDSOLVENTINFLUENCEALKANELIQUIDLIQUIDEQUILIBRIUM,Toluene,589.0,1.4939,10.1016/j.jct.2010.11.013,CC1=CC=CC=C1,1,0
1393,5/2/2014,Polymer,THERMALOPTICALPROPERTIESHYPERBRANCHEDFLUORINATEDPOLYIMIDEMESOPOROUSSIO2NANOCOMPOSITESEXHIBITINGHIGHTRANSPARENCYREDUCEDTHERMOOPTICALCOEFFICIENTS,SiO2,589.0,1.4918,10.1016/j.polymer.2014.04.040,O=[Si]=O,0,0
1394,9/6/2002,Thin Solid Films,ROLEINCORPORATEDHYDROGENINNONSTOICHIOMETRICPHOTODEPOSITEDSILICONNITRIDEFILMS,Si2H6,589.0,2.2,10.1016/S0040-6090(02)00542-4,[SiH3][SiH3],0,0
1395,12/3/2015,Radiation Physics and Chemistry,STRUCTURALPROPERTIESBI2O3B2O3SIO2NA2OGLASSESFORGAMMARAYSHIELDINGAPPLICATIONS,BBS-2,589.0,2.41,10.1016/j.radphyschem.2015.12.003,COC(=O)N1CCN(C(C1)CC(=O)NCC2=CC3=C(C=C2)OCO3)C4=NC(=NC=C4)N5C=CN=C5,0,0
1396,8/21/2009,Journal of Colloid and Interface Science,SPECTRALPARAMETERSHAMAKERCONSTANTSSILICONHYDRIDECOMPOUNDSORGANICSOLVENTS,Perfluorodecalin,589.0,1.3141,10.1016/j.jcis.2009.08.028,C12(C(C(C(C(C1(F)F)(F)F)(F)F)(F)F)(C(C(C(C2(F)F)(F)F)(F)F)(F)F)F)F,0,0
1397,4/25/2016,RSC Advances,Substantially enhanced Raman signal for inorganic–organic nanocomposites by ALD-TiO 2 capping  ,ZnO,589.0,1.98,10.1039/C6RA05504D,O=[Zn],2,1
1399,3/12/2014,Materials Letters,MOLYBDENUMDOPEDTINOXIDETHINFILMSFORSELFCLEANINGAPPLICATIONS,SnO2,589.0,2.1,10.1016/j.matlet.2014.03.032,O=[Sn]=O,2,0
1400,5/3/2017,RSC Advances,Effect of solvent polarity on the photophysical properties of chalcone derivatives  ,"1,4-xylene",589.0,1.495,10.1039/C7RA01705G,CC1=CC=C(C=C1)C,1,1
1402,6/28/2018,RSC Adv.,First-principles investigations of manganese oxide (MnO<sub>x</sub>) complex-sandwiched bilayer graphene systems,MnO,589.0,4.75,10.1039/C8RA03484B,CC(C)C(C(=O)N1CCCC1C(=O)NC(CC(=O)NS(=O)(=O)C)C(=O)S)NC(=O)C2=CC3=CC=CC=C3C=C2,3,1
1406,7/22/2015,Fluid Phase Equilibria,EXPERIMENTALISOBARICVAPORLIQUIDEQUILIBRIUMSUBATMOSPHERICLOCALATMOSPHERICPRESSURESVOLUMETRICPROPERTIESMOLARREFRACTIVITY2931531315KWATERTRIETHYLENEGLYCOL,TEG,589.0,1.42742,10.1016/j.fluid.2015.07.030,C(COCCOCCO)O,0,0
1407,7/15/2015,Neurobiology of Disease,PACLITAXELINHIBITSMRNATRANSPORTINAXONS,paraformaldehyde,589.0,1.5179999999999998,10.1016/j.nbd.2015.07.006,C=O,2,0
1408,4/18/2012,Ceramics International,EFFECTMIXEDSOLVENTSTRUCTURALMORPHOLOGICALOPTOELECTRICALPROPERTIESSPINCOATEDTIO2THINFILMS,PrOH,589.0,2.13,10.1016/j.ceramint.2012.04.034,CCCO,0,0
1409,1/19/2019,Polymer,SYNTHESISCOLORLESSHIGHLYREFRACTIVEPOLYPHENYLENETHIOETHERETHERDERIVED2744DIPHENOLTHIOTHIANTHRENE,DCMP,589.0,1.7239,10.1016/j.polymer.2019.01.033,C1C(C(OC1N2C=CC(=NC2=O)N)COP(=O)(O)O)O,1,0
1410,3/10/2012,The Journal of Chemical Thermodynamics,LIQUIDLIQUIDCOEXISTENCECURVESXDIMETHYLADIPATE1XNOCTANEXDIMETHYLADIPATE1XNNONANEINCRITICALREGION,dimethyladipate,632.8,1.3985,10.1016/j.jct.2012.02.038,COC(=O)CCCCC(=O)OC,0,0
1411,8/13/2018,Results in Physics,TELIKEMODEANALYSISMICROSYSTEMINGAASPINPSEMICONDUCTORRESONATORGENERATING20GHZREPETITIONRATEPULSETRAINS,InP,589.0,3.18,10.1016/j.rinp.2018.08.006,P#[In],1,0
1413,6/27/2001,Sensors and Actuators B: Chemical,NANOFABRICATEDREFRACTIVEINDEXSENSORBASEDPHOTONTUNNELINGINNANOFLUIDICCHANNEL,Ethanol,589.0,1.3405,10.1016/S0925-4005(01)00769-9,CCO,1,0
1414,10/12/2009,Journal of Molecular Liquids,VOLUMETRICACOUSTICREFRACTIVEPROPERTIESSEVERALTEMPERATURESDIBUTYLETHER1CHLOROBUTANESYSTEM,Dibutylether,589.0,1.396509,10.1016/j.molliq.2009.10.002,CCCCOCCCC,0,0
1416,11/27/2008,Journal of Molecular Structure,SOLVATOCHROMISMMOLECULARELECTRONICSTRUCTURESTRANSCISISOMERSATYPICALSTYRYLPYRIDINIUMCYANINEDYE,Acetone,464.0,1.3587,10.1016/j.molstruc.2008.11.032,CC(=O)C,0,0
1417,1/25/2010,The Journal of Chemical Thermodynamics,EVALUATIONPOLYSUBSTITUTEDPYRIDINIUMIONICLIQUIDHMMPYNTF2ASUITABLESOLVENTFORDESULFURIZATIONPHASEEQUILIBRIA,Heptane,589.0,1.38511,10.1016/j.jct.2010.01.005,CCCCCCC,1,0
1419,5/10/2008,Carbohydrate Polymers,SYNTHESISCHARACTERIZATIONHYDROXYETHYLCHITOSANGRAFTEDBYCARBOXYLENDINGDOVOBDENDRIMERANOVELLIQUIDCRYSTALLINEPOLYMER,DMSO,589.0,1.465,10.1016/j.carbpol.2008.04.042,CS(=O)C,2,0
1422,1/29/2017,Materials Research Bulletin,STRUCTURALOPTICALINVESTIGATIONUNDOPEDSM3DOPEDLEADOXYFLUOROBORATEGLASSES,BPbF-Sm-3,589.0,1.5485,10.1016/j.materresbull.2017.01.033,B(F)(F)F.[Pb],1,0
1425,4/2/2003,Journal of Molecular Structure,SOLVENTEFFECTSPHOTOCHEMICALFLUORESCENCEPROPERTIESZINCPHTHALOCYANINEDERIVATIVES,Benzonitrile,674.0,1.528,10.1016/S0022-2860(03)00155-8,C1=CC=C(C=C1)C#N,0,0
1428,2/27/2003,Physical Chemistry Chemical Physics,Tricriticality in the ternary system 3-methylpyridine / water /NaBr? The coexistence curves ,NaBr,589.0,1.41805,10.1039/B212337A,[Na+].[Br-],1,1
1430,12/4/2000,Lithos,FLUIDINCLUSIONPETROGRAPHY,Whewellite,589.0,1.5699999999999998,10.1016/S0024-4937(00)00037-2,C(=O)(C(=O)O)O.O.[Ca],1,0
1432,9/19/2018,The Journal of Chemical Thermodynamics,VOLUMETRICREFRACTIVEPROPERTIES1357TETRAVINYL1357TETRAMETHYLCYCLOTETRASILOXANEMETHOXYBENZENECHLOROBENZENETERTBUTYLBENZENENITROBENZENET2981531815K,methoxybenzene,589.0,1.45474,10.1016/j.jct.2018.09.021,COC1=CC=CC=C1,1,0
1433,9/13/1999,Journal of Alloys and Compounds,GROWTHOPTICALPROPERTIESREDOPEDBULKFIBERSINGLECRYSTALSBYCZOCHRALSKIMICROPULLINGDOWNMETHODS,YbVO4,589.0,2.256,10.1016/S0925-8388(98)00420-4,[O-2].[O-2].[O-2].[O-2].[V].[Yb+3],1,0
1434,4/26/2005,J. Mater. Chem.,Hydrocarbon in water sensing with PTFE membranes doped with a luminescent Ru(ii) poly(pyridyl) complex,2-Propanol,589.0,1.38,10.1039/B501785H,CC(C)O,0,1
1435,6/1/2009,Analyst,Micro ATR-FTIR spectroscopic imaging of atherosclerosis: an investigation of the contribution of inducible nitric oxide synthase to lesion composition in Apo E-null mice  ,germanium,589.0,4.0,10.1039/B821425E,[Ge],2,1
1436,12/11/2002,Optical Materials,EQUIVALENCEBETWEENCLAUSIUSMOSSOTTIOPTICALELECTRONEGATIVITYRELATIONS,B2O3,589.0,1.46,10.1016/S0925-3467(02)00231-8,B(=O)OB=O,1,0
1437,2/18/2014,Nanoscale,White light emitting diodes with enhanced CCT uniformity and luminous flux using ZrO<sub>2</sub> nanoparticles,ZrO2,589.0,2.23,10.1039/C3NR06894C,O=[Zr]=O,3,1
1438,6/6/2017,Optik,DETERMINATIONOPTICALPARAMETERSORGANICINORGANICTHINFILMSUSINGBOTHSURFACEPLASMONRESONANCEABELESBREWSTERMETHODS,BK7,589.0,1.51509,10.1016/j.ijleo.2017.05.090,CCOC1=CC2=C(C=C1)C=C(C=C2)C3=NN(C4=NC=NC(=C34)N)CC5CCNCC5,2,0
1440,3/12/2003,Solar Energy Materials and Solar Cells,COMPUTATIONALMODELLINGREFLECTIVITYALGAASGAASSIGESIQUANTUMWELLSOLARCELLS,Ta2O5,589.0,2.1,10.1016/S0927-0248(03)00050-3,[O-2].[O-2].[O-2].[O-2].[O-2].[Ta+5].[Ta+5],2,0
1443,11/23/2011,Journal of Photochemistry and Photobiology A: Chemistry,FLUORESCENCEBEHAVIORINDIVIDUALCHARGETRANSFERCOMPLEXESREVEALEDBYSINGLEMOLECULEFLUORESCENCESPECTROSCOPYINFLUENCEHOSTPOLYMERMATRIX,PEMA,589.0,1.485,10.1016/j.jphotochem.2011.11.005,CCC(C1=CC=CC=C1)(C(=O)N)C(=O)N,1,0
1445,9/9/2016,The Journal of Chemical Thermodynamics,LIQUIDLIQUIDEQUILIBRIUMSTUDYFORSYSTEMWATERPHOSPHORICACIDPROPYLENECARBONATEDIFFERENTTEMPERATURES,Phosphoric Acid,589.0,1.432,10.1016/j.jct.2016.09.008,OP(=O)(O)O,1,0
1446,8/22/2013,"Nuclear Instruments and Methods in Physics Research Section A: Accelerators, Spectrometers, Detectors and Associated Equipment",PERFORMANCESTUDYWAVELENGTHSHIFTINGACRYLICPLASTICFORCHERENKOVLIGHTDETECTION,silica,351.1,1.47671,10.1016/j.nima.2013.08.029,O=[Si]=O,0,0
1447,6/6/2012,The Journal of Chemical Thermodynamics,LIQUIDLIQUIDCOEXISTENCECURVESBENZONITRILENPENTADECANEBENZONITRILENHEPTADECANEINCRITICALREGION,n-Heptadecane,589.0,1.5247,10.1016/j.jct.2012.05.030,CCCCCCCCCCCCCCCCC,1,0
1449,10/27/2011,Nanoscale,Fabrication of ZnO photonic amorphous diamond nanostructure from parrot feathers for modulated photoluminescence properties,ZnO,215.0,2.0,10.1039/C1NR11079A,O=[Zn],0,1
1451,9/2/2007,Dyes and Pigments,SYNTHESESCHARACTERIZATIONPROPERTIESMETALLOPHTHALOCYANINECOMPLEXESSUBSTITUTEDBYN2HYDROXYETHYLPIPERAZINEN2ETHANESULFONICACIDHEPES,Ethanol,589.0,1.361,10.1016/j.dyepig.2007.08.009,CCO,1,0
1453,11/20/2007,Journal of Materials Chemistry,Aminopropyltriethoxysilane (APTES)-functionalized nanoporous polymeric gratings: fabrication and application in biosensing ,biotin,589.0,1.43,10.1039/B711200A,C1C2C(C(S1)CCCCC(=O)O)NC(=O)N2,2,1
1454,4/26/2016,Journal of Molecular Liquids,THERMODYNAMICEVALUATIONIMIDAZOLIUMBASEDIONICLIQUIDSTHIOCYANATEANIONEFFECTIVESOLVENTTHIOPHENEEXTRACTION,Thiophene,589.0,1.5252,10.1016/j.molliq.2016.03.061,C1=CSC=C1,1,0
1455,10/15/2017,Optics Communications,ANALYZINGAPPLICATIONSILICONSILVER2DNANOMATERIALAL2O3HETEROJUNCTIONINPLASMONICSENSORPERFORMANCEEVALUATION,H2O,800.0,1.3281,10.1016/j.optcom.2017.09.081,O,0,0
1457,10/22/2014,Materials Science in Semiconductor Processing,EFFECTSVACUUMANNEALINGSURFACEOPTICALCONSTANTSHAFNIUMOXIDETHINFILMS,HfO2,632.0,1.622,10.1016/j.mssp.2014.09.027,O=[Hf]=O,0,0
1458,12/5/2018,Journal of Molecular Liquids,INFLUENCEALKYLCHAINLENGTHPHYSICOCHEMICALPROPERTIESBIOLOGICALACTIVITYINAHOMOLOGOUSSERIESDICHLORPROPBASEDHERBICIDALIONICLIQUIDS,C11H23,589.0,1.5164,10.1016/j.molliq.2018.12.013,CC(C)C(C)C(C)C[C+](C)C,0,0
1459,9/26/2005,Fluid Phase Equilibria,VAPOURLIQUIDEQUILIBRIUMCARBOXYLICACIDSYSTEMSPROPIONICACIDVALERICACIDISOBUTYRICACIDVALERICACID,Valeric acid,589.0,1.4085,10.1016/j.fluid.2005.08.006,CCCCC(=O)O,1,0
1460,10/13/2016,Journal of Molecular Liquids,ASSESSMENTNONCOVALENTINTERACTIONBETWEENINSULINANTIBIOTICSINAQUEOUSSOLUTIONTHROUGHULTRASONICSTUDIESINSILICODOCKINGANALYSIS,Ciprofloxacin,589.0,3.1963,10.1016/j.molliq.2016.10.051,C1CC1N2C=C(C(=O)C3=CC(=C(C=C32)N4CCNCC4)F)C(=O)O,1,0
1461,10/21/2008,Journal of Materials Chemistry,A colorful oil-sensitive carbon inverse opal ,carbon,589.0,2.1,10.1039/B808675C,[C],2,1
1464,3/6/2007,Journal of Luminescence,SPONTANEOUSEMISSIONRATESASINGLEIMPURITYMOLECULEINBIREFRINGENTHOSTCRYSTALSFORELECTRICQUADRUPOLETRANSITIONS,Anthracene,589.0,1.556,10.1016/j.jlumin.2007.02.025,C1=CC=C2C=C3C=CC=CC3=CC2=C1,1,0
1465,6/20/2008,Fluid Phase Equilibria,ASTUDYLIQUIDLIQUIDEQUILIBRIA1ALKYL3METHYLIMIDAZOLIUMHEXAFLUOROPHOSPHATEETHANOLALKANES,Hexane,589.0,1.37217,10.1016/j.fluid.2008.06.003,CCCCCC,1,0
1467,2/10/2019,Materials Letters,Improving the performance of FTO conducting glass by SiO2 and ZnO anti-reflection films for dye-sensitized solar cells,TiO2,589.0,2.2,10.1016/j.matlet.2019.01.158,O=[Ti]=O,3,0
1468,8/27/2014,Materials Letters,INFRAREDRADIATIVEPROPERTIESPLASMASPRAYEDSTRONTIUMZIRCONATE,SrZrO3,589.0,2.0,10.1016/j.matlet.2014.08.106,[O-][Zr](=O)[O-].[Sr+2],2,0
1469,10/13/2016,Journal of Molecular Liquids,ASSESSMENTNONCOVALENTINTERACTIONBETWEENINSULINANTIBIOTICSINAQUEOUSSOLUTIONTHROUGHULTRASONICSTUDIESINSILICODOCKINGANALYSIS,Levofloxacin,589.0,3.7759,10.1016/j.molliq.2016.10.051,CC1COC2=C3N1C=C(C(=O)C3=CC(=C2N4CCN(CC4)C)F)C(=O)O,1,0
1470,6/23/2017,Radiation Physics and Chemistry,STUDYOPTICALPROPERTIESCARBONACEOUSCLUSTERSINDAMADCSOLIDSTATENUCLEARTRACKDETECTORS,carbon,589.0,4.86,10.1016/j.radphyschem.2017.06.016,[C],0,0
1472,3/29/2003,Journal of Photochemistry and Photobiology A: Chemistry,SPECTRALLUMINESCENTSOLVATOCHROMICPROPERTIESANTICANCERDRUGCAMPTOTHECIN,Acetonitrile,420.0,1.3441,10.1016/S1010-6030(03)00098-4,CC#N,0,0
1473,4/17/2002,Journal of Materials Chemistry,Deposition of titania thin films from aqueous solution by a continuous flow technique ,silicon,589.0,3.85,10.1039/B109460B,[Si],2,1
1474,5/12/2016,Journal of Analytical and Applied Pyrolysis,PERFORMANCETHERMOCHEMICALCONVERSIONFATOILSGREASEKEROSENELIKEHYDROCARBONSINDIFFERENTPRODUCTIONSCALES,Na2CO3,589.0,1.45,10.1016/j.jaap.2016.04.017,C(=O)([O-])[O-].[Na+].[Na+],0,0
1476,6/22/2017,The Journal of Chemical Thermodynamics,DIELECTRICSTUDYHBONDEDINTERACTIONSINAMYLALCOHOLSKETONESDMSOT29815K,Isoamyl alcohol,589.0,1.405,10.1016/j.jct.2017.06.020,CC(C)CCO,1,0
1477,6/28/2011,Fuel Processing Technology,SEPARATIONPARAFFINWAXGRADESUSINGSOLVENTEXTRACTIONTECHNIQUE,NMP,589.0,1.4214,10.1016/j.fuproc.2011.06.002,CN1CCCC1=O,0,0
1479,3/22/2008,Nuclear Instruments and Methods in Physics Research Section B: Beam Interactions with Materials and Atoms,MODIFICATIONAMORPHOUSDLCFILMSINDUCEDBYMEVPHOTONIRRADIATION,C2H2,589.0,2.3,10.1016/j.nimb.2008.03.118,C#C,0,0
1481,12/1/2018,Results in Physics,TUNABLETRIPLEBANDINCIDENTANGLEINDEPENDENTABSORBERBASEDACUBICMEDIAPARTICLESSTACKINGSTRUCTUREMETAMATERIAL,CaCO3,589.0,1.49,10.1016/j.rinp.2018.11.091,C(=O)([O-])[O-].[Ca+2],2,0
1482,12/21/2009,Fluid Phase Equilibria,APPLICATIONONETHIRDRULEINHYDROCARBONCRUDEOILSYSTEMS,Propylbenzene,589.0,1.492,10.1016/j.fluid.2009.12.004,CCCC1=CC=CC=C1,0,0
1483,8/12/2013,Journal of Colloid and Interface Science,ORDEREDGOLDNANOPARTICLEARRAYSGLASSCHARACTERIZATION,Methanol,589.0,1.32598,10.1016/j.jcis.2013.07.070,CO,1,0
1486,5/9/2008,Optical Materials,CORRELATIONBETWEENOPTICALELECTRONEGATIVITYREFRACTIVEINDEXTERNARYCHALCOPYRITESSEMICONDUCTORSINSULATORSOXIDESALKALIHALIDES,Ga2O3,589.0,2.44,10.1016/j.optmat.2008.03.010,O=[Ga]O[Ga]=O,1,0
1489,6/25/2010,Energy Conversion and Management,CATALYTICPYROLYSISLDPELEADSVALUABLERESOURCERECOVERYREDUCTIONWASTEPROBLEMS,Al2O3,589.0,1.072,10.1016/j.enconman.2010.06.016,[O-2].[O-2].[O-2].[Al+3].[Al+3],1,0
1490,7/10/2017,Phys. Chem. Chem. Phys.,Enhanced interfacial activity of multi-arm poly(ethylene oxide) star polymers relative to linear poly(ethylene oxide) at fluid interfaces,xylene,589.0,1.5,10.1039/C7CP02841E,CC1=CC=CC=C1C,3,1
1491,3/3/2006,Fluid Phase Equilibria,EFFECTANIONFLUORINATIONIN1ETHYL3METHYLIMIDAZOLIUMSOLVENTFORLIQUIDEXTRACTIONETHANOLETHYLTERTBUTYLETHER,Ethanol,589.0,1.35941,10.1016/j.fluid.2006.01.008,CCO,1,0
1492,1/21/2014,Journal of Molecular Liquids,PHYSICOCHEMICALCHARACTERIZATIONAQUEOUSTWOPHASESYSTEMSCONTAININGTRITONX102SODIUMSALTSINRANGETEMPERATURE28815K31815K,Na2S2O3,589.0,1.3779,10.1016/j.molliq.2014.01.010,[O-]S(=O)(=S)[O-].[Na+].[Na+],0,0
1496,5/10/2018,International Journal of Greenhouse Gas Control,DEVELOPMENTAFACILERECLAIMINGPROCESSFORDEGRADEDALKANOLAMINEGLYCOLSOLVENTSUSEDFORCO2CAPTURESYSTEMS,MEG,589.0,1.3855,10.1016/j.ijggc.2018.05.004,C(CS)N=C(N)N,0,0
1497,5/12/1999,Optics Communications,DISPERSIONEQUATIONCOEFFICIENTSFORREFRACTIVEINDEXBIREFRINGENCECALCITEQUARTZCRYSTALS,calcite,867.0,1.64676,10.1016/S0030-4018(99)00091-7,C(=O)([O-])[O-].[Ca+2],0,0
1498,2/17/2011,Spectrochimica Acta Part A: Molecular and Biomolecular Spectroscopy,STUDYAGGREGATIONINDUCEDEMISSIONCYANOSUBSTITUTEDOLIGOPPHENYLENEVINYLENEBYFEMTOSECONDTIMERESOLVEDFLUORESCENCE,Tetrahydrofuran,455.0,1.405,10.1016/j.saa.2011.01.056,C1CCOC1,0,0
1504,2/5/2019,Optical Fiber Technology,REFRACTIVEINDEXSENSORBASEDULTRAFINETAPEREDSINGLEMODENOCLADDINGSINGLEMODEFIBERSTRUCTURE,Urea,589.0,1.334,10.1016/j.yofte.2019.01.008,C(=O)(N)N,0,0
1506,3/13/2003,Phys. Chem. Chem. Phys.,"On the radiative lifetime, quantum yield and fluorescence decay of Alq in thin filmsElectronic supplementary information (ESI) available: Experimental data. See http://www.rsc.org/suppdata/cp/b2/b211264g/",Benzene,589.0,1.557,10.1039/B211264G,C1=CC=CC=C1,0,1
1507,11/7/2017,Optics & Laser Technology,MEDIAPOLARITYCONCENTRATIONROLESTHIRDORDERNONLINEARBEHAVIORSTHIAZINEDYES,DMSO,589.0,1.479,10.1016/j.optlastec.2017.10.007,CS(=O)C,0,0
1510,9/13/2004,Solid State Ionics,CORRELATIONBETWEENOPTICALELECTRONEGATIVITYMOLARREFRACTIONIONICITYDENSITYBINARYOXIDESSILICATESMINERALS,KSiAlO4,589.0,1.528,10.1016/j.ssi.2004.07.041,[O-2].[O-2].[O-2].[O-2].[Al+3].[Si+4].[K+],0,0
1511,7/13/2004,Journal of Quantitative Spectroscopy and Radiative Transfer,LIGHTSCATTERINGANALYSISBYAPARTICLEEXTREMESHAPEVIADISCRETESOURCESMETHOD,SiO,589.0,1.67,10.1016/j.jqsrt.2004.05.012,O=[Si],2,0
1514,9/11/2004,Thermochimica Acta,DENSITIESSPEEDSSOUNDISENTROPICCOMPRESSIBILITIESREFRACTIVEINDEXESVISCOSITIESTETRAHYDROFURANHALOALKANEALKYLETHANOATET30315K,tetrahydrofuran,589.0,1.3892,10.1016/j.tca.2004.08.001,C1CCOC1,0,0
1519,3/13/2003,Phys. Chem. Chem. Phys.,"On the radiative lifetime, quantum yield and fluorescence decay of Alq in thin filmsElectronic supplementary information (ESI) available: Experimental data. See http://www.rsc.org/suppdata/cp/b2/b211264g/",Methanol,589.0,1.418,10.1039/B211264G,CO,0,1
1521,12/27/2011,The Journal of Chemical Thermodynamics,LIQUIDLIQUIDCOEXISTENCECURVESXDIMETHYLADIPATE1XNHEXANEXDIMETHYLADIPATE1XNHEPTANEINCRITICALREGION,dimethyladipate,632.8,1.3789,10.1016/j.jct.2011.12.024,COC(=O)CCCCC(=O)OC,0,0
1523,10/23/2007,Chem. Commun.,Chemical sensing and imaging with metallic nanorods,sucrose,589.0,1.38,10.1039/B711069C,C(C1C(C(C(C(O1)OC2(C(C(C(O2)CO)O)O)CO)O)O)O)O,3,1
1524,12/3/2003,Fluid Phase Equilibria,ACOUSTICVOLUMETRICCOMPRESSIBILITYREFRACTIVITYPROPERTIESREDUCTIONPARAMETERSFORERASFLORYMODELSHOMOLOGOUSSERIESAMINES2981532815K,Butylamine,589.0,1.3978,10.1016/j.fluid.2003.09.007,CCCCN,1,0
1525,11/19/2015,The Journal of Chemical Thermodynamics,VOLUMETRICPROPERTIES1BUTYL3METHYLIMIDAZOLIUMTETRAFLUOROBORATE2PYRROLIDONET2981532315KATMOSPHERICPRESSURE,2-Pyrrolidone,589.0,1.47841,10.1016/j.jct.2015.11.009,C1CC(=O)NC1,0,0
1526,11/1/2017,International Journal of Biological Macromolecules,BIOPHYSICALINSIGHTINTERACTIONMECHANISMPLANTDERIVEDPOLYPHENOLICCOMPOUNDTANNICACIDHOMOLOGOUSMAMMALIANSERUMALBUMINS,Tannic acid,589.0,1.3,10.1016/j.ijbiomac.2017.10.136,"C1=C(C=C(C(=C1O)O)O)C(=O)OC2=CC(=CC(=C2O)O)C(=O)OCC3C(C(C(C(O3)OC(=O)C4=CC(=C(C(=C4)OC(=O)C5=CC(=C(C(=C5)O)O)O)O)O)OC(=O)C6=CC(=C(C(=C6)OC(=O)C7=CC(=C(C(=C7)O)O)O)O)O)OC(=O)C8=CC(=C(C(=C8)OC(=O)C9=CC(=C(C(=C9)O)O)O)O)O)OC(=O)C1=CC(=C(C(=C1)OC(=O)C1=CC(=C(C(=C1)O)O)O)O)O
C1=C(C=C(C(=C1O)O)O)C(=O)OC2=CC(=CC(=C2O)O)C(=O)OCC3C(C(C(C(O3)OC(=O)C4=CC(=C(C(=C4)OC(=O)C5=CC(=C(C(=C5)O)O)O)O)O)OC(=O)C6=CC(=C(C(=C6)OC(=O)C7=CC(=C(C(=C7)O)O)O)O)O)OC(=O)C8=CC(=C(C(=C8)OC(=O)C9=CC(=C(C(=C9)O)O)O)O)O)OC(=O)C1=CC(=C(C(=C1)OC(=O)C1=CC(=C(C(=C1)O)O)O)O)O
C1=C(C=C(C(=C1O)O)O)C(=O)OC2=CC(=CC(=C2O)O)C(=O)OCC3C(C(C(C(O3)OC(=O)C4=CC(=C(C(=C4)OC(=O)C5=CC(=C(C(=C5)O)O)O)O)O)OC(=O)C6=CC(=C(C(=C6)OC(=O)C7=CC(=C(C(=C7)O)O)O)O)O)OC(=O)C8=CC(=C(C(=C8)OC(=O)C9=CC(=C(C(=C9)O)O)O)O)O)OC(=O)C1=CC(=C(C(=C1)OC(=O)C1=CC(=C(C(=C1)O)O)O)O)O
C1=C(C=C(C(=C1O)O)O)C(=O)OC2=CC(=CC(=C2O)O)C(=O)OCC3C(C(C(C(O3)OC(=O)C4=CC(=C(C(=C4)OC(=O)C5=CC(=C(C(=C5)O)O)O)O)O)OC(=O)C6=CC(=C(C(=C6)OC(=O)C7=CC(=C(C(=C7)O)O)O)O)O)OC(=O)C8=CC(=C(C(=C8)OC(=O)C9=CC(=C(C(=C9)O)O)O)O)O)OC(=O)C1=CC(=C(C(=C1)OC(=O)C1=CC(=C(C(=C1)O)O)O)O)O
C1=C(C=C(C(=C1O)O)O)C(=O)OC2=CC(=CC(=C2O)O)C(=O)OCC3C(C(C(C(O3)OC(=O)C4=CC(=C(C(=C4)OC(=O)C5=CC(=C(C(=C5)O)O)O)O)O)OC(=O)C6=CC(=C(C(=C6)OC(=O)C7=CC(=C(C(=C7)O)O)O)O)O)OC(=O)C8=CC(=C(C(=C8)OC(=O)C9=CC(=C(C(=C9)O)O)O)O)O)OC(=O)C1=CC(=C(C(=C1)OC(=O)C1=CC(=C(C(=C1)O)O)O)O)O",1,0
1527,8/6/2009,J. Mater. Chem.,High refractive index polymers: fundamental research and practical applications,ZrO2,589.0,2.1,10.1039/B909690F,O=[Zr]=O,3,1
1528,3/4/2017,Sensing and Bio-Sensing Research,POROUSSHAPEDPHOTONICCRYSTALFIBERSTRONGCONFINEMENTFIELDINSENSINGAPPLICATIONSDESIGNANALYSIS,Ethanol,589.0,1.33,10.1016/j.sbsr.2017.03.002,CCO,2,0
1530,9/7/2005,The Journal of Chemical Thermodynamics,PROPERTIESIONICLIQUIDHMIMPF6CARBONATESKETONESALKYLACETATES,Butylacetate,589.0,1.3918,10.1016/j.jct.2005.07.020,"CCCCCC(=O)[O-]
CCCCCC(=O)O",1,0
1531,8/2/2012,Dyes and Pigments,CAROTENEAGREENINEXPENSIVECONVENIENTSOLVATOCHROMICPROBEFORDETERMINATIONSOLVENTPOLARIZABILITY,Chlorobenzene,589.0,1.524,10.1016/j.dyepig.2012.07.017,C1=CC=C(C=C1)Cl,0,0
1532,1/24/2000,Colloids and Surfaces A: Physicochemical and Engineering Aspects,ARHODAMINEACYANINEDYEWATERSURFACESTUDIEDBYLASERINDUCEDFLUORESCENCEMICROSCOPY,Hexanol,589.0,1.418,10.1016/S0927-7757(99)00383-0,CCCCCCO,1,0
1533,1/8/2009,Biophysical Journal,TRYPTOPHANTRYPTOPHANENERGYMIGRATIONATOOLFOLLOWAPOFLAVODOXINFOLDING,tryptophan,589.0,1.6,10.1529/biophysj.108.132001,C1=CC=C2C(=C1)C(=CN2)CC(C(=O)O)N,2,0
1535,1/16/2002,Materials Science and Engineering: B,INSITUTIMERESOLVEDREFLECTIVITYATECHNIQUEUSEFULINVESTIGATESOLIDSTATETRANSFORMATIONS,silicon,589.0,4.42,10.1016/S0921-5107(01)00981-3,[Si],1,0
1536,7/20/2018,Journal of Molecular Liquids,EXPERIMENTALCORRELATIONALSTUDYPHASEEQUILIBRIAINAQUEOUSSOLUTIONSPHOSPHORICACIDALCOHOLSDIFFERENTTEMPERATURES,1-Heptanol,589.0,1.4226,10.1016/j.molliq.2018.06.115,CCCCCCCO,1,0
1537,6/20/2011,Journal of Magnetic Resonance,MODIFICATIONENCAPSULATIONPRESSUREREVERSEMICELLESINLIQUIDETHANE,Xenon,589.0,1.34,10.1016/j.jmr.2011.06.010,[Xe],1,0
1541,3/18/2019,Food Chemistry,DETERMINATIONSTUDYREFRACTIVEINDICESVISCOSITIESAQUEOUSSOLUTIONSCITRICACIDCITRICACIDGLYCEROLCITRICACIDDSORBITOLT29315K32315KATMOSPHERICPRESSURE,citricacid,589.0,1.3425,10.1016/j.foodchem.2019.03.075,C1=CC2=C(C=C1N)C(=O)NC2=O,0,0
1542,12/29/2018,Journal of Industrial and Engineering Chemistry,IMPROVINGUNDERSTANDINGSOLVENTEFFECTSINTERMOLECULARINTERACTIONSINREACTIVELIQUIDLIQUIDEXTRACTIONISOTHERMALTITRATIONCALORIMETRYMOLECULARMODELING,MIBK,589.0,1.5,10.1016/j.jiec.2018.12.038,CC(C)CC(=O)C,0,0
1543,4/2/2011,Spectrochimica Acta Part A: Molecular and Biomolecular Spectroscopy,SOLVATOCHROMATICITYPHDEPENDENCEELECTRONICABSORPTIONSPECTRAPURINESPYRIMIDINESMETALCOMPLEXES,Butanol,589.0,1.4,10.1016/j.saa.2011.03.029,CCCCO,1,0
1545,3/4/2019,Spectrochimica Acta Part A: Molecular and Biomolecular Spectroscopy,UNRAVELLINGINTERACTIONMECHANISMBETWEENCLIOQUINOLBOVINESERUMALBUMINBYMULTISPECTROSCOPICMOLECULARDOCKINGAPPROACHES,Digitoxin,589.0,1.26,10.1016/j.saa.2019.03.004,CC1C(C(CC(O1)OC2C(OC(CC2O)OC3C(OC(CC3O)OC4CCC5(C(C4)CCC6C5CCC7(C6(CCC7C8=CC(=O)OC8)O)C)C)C)C)O)O,0,0
1546,5/31/2016,Spectrochimica Acta Part A: Molecular and Biomolecular Spectroscopy,ANALYSISBINDINGABILITYTWOTETRAMETHYLPYRIDYLPORPHYRINSALBUMINCOMPLEXBILIRUBIN,TMPyP4,589.0,1.84,10.1016/j.saa.2016.05.044,C[N+]1=CC=C(C=C1)C2=C3C=CC(=C(C4=NC(=C(C5=CC=C(N5)C(=C6C=CC2=N6)C7=CC=[N+](C=C7)C)C8=CC=[N+](C=C8)C)C=C4)C9=CC=[N+](C=C9)C)N3,0,0
1550,1/23/2006,Analytica Chimica Acta,DISTRIBUTIONCOEFFICIENTSALIPHATICALCOHOLSCARBONYLCOMPOUNDSESTERSBETWEENAIRCARBOXENPOLYDIMETHYLSILOXANEFIBERCOATING,4-Methyl-2-pentanol,589.0,3.75,10.1016/j.aca.2005.12.043,CC(C)CC(C)O,0,0
1551,3/25/2014,Talanta,DETERMINATIONBOILINGPOINTPETROCHEMICALSBYGASCHROMATOGRAPHYMASSSPECTROMETRYMULTIVARIATEREGRESSIONANALYSISSTRUCTURALACTIVITYRELATIONSHIP,n-Tridecane,589.0,1.425,10.1016/j.talanta.2014.03.037,CCCCCCCCCCCCC,0,0
1552,9/7/2018,Soil and Tillage Research,SHALLABANDONSEDIMENTATIONMETHODSFORPARTICLESIZEANALYSISINSOILS,Goethite,589.0,2.135,10.1016/j.still.2018.08.018,O[Fe]=O,1,0
1554,3/16/2017,Materials Research Bulletin,Analysis of optical constants and temperature-dependent absorption edge of GaS 0.75 Se 0.25 layered crystals,GaSe,589.0,2.835,10.1016/j.materresbull.2017.03.025,[Ga]=[Se],3,0
1555,5/10/2013,Fluid Phase Equilibria,STUDYSOLVATIONCONSEQUENCESAMINOACIDSINAQUEOUSIONICLIQUIDSOLUTIONPROBEDBYPHYSICOCHEMICALAPPROACH,glycine,589.0,1.336,10.1016/j.fluid.2013.03.030,C(C(=O)O)N,0,0
1556,4/6/2007,Spectrochimica Acta Part A: Molecular and Biomolecular Spectroscopy,EFFECTSPRESSURESOLVENTSINFRAREDABSORPTIONINTENSITIESCISTRETCHINGMODESMETHYLETHYLIODIDESINSOLUTIONS,methyl,589.0,1.3749,10.1016/j.saa.2007.03.045,*C,0,0
1557,7/22/2016,Colloids and Surfaces B: Biointerfaces,CHITOSANALGINATEBASEDMULTILAYERSCONTROLDRUGRELEASEOPHTHALMICLENS,glyoxal,589.0,1.5,10.1016/j.colsurfb.2016.07.047,C(=O)C=O,1,0
1559,8/28/2014,Fuel Processing Technology,HYDROTREATMENTMIDDLELUBRICATINGBASEOILSULFIDEDPROMOTEDMOLYBDENUMCATALYSTS,Oleum,589.0,1.4682,10.1016/j.fuproc.2014.07.044,OS(=O)(=O)O.O=S(=O)=O,1,0
1560,11/6/2009,Vibrational Spectroscopy,VIBRATIONALOVERTONESPECTRAINTERACTIONSC2H4H2CCHCH3INLIQUIDKR,C2H4,589.0,2.05,10.1016/j.vibspec.2009.10.005,C=C,1,0
1561,7/9/1999,Solid State Ionics,IONICITYBINARYOXIDESSILICATES,CaMnSiO4,589.0,1.7146666666666668,10.1016/S0167-2738(99)00083-1,[O-][Si]([O-])([O-])[O-].[Ca+2].[Mn+2],0,0
1564,9/21/2002,Optical Materials,EFFECTAMBIENTHYDROGENSULPHIDEOPTICALPROPERTIESEVAPORATEDCADMIUMSULPHIDEFILMS,CdS,650.0,2.29,10.1016/S0925-3467(02)00043-5,S=[Cd],0,0
1566,11/5/2007,Journal of the European Ceramic Society,TRANSPARENTARMOURMATERIALS,Quartz,589.0,1.4586,10.1016/j.jeurceramsoc.2007.09.036,O=[Si]=O,0,0
1570,7/16/2010,Solar Energy,SURFACEMODIFICATIONPOROUSANTIREFLECTIVECOATINGSFORSOLARGLASSCOVERS,silica,589.0,1.23,10.1016/j.solener.2010.06.009,O=[Si]=O,2,0
1571,5/19/2017,Polymer Degradation and Stability,STABILITYADHESIVEINTERFACESBYSTEREOCOMPLEXFORMATIONPOLYLACTIDESHYBRIDIZATIONNANOPARTICLES,Acetonitrile,589.0,1.34,10.1016/j.polymdegradstab.2017.05.010,CC#N,0,0
1572,11/14/2003,Polymer,CHANGESINMISCIBILITYBINARYTERNARYBLENDSSAMECHEMICALCOMPONENTSCOMPOSITIONS,DMPC,589.0,1.578,10.1016/j.polymer.2003.10.027,"CCCCCCCCCCCCCC(=O)OCC(COP(=O)([O-])OCC[N+](C)(C)C)OC(=O)CCCCCCCCCCCCC
CCCCCCCCCCCCCC(=O)OCC(COP(=O)([O-])OCC[N+](C)(C)C)OC(=O)CCCCCCCCCCCCC",1,0
1573,3/26/2013,Particle and Fibre Toxicology,"Comparative absorption, distribution, and excretion of titanium dioxide and zinc oxide nanoparticles after repeated oral administration",ZnO,589.0,1.33,10.1186/1743-8977-10-9,O=[Zn],2,2
1574,9/16/2003,Journal of Crystal Growth,New methods for fabricating patterned lithium niobate for photonic applications,LiNbO3,589.0,2.2,10.1016/j.jcrysgro.2003.08.001,[Li+].[O-][Nb](=O)=O,3,0
1576,8/8/2002,Sensors and Actuators B: Chemical,INTEGRATEDOPTICALDUALMACHZEHNDERINTERFEROMETERSENSOR,sucrose,589.0,1.3580999999999999,10.1016/S0925-4005(02)00244-7,C(C1C(C(C(C(O1)OC2(C(C(C(O2)CO)O)O)CO)O)O)O)O,2,0
1578,2/26/2016,New J. Chem.,Optical properties of two fluorene derived BODIPY molecular rotors as fluorescent ratiometric viscosity probes,Hexane,589.0,1.4235,10.1039/C5NJ03339J,CCCCCC,0,1
1580,2/28/2003,Phys. Chem. Chem. Phys.,Non-Markovian effects in the radiationless decay of rhodamine 3B+ in water : ethanol mixtures,ethanol,589.0,1.3575,10.1039/B209612A,CCO,0,1
1581,12/11/2002,Optical Materials,EQUIVALENCEBETWEENCLAUSIUSMOSSOTTIOPTICALELECTRONEGATIVITYRELATIONS,Fe2O3,589.0,2.95,10.1016/S0925-3467(02)00231-8,[O-2].[O-2].[O-2].[Fe+3].[Fe+3],1,0
1582,4/21/2010,Journal of Food Composition and Analysis,SURFACETENSIONSTILLWINESINRELATIONCONSTITUENTSASIMPLEDETERMINATIONETHANOLCONTENT,Tartaric acid,589.0,2.7,10.1016/j.jfca.2010.01.006,"C(C(C(=O)O)O)(C(=O)O)O
C(C(C(=O)O)O)(C(=O)O)O
C(C(C(=O)O)O)(C(=O)O)O",1,0
1586,9/25/2018,Materials Research Bulletin,COMPOSITIONDEPENDENTMICROSTRUCTUREOPTICALPROPERTIESBORONCARBIDEBXCTHINFILMSDEPOSITEDBYRADIOFREQUENCYPLASMAENHANCEDCHEMICALVAPOURDEPOSITIONTECHNIQUE,BxC,400.0,1.89,10.1016/j.materresbull.2018.09.038,CC(C)CCCC(C)CCCC(C)CCCC(C)CCOC1C(C(C(CO1)O)O)O,0,0
1587,2/14/2013,Surface and Coatings Technology,PRODUCTIONPHOTOCATALYTICALLYACTIVETITANIALAYERSACOMPARISONPLASMAPROCESSESCOATINGPROPERTIES,titania,633.0,1.76,10.1016/j.surfcoat.2013.01.050,O=[Ti]=O,0,0
1589,6/20/2003,Journal of Magnetic Resonance,VARIATIONSCHEMICALSHIFTTMS,Methyleneiodide,589.0,1.7464,10.1016/S1090-7807(03)00142-3,C(I)I,0,0
1590,8/3/2008,Journal of Alloys and Compounds,INTERRELATIONSHIPBETWEENSTRUCTURALOPTICALELECTRONICELASTICPROPERTIESMATERIALS,SiO2,486.0,1.54,10.1016/j.jallcom.2008.06.037,O=[Si]=O,0,0
1592,2/8/2016,New Journal of Chemistry,"The effect of vanadium substitution on photoluminescent properties of KSrLa(PO 4 ) x (VO 4 ) 2−x :Eu 3+ phosphors, a new variant of phosphovanadates  ",La2O3,589.0,2.14,10.1039/C5NJ02951A,O=[La]O[La]=O,1,1
1597,3/4/2015,Journal of Applied Research and Technology,ESTIMATIONLIBRH2OUSINGMULTIMODEINTERFERENCEMMI,LiBr-H2O,589.0,1.4601,10.1016/S1665-6423(14)71603-7,[Li+].O.[Br-],0,0
1598,10/28/2016,Journal of the Taiwan Institute of Chemical Engineers,STUDYTHERMOCHROMICTHERMOOPTICALPROPERTIESSOLGELV1XYWXSIYO2FILMSBYRESPONSESURFACEMETHOD,VO2,589.0,2.65,10.1016/j.jtice.2016.10.014,O=[V]=O,0,0
1599,10/25/1999,"Chaos, Solitons & Fractals",ELECTRONICPROPERTIESNANOCRYSTALLINELAYERSWIDEBANDGAPMATERIALSFN1,Si-C,589.0,1.8,10.1016/S0960-0779(98)00254-9,[C],0,0
1601,10/11/2011,Chemical Science,Practical computation of electronic excitation in solution: vertical excitation model  ,Methanal,589.0,2.14,10.1039/C1SC00313E,C=O,1,1
1603,3/4/2002,Current Opinion in Solid State and Materials Science,INORGANICGLASSESKERRLIKEMEDIA,As2Se3,1550.0,2.78,10.1016/S1359-0286(02)00009-8,[As](=[Se])[Se][As]=[Se],0,0
1604,11/22/2011,Experimental Eye Research,ADIPOKINELEVELSINSUBRETINALFLUIDPATIENTSRHEGMATOGENOUSRETINALDETACHMENT,retinal,589.0,2.0,10.1016/j.exer.2011.11.006,CC1=C(C(CCC1)(C)C)C=CC(=CC=CC(=CC=O)C)C,1,0
1608,6/7/2007,Fuel Processing Technology,SEPARATIONDIFFERENTPARAFFINWAXGRADESUSINGTWOCOMPARATIVEDEOILINGTECHNIQUES,butylacetate,589.0,1.427,10.1016/j.fuproc.2007.04.011,"CCCCCC(=O)[O-]
CCCCCC(=O)O",0,0
1609,4/8/2015,Physical Chemistry Chemical Physics,Physicochemical design and analysis of self-propelled objects that are characteristically sensitive to environments ,camphoric acid,589.0,2.0,10.1039/C5CP00541H,CC1(C(CCC1(C)C(=O)O)C(=O)O)C,2,1
1610,5/10/2016,American Journal of Ophthalmology,PREVALENCEFEATURESSEVERITYGLAUCOMATOUSVISUALFIELDLOSSMEASURED102ACHROMATICTHRESHOLDVISUALFIELDTEST,OH,589.0,3.7,10.1016/j.ajo.2016.05.003,[OH-],1,0
1611,10/22/2012,Spectrochimica Acta Part A: Molecular and Biomolecular Spectroscopy,SOLVENTEFFECTSABSORPTIONFLUORESCENCESPECTRARHAPONTICINEXPERIMENTALTHEORETICALSTUDIES,Butanol,385.0,1.399,10.1016/j.saa.2012.10.013,CCCCO,0,0
1616,9/17/1999,Journal of Photochemistry and Photobiology A: Chemistry,TIMEDEPENDENTSOLVENTEFFECTST1TNABSORPTIONSPECTRATHIOXANTHONEAPICOSECONDINVESTIGATION,1-butanol,617.0,1.399,10.1016/S1010-6030(99)00117-3,CCCCO,0,0
1617,3/15/2019,The Journal of Chemical Thermodynamics,PHASEEQUILIBRIACSCLPOLYETHYLENEGLYCOLPEGH2O29815KEFFECTDIFFERENTPOLYMERMOLARMASSESPEG100040006000,CsCl,589.0,1.3525,10.1016/j.jct.2019.03.020,[Cl-].[Cs+],0,0
1618,4/3/2018,Scientific Reports,Anomalous transparency in photonic crystals and its application to point-by-point grating inscription in photonic crystal fibers,PhC,589.0,1.45,10.1038/s41598-018-23867-5,CC(C)OC1=CC=CC=C1OC(=O)NC,2,2
1619,9/22/2011,Journal of Luminescence,FRONTIERSMIDINFRAREDLASERSBASEDTRANSITIONMETALDOPEDIIVISEMICONDUCTORS,CdSe,589.0,2.5,10.1016/j.jlumin.2011.09.040,[Se-2].[Cd+2],1,0
1620,12/5/2017,Solar Energy,FLUORINETINDOPEDINDIUMOXIDEFILMSGROWNBYULTRASONICSPRAYPYROLYSISCHARACTERIZATIONAPPLICATIONINBIFACIALSILICONCONCENTRATORSOLARCELLS,TCO,589.0,1.96,10.1016/j.solener.2017.10.068,C1CCCC=CCC1,1,0
1621,5/7/2009,Journal of Luminescence,UVPOLARITONSROOMTEMPERATUREINAMICROCAVITYCONTAININGPEROVSKITES,silicon nitride,589.0,1.96,10.1016/j.jlumin.2009.04.048,N12[Si]34N5[Si]16N3[Si]25N46,2,0
1622,4/3/2018,Polymer,THERMODYNAMICSINVESTIGATIONPHASEBEHAVIORDEEPEUTECTICSOLVENTSPOLYMERAQUEOUSBIPHASICSYSTEMS,DES,589.0,1.506348,10.1016/j.polymer.2018.04.003,CCC(=C(CC)C1=CC=C(C=C1)O)C2=CC=C(C=C2)O,0,0
1623,2/24/2009,Journal of Materials Chemistry,Materials science of DNA ,CTMA,589.0,1.54,10.1039/B808030E,CC1=C(C=CC(=C1)Cl)OCC(=O)NOC,2,1
1624,3/6/2006,Combustion and Flame,SOOTFORMATIONTEMPERATUREFIELDSTRUCTUREINLAMINARPROPANEAIRDIFFUSIONFLAMESELEVATEDPRESSURES,Propane,589.0,3.4,10.1016/j.combustflame.2006.01.010,CCC,1,0
1625,11/19/2007,Thin Solid Films,ELECTROSTATICALLYSELFASSEMBLEDFILMSCONTAININGIIVISEMICONDUCTORNANOPARTICLESOPTICALELECTRICALPROPERTIES,PAH,589.0,1.8984,10.1016/j.tsf.2007.11.067,C1=CC(=CC=C1C(=O)NCC(=O)O)N,0,0
1626,3/15/2014,Spectrochimica Acta Part A: Molecular and Biomolecular Spectroscopy,ASOLVATOCHROMICSTUDYN49ACRIDINYLAMINO3METHOXYPHENYLMETHANESULFONAMIDEHYDROCHLORIDEEXPERIMENTALTHEORETICALAPPROACH,Methanol,589.0,1.327,10.1016/j.saa.2014.03.004,CO,1,0
1627,9/19/2018,The Journal of Chemical Thermodynamics,VOLUMETRICREFRACTIVEPROPERTIES1357TETRAVINYL1357TETRAMETHYLCYCLOTETRASILOXANEMETHOXYBENZENECHLOROBENZENETERTBUTYLBENZENENITROBENZENET2981531815K,methoxybenzene,589.0,1.47173,10.1016/j.jct.2018.09.021,COC1=CC=CC=C1,1,0
1628,7/2/2004,Spectrochimica Acta Part A: Molecular and Biomolecular Spectroscopy,ASTUDYESTIMATIONEXCITEDSTATEDIPOLEMOMENTSDI4BROMOPHENYLCARBAZONECUIIZNIICDIICOMPLEXESSOLVENTEFFECTELECTRONICSPECTRA,benzene,589.0,1.5057,10.1016/j.saa.2003.11.029,C1=CC=CC=C1,0,0
1630,6/20/2016,Materials Chemistry and Physics,A facile synthesis of C 60 -organosilicon hybrid polymers: Considering their tunable optical properties for spin-on-silicon hardmask materials,C60,589.0,2.05,10.1016/j.matchemphys.2016.06.057,C12=C3C4=C5C6=C1C7=C8C9=C1C%10=C%11C(=C29)C3=C2C3=C4C4=C5C5=C9C6=C7C6=C7C8=C1C1=C8C%10=C%10C%11=C2C2=C3C3=C4C4=C5C5=C%11C%12=C(C6=C95)C7=C1C1=C%12C5=C%11C4=C3C3=C5C(=C81)C%10=C23,3,0
1631,4/23/2016,Superlattices and Microstructures,TUNINGSTRUCTURALELECTRICALOPTICALPROPERTIESTINOXIDETHINFILMSVIACOBALTDOPINGANNEALING,SnO2,589.0,2.52,10.1016/j.spmi.2016.04.017,O=[Sn]=O,2,0
1633,3/17/2011,Polyhedron,PHOTOPHYSICALPROPERTIESPHOTOCYTOTOXICITYNOVELPHTHALOCYANINESPOTENTIALLYUSEFULFORAPPLICATIONINPHOTODYNAMICTHERAPY,Triethylamine,589.0,1.401,10.1016/j.poly.2011.03.003,CCN(CC)CC,1,0
1634,3/16/2015,The Journal of Chemical Thermodynamics,VOLUMETRICACOUSTICREFRACTOMETRICPROPERTIESTHIOPHENEHEXANECYCLOHEXANESOLUTIONSINPRESENCEIMIDAZOLIUMBASEDIONICLIQUIDST29815K,Thiophene,589.0,1.4242,10.1016/j.jct.2015.03.004,C1=CSC=C1,0,0
1635,3/16/2016,Physical Chemistry Chemical Physics,Molecular interactions between ammonium-based ionic liquids and molecular solvents: current progress and challenges  ,Triethylammonium acetate,589.0,1.42491,10.1039/C6CP00199H,CCN(CC)CC.CC(=O)O,1,1
1636,10/6/2000,Journal of Aerosol Science,RETRIEVALURBANAEROSOLMASSCONCENTRATIONBYA5321064NMLIDAR,NaCl,532.0,1.544,10.1016/S0021-8502(00)00049-5,[Na+].[Cl-],0,0
1637,7/22/2015,Fluid Phase Equilibria,EXPERIMENTALISOBARICVAPORLIQUIDEQUILIBRIUMSUBATMOSPHERICLOCALATMOSPHERICPRESSURESVOLUMETRICPROPERTIESMOLARREFRACTIVITY2931531315KWATERTRIETHYLENEGLYCOL,TEG,589.0,1.34092,10.1016/j.fluid.2015.07.030,C(COCCOCCO)O,0,0
1640,1/31/2019,Optik,PHYSICALSTRUCTURALOPTICALPHOTONSATTENUATIONATTRIBUTESLITHIUMMAGNESIUMBORATEGLASSESROLETM2O3DOPING,Tm2O3,589.0,3.94,10.1016/j.ijleo.2019.01.111,[O-2].[O-2].[O-2].[Tm+3].[Tm+3],0,0
1641,2/8/2014,Radiation Physics and Chemistry,BESTFITREFRACTIVEINDEXMATCHINGLIQUIDFOR3DNIPAMGELDOSIMETERSUSINGOPTICALCT,glycerol,589.0,1.35,10.1016/j.radphyschem.2014.02.001,C(C(CO)O)O,0,0
1642,10/19/2010,Microfluidics and Nanofluidics,Miniaturized flow cytometer with 3D hydrodynamic particle focusing and integrated optical elements applying silicon photodiodes,titanium,589.0,1.46,10.1007/s10404-010-0707-z,[Ti],2,2
1644,9/11/2004,Thermochimica Acta,DENSITIESSPEEDSSOUNDISENTROPICCOMPRESSIBILITIESREFRACTIVEINDEXESVISCOSITIESTETRAHYDROFURANHALOALKANEALKYLETHANOATET30315K,tetrahydrofuran,589.0,1.3748,10.1016/j.tca.2004.08.001,C1CCOC1,0,0
1645,12/2/2002,Ophthalmology,SCLERALFIXATIONSECONDARYFOLDABLEMULTIFOCALINTRAOCULARLENSIMPLANTSINCHILDRENYOUNGADULTS,Fibrin,589.0,2.0,10.1016/S0161-6420(02)01264-2,CNC(=O)CNC(=O)CN,1,0
1646,9/8/2012,RSC Adv.,Tunable/switchable one-dimensional photonic crystals based on a multilayer architecture of layered double hydroxides and titanium dioxide,TiO2,633.0,1.53,10.1039/C2RA20790G,O=[Ti]=O,0,1
1647,8/24/2016,Soft Matter,Influence of surfactants in forced dynamic dewetting,FEP,589.0,1.34,10.1039/C6SM00997B,C1=CC(=CC=C1CCCCC2=CC=C(C=C2)C(F)(F)P(=O)(O)O)C(F)(F)P(=O)(O)O,3,1
1650,2/9/2001,Optics Communications,DISPERSIONOPTICALCONSTANTSQUARTZPOLYMETHYLMETHACRYLATEGLASSESINAWIDESPECTRALRANGE023M,quartz,1120.0,1.551,10.1016/S0030-4018(00)01152-4,O=[Si]=O,0,0
1655,11/26/2009,Physica B: Condensed Matter,ROOMTEMPERATUREGROWTHNANOCRYSTALLINEANATASETIO2THINFILMSBYDCMAGNETRONSPUTTERING,TiO2,589.0,2.44,10.1016/j.physb.2009.11.061,O=[Ti]=O,0,0
1656,8/18/2010,Fuel,STRUCTUREEVAPORATINGSINGLEMULTICOMPONENTFUELSPRAYSFOR2NDGENERATIONGASOLINEDIRECTINJECTION,n-Decane,589.0,1.395,10.1016/j.fuel.2010.08.001,CCCCCCCCCC,1,0
1660,4/12/2018,Journal of Luminescence,EU2O3DOPEDBRIGHTORANGEREDLUMINESCENTLITHIUMALUMINOBORATEGLASSESFORSOLIDSTATELIGHTING,Eu2O3,589.0,1.54,10.1016/j.jlumin.2018.04.026,[O-2].[O-2].[O-2].[Eu+3].[Eu+3],1,0
1663,9/11/2004,Thermochimica Acta,DENSITIESSPEEDSSOUNDISENTROPICCOMPRESSIBILITIESREFRACTIVEINDEXESVISCOSITIESTETRAHYDROFURANHALOALKANEALKYLETHANOATET30315K,tetrahydrofuran,589.0,1.4346,10.1016/j.tca.2004.08.001,C1CCOC1,0,0
1664,4/16/2008,Thin Solid Films,CHARACTERIZATIONSPUTTEREDANNEALEDNIOBIUMOXIDEFILMSUSINGSPECTROSCOPICELLIPSOMETRYRUTHERFORDBACKSCATTERINGSPECTROMETRYXRAYDIFFRACTION,oxygen,550.0,2.28,10.1016/j.tsf.2008.04.070,O=O,0,0
1665,3/27/2015,Optics Communications,DESIGNREFLECTIVECHROMATICPOLARIZERS45INCIDENCE,aluminum,620.0,1.366,10.1016/j.optcom.2015.03.054,[Al],0,0
1666,9/12/2008,Nuclear Engineering and Design,FLOWVISUALIZATIONINAPEBBLEBEDREACTOREXPERIMENTUSINGPIVREFRACTIVEINDEXMATCHINGTECHNIQUES,Benzyl alcohol,589.0,1.54,10.1016/j.nucengdes.2008.01.027,C1=CC=C(C=C1)CO,1,0
1667,6/24/2009,Nuclear Instruments and Methods in Physics Research Section B: Beam Interactions with Materials and Atoms,STUDYCHANGEINEFFICIENCYCR39AFTERSTORAGEFORDIFFERENTPRODUCTCOMPANIESBYUSINGTRACKTESTPROGRAM,C12H18O7,589.0,1.495,10.1016/j.nimb.2009.06.112,CC1(OC2C(O1)C(OC3C2OC(O3)(C)C)C(=O)O)C,0,0
1669,3/29/2011,Physical Chemistry Chemical Physics,Evaluation of a quantitative structure–property relationship ( QSPR ) for predicting mid-visible refractive index of secondary organic aerosol ( SOA ) ,trans-4-Octene,589.0,1.409,10.1039/C0CP02270E,CCCC=CCCC,1,1
1670,8/8/2003,Thermochimica Acta,ACOUSTICVOLUMETRICCOMPRESSIBILITYREFRACTIVITYPROPERTIESFLORYSREDUCTIONPARAMETERSHOMOLOGOUSSERIESALKYLALKANOATES2981533315K,Ethylpropionate,589.0,1.3667,10.1016/S0040-6031(03)00368-X,CCC(=O)OCC,0,0
1672,9/18/2014,RSC Advances,QSPR with descriptors based on averages of vertex invariants. An artificial neural network study ,Methylchloride,589.0,1.339,10.1039/C4RA06484D,CCl,1,1
1677,4/30/2016,Journal of Molecular Liquids,ULTRASONICSPEEDSVISCOSITIESREFRACTIVEINDICESFTIRSPECTROSCOPICSTUDIESOXYGENATEALIPHATICAROMATICHYDROCARBONS29815K30815K,1-Propanol,589.0,1.3791,10.1016/j.molliq.2016.04.011,CCCO,1,0
1678,5/10/2011,Solid State Communications,PHOTOIONIZATIONCROSSSECTIONBINDINGENERGYSHALLOWDONORIMPURITIESINGA1XINXNYAS1YGAASQUANTUMWIRES,GaAs,589.0,3.62,10.1016/j.ssc.2011.04.029,[Ga]#[As],0,0
1680,8/14/2015,Food Chemistry,SIMPLECOLUMNSWITCHINGIONCHROMATOGRAPHYMETHODFORDETERMININGEIGHTMONOSACCHARIDESOLIGOSACCHARIDESINHONEYDEWNECTAR,Erlose,589.0,2.68,10.1016/j.foodchem.2015.08.049,C(C1C(C(C(C(O1)OC2C(OC(C(C2O)O)OC3(C(C(C(O3)CO)O)O)CO)CO)O)O)O)O,1,0
1681,11/26/2013,Nanoscale,Light extraction enhancement with radiation pattern shaping of LEDs by waveguiding nanorods with impedance-matching tips,GaN,589.0,2.43,10.1039/C3NR05226E,CC(C)C(C(=O)NC(C(C)C)C(=O)OC)NC(=O)C(C)N1CC(C=C(C=C1)C(C)NC(=O)C(C)N)CC2=CC=CC=C2,3,1
1684,3/3/2014,The Journal of Chemical Thermodynamics,HEATCAPACITIESASYMMETRICCRITICALITYLIQUIDLIQUIDCOEXISTENCECURVESFORDIMETHYLCARBONATENUNDECANENTRIDECANE,dimethylcarbonate,632.8,1.4162,10.1016/j.jct.2014.02.016,COC(=O)OC,0,0
1685,3/23/2011,Journal of Molecular Liquids,GROUNDEXCITEDSTATEDIPOLEMOMENTSDANSYLAMIDESOLVATOCHROMICSHIFTSABSORPTIONFLUORESCENCESPECTRA,Benzene,589.0,1.5011,10.1016/j.molliq.2011.03.008,C1=CC=CC=C1,1,0
1689,2/12/2005,The Journal of Chemical Thermodynamics,EXCESSMOLARVOLUMESPROPIOPHENONEBENZENETOLUENEETHYLBENZENEBUTYLBENZENETEMPERATURES29815K32815K,Ethylbenzene,589.0,1.4931,10.1016/j.jct.2005.01.007,CCC1=CC=CC=C1,1,0
1690,10/23/2017,Optik,EFFECTGAMMANEUTRONIRRADIATIONSTRUCTURALOPTICALPROPERTIESAMMONIUMDIHYDROGENPHOSPATESINGLECRYSTALS,ADP,589.0,1.431,10.1016/j.ijleo.2017.10.099,C1=NC(=C2C(=N1)N(C=N2)C3C(C(C(O3)COP(=O)(O)OP(=O)(O)O)O)O)N,1,0
1691,6/18/2018,Scientific Reports,Directional emission of plastic luminescent films using photonic crystals fabricated by soft-X-ray interference lithography and reactive ion etching,HSQ,589.0,1.4,10.1038/s41598-018-27593-w,"CC(=O)NC1C(C(C(OC1N)CO)O)O
CC(=O)NC1C(C(C(OC1N)CO)O)O
CC(=O)NC1C(C(C(OC1N)CO)O)O",2,2
1692,10/22/2011,Computational Materials Science,ELECTRONICNATURESILICONGERMANIUMBASEDOXYNITRIDESRELATEDMECHANICALOPTICALVIBRATIONALPROPERTIESOBTAINEDDFTDFPT,Si2N2O,589.0,1.71,10.1016/j.commatsci.2011.09.021,N#[Si]O[Si]#N,0,0
1693,5/15/2014,RSC Advances,Effect of volatile solvent infiltration on optical and electrical characteristics of porous photonic structures  ,Ethanol,589.0,1.85,10.1039/C3RA46515B,CCO,1,1
1701,10/15/2018,Journal of Molecular Liquids,TAUTOMERISMSOLVATOCHROMISMPREFERENTIALSOLVATIONDENSITYFUNCTIONALSTUDYHETEROARYLAZODYES,THF,589.0,1.41,10.1016/j.molliq.2018.10.054,C1CCOC1,0,0
1703,3/18/2019,Food Chemistry,DETERMINATIONSTUDYREFRACTIVEINDICESVISCOSITIESAQUEOUSSOLUTIONSCITRICACIDCITRICACIDGLYCEROLCITRICACIDDSORBITOLT29315K32315KATMOSPHERICPRESSURE,citricacid,589.0,1.3579,10.1016/j.foodchem.2019.03.075,C1=CC2=C(C=C1N)C(=O)NC2=O,0,0
1705,2/10/2006,Journal of Molecular Liquids,DIELECTRICSTUDIESHYDROGENBONDEDCOMPLEXESALCOHOLSNNDIMETHYLFORMAMIDE,n-Propanol,589.0,1.4942,10.1016/j.molliq.2005.02.003,CCCO,1,0
1708,3/3/2005,Chemical Geology,QUANTITATIVEASSESSMENTCHEMICALMINERALOGICALCHANGESDUEPROGRESSIVELOWTEMPERATUREALTERATIONEASTPACIFICRISEBASALTS09MA,Phillipsite,589.0,2.45,10.1016/j.chemgeo.2005.01.011,O.O.O.O.O.O.O.O.O.O.O.O.O.[O-][Si](=O)O[Si](=O)[O-].[Na].[Al].[K].[Ca],0,0
1709,10/12/2012,Journal of Molecular Liquids,SOLVATOCHROMISMHEMICYANINES,Hexanol,589.0,1.4157,10.1016/j.molliq.2012.09.021,CCCCCCO,0,0
1711,2/18/2019,Solar Energy,ENHANCEMENTPLASMONICTRANSMITTANCEPOROUSGOLDTHINFILMSVIAGOLDMETALOXIDEBILAYERSFORSOLARENERGYSAVINGAPPLICATIONS,NiO,589.0,2.18,10.1016/j.solener.2019.02.025,C1=CC(=CN=C1)C(=O)O,1,0
1712,10/24/2012,Spectrochimica Acta Part A: Molecular and Biomolecular Spectroscopy,SOLVENTEFFECTABSORPTIONFLUORESCENCESPECTRA7ACETOXY623DIBROMOPROPYL48DIMETHYLCOUMARINDETERMINATIONGROUNDEXCITEDSTATEDIPOLEMOMENTS,1-Butanol,589.0,1.3993,10.1016/j.saa.2012.10.018,CCCCO,0,0
1714,1/20/2016,The Journal of Chemical Thermodynamics,THERMODYNAMICBEHAVIORTHIOPHENEOCTANE1HEXYL3METHYLIMIDAZOLIUMBROMIDE1OCTYL3METHYLIMIDAZOLIUMBROMIDEINDILUTEREGIONT2881530315K,Thiophene,589.0,1.05884,10.1016/j.jct.2015.12.031,C1=CSC=C1,0,0
1718,3/29/2011,Physical Chemistry Chemical Physics,Evaluation of a quantitative structure–property relationship ( QSPR ) for predicting mid-visible refractive index of secondary organic aerosol ( SOA ) ,trans-2-Methyl-2-butenal,589.0,1.425,10.1039/C0CP02270E,CC=C(C)C=O,1,1
1719,1/31/2019,Journal of Molecular Liquids,ASSOCIATION1HEXANOLINMIXTURESNHEXANEDIELECTRICNEARINFRAREDDFTSTUDIES,1-hexanol,589.0,1.415,10.1016/j.molliq.2019.01.157,CCCCCCO,0,0
1720,10/15/2016,Precision Engineering,IMPROVEMENTFORMACCURACYSURFACEINTEGRITYSIHDPEHYBRIDMICROLENSARRAYSINPRESSMOLDING,Boron,589.0,3.5,10.1016/j.precisioneng.2016.10.002,[B],0,0
1721,1/6/2014,Journal of Luminescence,SPECTRALSTUDYSTABILITYPROTEINLABELINGTWOCARBAZOLEBENZOTHIAZOLEDERIVATIVES,Chloroform,589.0,1.44,10.1016/j.jlumin.2013.12.057,C(Cl)(Cl)Cl,1,0
1722,11/23/2017,Superlattices and Microstructures,STRONGDIPOLEHIGHERMULTIPOLEMIERESONANCEMODESALLDIELECTRICNANORINGMETASURFACESSTRUCTURE,silicon,589.0,3.42,10.1016/j.spmi.2017.11.045,[Si],2,0
1723,11/15/2013,Journal of Pharmaceutical and Biomedical Analysis,ANALYSISCARBOHYDRATESINMILKPOWDERBYANEWHEARTCUTTINGTWODIMENSIONALLIQUIDCHROMATOGRAPHYMETHOD,Saccharose,589.0,4.8,10.1016/j.jpba.2013.11.006,C(C1C(C(C(C(O1)OC2(C(C(C(O2)CO)O)O)CO)O)O)O)O,1,0
1724,6/20/2014,Applied Catalysis B: Environmental,ENHANCEDPHOTOCATALYTICPERFORMANCETIO2BASEDSYNERGISTICEFFECTTI3SELFDOPINGSLOWLIGHTEFFECT,TiO2,653.0,2.5,10.1016/j.apcatb.2014.06.020,O=[Ti]=O,0,0
1725,6/25/2010,Energy Conversion and Management,CATALYTICPYROLYSISLDPELEADSVALUABLERESOURCERECOVERYREDUCTIONWASTEPROBLEMS,ZnO,589.0,1.453,10.1016/j.enconman.2010.06.016,O=[Zn],1,0
1726,11/2/2006,The Journal of Chemical Thermodynamics,STUDYPHASEBEHAVIOURTHERMODYNAMICPROPERTIESIONICLIQUIDSCONTAININGIMIDAZOLIUMCATIONETHANOLSEVERALTEMPERATURES,Ethanol,589.0,1.35929,10.1016/j.jct.2006.10.017,CCO,1,0
1727,10/15/2017,Optics Communications,ANALYZINGAPPLICATIONSILICONSILVER2DNANOMATERIALAL2O3HETEROJUNCTIONINPLASMONICSENSORPERFORMANCEEVALUATION,D2O,589.0,1.3228,10.1016/j.optcom.2017.09.081,O,1,0
1728,5/17/2016,Optik,THEORETICALINVESTIGATIONTUNINGPHOTONICJETTHROUGHVARYINGSALTCONCENTRATIONINPROPAGATINGMEDIUMUSINGFDTDMETHOD,NaCl,589.0,1.34,10.1016/j.ijleo.2016.05.054,[Na+].[Cl-],0,0
1731,8/29/2016,Talanta,STEREOSELECTIVEQUANTIFICATIONTRITICONAZOLEINVEGETABLESBYSUPERCRITICALFLUIDCHROMATOGRAPHY,Triticonazole,589.0,3.5,10.1016/j.talanta.2016.08.077,"CC1(CCC(=CC2=CC=C(C=C2)Cl)C1(CN3C=NC=N3)O)C
CC1(CCC(=CC2=CC=C(C=C2)Cl)C1(CN3C=NC=N3)O)C
CC1(CCC(=CC2=CC=C(C=C2)Cl)C1(CN3C=NC=N3)O)C",1,0
1732,2/17/2016,Optik,PWEAPPROACHOPTICALTHYRISTORFORINVESTIGATIONDOPINGCONCENTRATION,InSb,589.0,4.06,10.1016/j.ijleo.2016.02.024,[In]#[Sb],1,0
1733,2/28/2001,Optical Materials,SPECTROSCOPICPROPERTIESCEF3LUF3CE3THINFILMSGROWNBYMOLECULARBEAMEPITAXY,CaF2,589.0,1.435,10.1016/S0925-3467(00)00061-6,[F-].[F-].[Ca+2],2,0
1736,2/19/2019,LWT,MICROWAVEASSISTEDEXTRACTIONSOLUBLESUGARSBANANAPUREENATURALDEEPEUTECTICSOLVENTSNADES,Glu,589.0,1.439,10.1016/j.lwt.2019.02.052,C(CC(=O)O)C(C(=O)O)N,1,0
1737,10/17/2015,Optik,PHOTOPHYSICSSTUDIESHIGHLYFLUORESCENTADS680HOLASERDYECONJUGATEGREENSILVERNANOPARTICLES,Propanol,589.0,1.377,10.1016/j.ijleo.2015.10.076,CCCO,0,0
1738,1/25/2016,Optical Materials,OPTICALELECTRONICPROPERTIESSEMICONDUCTORSENERGYGAPS,BaSe,589.0,2.27,10.1016/j.optmat.2016.01.012,[Se]=[Ba],0,0
1739,6/7/2006,Food and Chemical Toxicology,GENERATIONFORMALDEHYDEINCIGARETTESOVERVIEWRECENTEXPERIMENTS,Crotonaldehyde,589.0,3.0,10.1016/j.fct.2006.05.017,CC=CC=O,1,0
1740,2/28/2015,The Journal of Chemical Thermodynamics,MIXINGTHERMODYNAMICPROPERTIESESTERCONTAININGSOLUTIONSASTUDYTERNARYMETHYLALKANOATEPENTANOATEMETHANOATEMETHANOLCORRESPONDINGBINARIESNEWCONTRIBUTIONSESTERESTERINTERACTIONS,Methyl methanoate,589.0,1.34074,10.1016/j.jct.2015.02.019,COC=O,1,0
1741,11/16/2016,Materials Science in Semiconductor Processing,EFFECTPOSTDEPOSITIONHEATTREATMENTMICROSTRUCTUREPARAMETERSOPTICALCONSTANTSCOMPOSITIONTHERMALLYEVAPORATEDCDTETHINFILMS,CdTe,589.0,2.56,10.1016/j.mssp.2016.11.028,[Cd]=[Te],0,0
1742,12/4/2002,Fluid Phase Equilibria,LIQUIDPHASEBEHAVIOURTHERMODYNAMICSACETONEMETHANOLNALKANEC9C12MIXTURES,Methanol,589.0,1.32645,10.1016/S0378-3812(02)00306-0,CO,1,0
1743,8/8/2003,Thermochimica Acta,ACOUSTICVOLUMETRICCOMPRESSIBILITYREFRACTIVITYPROPERTIESFLORYSREDUCTIONPARAMETERSHOMOLOGOUSSERIESALKYLALKANOATES2981533315K,Methyl ethanoate,589.0,1.3567,10.1016/S0040-6031(03)00368-X,CC(=O)OC,1,0
1747,2/16/2017,Bioelectrochemistry,ELECTRICALACTIVITYCELLOBIOSEDEHYDROGENASEADSORBEDTHIOLSINFLUENCECHARGEHYDROPHOBICITY,thiol,589.0,1.45,10.1016/j.bioelechem.2017.02.001,S,2,0
1748,5/14/2015,Solar Energy Materials and Solar Cells,OPTICALSIMULATIONFABRICATIONHFMONHFONAL2O3SPECTRALLYSELECTIVECOATING,Al2O3,510.0,1.66574,10.1016/j.solmat.2015.04.031,[O-2].[O-2].[O-2].[Al+3].[Al+3],0,0
1753,6/21/2006,Journal of Molecular Liquids,SOLUBILITYSTUDIESHALOHEXANESBYAQUANTUMMECHANICALMETHOD,CHCl3,589.0,1.37,10.1016/j.molliq.2006.03.049,C(Cl)(Cl)Cl,0,0
1754,6/6/2000,Synthetic Metals,ELLIPSOMETRICATOMICFORCEMICROSCOPICINVESTIGATIONSPOLYPARAPHENYLENEVINYLENEPOLYPHENYLQUINOXALINETHINFILMS,Silicon,589.0,1.5,10.1016/S0379-6779(99)00318-5,[Si],1,0
1755,3/6/2012,Food Chemistry,IMPACTLEMONOILCOMPOSITIONFORMATIONSTABILITYMODELFOODBEVERAGEEMULSIONS,Geranial,589.0,1.456,10.1016/j.foodchem.2012.02.174,CC(=CCCC(=CC=O)C)C,1,0
1756,5/23/2015,Materials Letters,DEGRADATIONDEVICEPHYSICSMODELINGTIO2CZTSULTRATHINFILMPHOTOVOLTAICS,TiO2,589.0,3.5,10.1016/j.matlet.2015.05.055,O=[Ti]=O,1,0
1761,12/29/2011,Nuclear Instruments and Methods in Physics Research Section B: Beam Interactions with Materials and Atoms,FORMATIONSLABWAVEGUIDESINEULYTINETYPEBGOCAF2CRYSTALSBYIMPLANTATIONMEVNITROGENIONS,Bi4Ge3O12,635.0,2.0676,10.1016/j.nimb.2011.12.039,[O-2].[O-2].[O-2].[O-2].[O-2].[O-2].[O-2].[O-2].[O-2].[O-2].[O-2].[O-2].[Ge+4].[Ge+4].[Ge+4].[Bi+3].[Bi+3].[Bi+3].[Bi+3],0,0
1763,3/11/2011,Phys. Chem. Chem. Phys.,Evaluation of a quantitative structure–property relationship (QSPR) for predicting mid-visible refractive index of secondary organic aerosol (SOA),Furfural,589.0,1.526,10.1039/C0CP02270E,C1=COC(=C1)C=O,0,1
1764,3/29/2011,Physical Chemistry Chemical Physics,Evaluation of a quantitative structure–property relationship ( QSPR ) for predicting mid-visible refractive index of secondary organic aerosol ( SOA ) ,"2,3,3-Trimethyl-1-butene",589.0,1.403,10.1039/C0CP02270E,CC(=C)C(C)(C)C,1,1
1766,3/12/2007,International Journal of Pharmaceutics,STATISTICALCLUSTERANALYSISPHARMACEUTICALSOLVENTS,p-Xylene,589.0,1.496,10.1016/j.ijpharm.2007.03.002,CC1=CC=C(C=C1)C,0,0
1767,7/3/2001,Journal of Molecular Structure: THEOCHEM,SOLVENTEFFECTGROUNDEXCITEDSTATEDIPOLEMOMENTSFLUORESCEIN,fluorescein,308.0,1.4616,10.1016/S0166-1280(01)00513-9,C1=CC=C2C(=C1)C(=O)OC23C4=C(C=C(C=C4)O)OC5=C3C=CC(=C5)O,0,0
1769,2/26/2015,European Polymer Journal,NITROSUBSTITUTEDPOLYAMIDESANEWCLASSTRANSPARENTHIGHLYREFRACTIVEMATERIALS,Bromobenzene,589.0,1.5579,10.1016/j.eurpolymj.2015.02.032,C1=CC=C(C=C1)Br,1,0
1770,11/26/2004,Thin Solid Films,OPTICALCHARACTERIZATIONMOO3THINFILMSPRODUCEDBYCONTINUOUSWAVECO2LASERASSISTEDEVAPORATION,MoO3,600.0,1.71,10.1016/j.tsf.2004.10.027,O=[Mo](=O)=O,0,0
1772,8/11/2016,Chem. Soc. Rev.,Recent advances in the biomimicry of structural colours,TiO2,589.0,1.82,10.1039/C6CS00129G,O=[Ti]=O,3,1
1775,12/8/2014,Materials Horizons,Recent advances in antireflective surfaces based on nanostructure arrays ,SiO2,589.0,2.03,10.1039/C4MH00140K,O=[Si]=O,2,1
1776,1/21/2014,Journal of Molecular Liquids,PHYSICOCHEMICALCHARACTERIZATIONAQUEOUSTWOPHASESYSTEMSCONTAININGTRITONX102SODIUMSALTSINRANGETEMPERATURE28815K31815K,Na2S2O3,589.0,1.3419,10.1016/j.molliq.2014.01.010,[O-]S(=O)(=S)[O-].[Na+].[Na+],0,0
1777,11/22/2005,New Journal of Chemistry,"Silver organosol: synthesis, characterisation and localised surface plasmon resonance study  ","1,4-Dioxane",589.0,1.4224,10.1039/B508730A,C1COCCO1,1,1
1779,10/13/2016,Journal of Molecular Liquids,ASSESSMENTNONCOVALENTINTERACTIONBETWEENINSULINANTIBIOTICSINAQUEOUSSOLUTIONTHROUGHULTRASONICSTUDIESINSILICODOCKINGANALYSIS,Cefpodoxime,589.0,1.3356,10.1016/j.molliq.2016.10.051,COCC1=C(N2C(C(C2=O)NC(=O)C(=NOC)C3=CSC(=N3)N)SC1)C(=O)O,1,0
1780,5/10/2013,RSC Adv.,Structural coloration in nature,SiO,589.0,1.9,10.1039/C3RA41096J,O=[Si],3,1
1782,12/27/2005,Current Applied Physics,LOCALFIELDEFFECTSRADIATIVELIFETIMESCE3INDIFFERENTHOSTS,LuAlO3,365.0,1.94,10.1016/j.cap.2005.11.016,[O-2].[O-2].[O-2].[Al+3].[Lu+3],0,0
1783,4/18/2005,Fluid Phase Equilibria,LIQUIDLIQUIDEQUILIBRIAFORALIPHATICALCOHOLSCESIUMCARBONATEWATERSYSTEMS,2-Propanol,589.0,1.59,10.1016/j.fluid.2005.02.017,CC(C)O,0,0
1784,12/17/2013,Spectrochimica Acta Part A: Molecular and Biomolecular Spectroscopy,DETERMINATIONGROUNDEXCITEDSTATEDIPOLEMOMENTSDIPOLARLASERDYESBYSOLVATOCHROMICSHIFTMETHOD,Propanol,383.0,1.385,10.1016/j.saa.2013.12.031,CCCO,0,0
1786,2/20/2013,Photochemical & Photobiological Sciences,An intermolecular hydrogen-bonding effect on spectral and photophysical properties of 6-aminocoumarin in protic solvents ,HFIP,589.0,1.277,10.1039/C2PP25288K,C(C(F)(F)F)(C(F)(F)F)O,1,1
1787,12/2/2013,The Journal of Chemical Thermodynamics,TIELINEDATAFORWATERBUTYRICACIDNBUTYLALCOHOLAMYLALCOHOLT298230823182KWATERBUTYRICACIDISOAMYLALCOHOLT2982K,Amylalcohol,589.0,1.4073,10.1016/j.jct.2013.11.028,CCCCCO,0,0
1789,6/3/2006,Chemical Physics,MODELSTUDIESSPECTRALPHOTOPHYSICALCHARACTERISTICSASERIESDONORACCEPTORPOLYENESDIFFERENTLENGTH,n-Hexane,400.0,1.375,10.1016/j.chemphys.2006.05.019,CCCCCC,0,0
1790,7/4/2009,Journal of Organometallic Chemistry,PHENYLETHENYLSUBSTITUTEDSILICONESVIAHECKCOUPLINGREACTION,C6H5Br,589.0,1.58,10.1016/j.jorganchem.2009.07.001,C1=CC=C(C=C1)Br,0,0
1792,10/13/2016,Journal of Molecular Liquids,ASSESSMENTNONCOVALENTINTERACTIONBETWEENINSULINANTIBIOTICSINAQUEOUSSOLUTIONTHROUGHULTRASONICSTUDIESINSILICODOCKINGANALYSIS,Azithromycin,589.0,1.3339,10.1016/j.molliq.2016.10.051,CCC1C(C(C(N(CC(CC(C(C(C(C(C(=O)O1)C)OC2CC(C(C(O2)C)O)(C)OC)C)OC3C(C(CC(O3)C)N(C)C)O)(C)O)C)C)C)O)(C)O,1,0
1794,5/4/2001,Sensors and Actuators B: Chemical,OPTICALFIBERSENSORFORDETERMININGWATERCONTENTINORGANICSOLVENTS,THF,508.0,1.405,10.1016/S0925-4005(00)00740-1,C1CCOC1,0,0
1795,6/2/1999,Journal of Membrane Science,EFFECTSOLVENTINCOMPETITIVEALKALIMETALCATIONTRANSPORTACROSSBULKLIQUIDMEMBRANESBYALIPOPHILICLARIATETHERCARBOXYLICACIDCARRIER,p-Xylene,589.0,1.4958,10.1016/S0376-7388(99)00054-X,CC1=CC=C(C=C1)C,1,0
1799,12/22/2010,Journal of Colloid and Interface Science,INFLUENCEASSEMBLYPHCOMPRESSIONAGNANOPARTICLESYNTHESISPOLYELECTROLYTEMULTILAYERS,NaBH4,589.0,1.5675,10.1016/j.jcis.2010.12.054,[BH4-].[Na+],0,0
1800,5/23/2017,Journal of Molecular Liquids,SOLVATOCHROMICANALYSISDFTCOMPUTATIONALSTUDYAZOMALEIMIDEDERIVATIVE,N-methylpyrrolidone,589.0,1.47,10.1016/j.molliq.2017.05.096,CN1CCCC1=O,0,0
1801,3/3/2012,Arabian Journal of Chemistry,DENSITYREFRACTIVEINDEXMOLARREFRACTIVITYBINARYLIQUIDMIXTURE2931529815303153081531315K,Acetonitrile,589.0,1.3402,10.1016/j.arabjc.2012.02.013,CC#N,1,0
1804,12/30/2015,Journal of Pharmaceutical Sciences,UTILIZINGDYNAMICLIGHTSCATTERINGAPROCESSANALYTICALTECHNOLOGYFORPROTEINFOLDINGAGGREGATIONMONITORINGINVACCINEMANUFACTURING,Urea,589.0,1.349,10.1002/jps.23746,C(=O)(N)N,0,0
1806,4/19/2001,Journal of Photochemistry and Photobiology A: Chemistry,PHOTOPHYSICALAGGREGATIONPROPERTIESALONGCHAINSQUARYLIUMINDOCYANINEDYE,C6H5Cl,589.0,1.5248,10.1016/S1010-6030(01)00405-1,C1=CC=C(C=C1)Cl,1,0
1808,10/18/2018,Chinese Journal of Physics,CRITERIADETERMINATIONCHOOSEPIEZOELECTRICMATERIALSFORBAWRESONATORAPPLICATIONSVIACOLOREDPICOSECONDACOUSTICS,AlN,589.0,2.19,10.1016/j.cjph.2018.10.008,N#[Al],0,0
1812,10/13/2016,Journal of Molecular Liquids,ASSESSMENTNONCOVALENTINTERACTIONBETWEENINSULINANTIBIOTICSINAQUEOUSSOLUTIONTHROUGHULTRASONICSTUDIESINSILICODOCKINGANALYSIS,Ciprofloxacin,589.0,1.2852,10.1016/j.molliq.2016.10.051,C1CC1N2C=C(C(=O)C3=CC(=C(C=C32)N4CCNCC4)F)C(=O)O,1,0
1813,7/26/2006,Sensors and Actuators A: Physical,PHOTONICCRYSTALSLABSHEXAGONALAIRHOLESFABRICATEDBYSELECTIVEAREAMETALORGANICVAPORPHASEEPITAXY,GaAs,589.0,3.374,10.1016/j.sna.2006.06.051,[Ga]#[As],2,0
1814,3/12/2007,International Journal of Pharmaceutics,STATISTICALCLUSTERANALYSISPHARMACEUTICALSOLVENTS,Methylisobutylketone,589.0,1.396,10.1016/j.ijpharm.2007.03.002,CC(C)CC(=O)C,0,0
1815,6/17/2012,Journal of Thermal Analysis and Calorimetry,Thermo-mechanical behavior and specific volume of highly crosslinked networks based on glycerol dimethacrylate and its derivatives,GDMA,589.0,1.4615,10.1007/s10973-012-2508-y,C(COC(=O)CS)OC(=O)CS,1,2
1816,4/2/2003,Journal of Molecular Structure,SOLVENTEFFECTSPHOTOCHEMICALFLUORESCENCEPROPERTIESZINCPHTHALOCYANINEDERIVATIVES,Benzonitrile,14.0,1.528,10.1016/S0022-2860(03)00155-8,C1=CC=C(C=C1)C#N,0,0
1821,5/18/2011,Spectrochimica Acta Part A: Molecular and Biomolecular Spectroscopy,EFFECTSENVIRONMENTPHOTOPHYSICALCHARACTERISTICSMESOTETRAKISMETHYLPYRIDINIUMYLPORPHYRINTMPYP,PrOH,589.0,1.39,10.1016/j.saa.2011.05.012,CCCO,0,0
1822,2/27/2003,Physical Chemistry Chemical Physics,Tricriticality in the ternary system 3-methylpyridine / water /NaBr? The coexistence curves ,NaBr,589.0,1.41537,10.1039/B212337A,[Na+].[Br-],1,1
1823,1/1/2001,Journal of Materials Chemistry, Stabilization of ScO(OH) dispersions in aqueous-alcoholic media by aminosilanes. Solution routes to scandia coatings  ,PVP,589.0,1.53,10.1039/B100736J,C=CN1CCCC1=O,2,1
1824,9/28/2016,Journal of Molecular Liquids,PHOTOPHYSICALPROPERTIES3MPBAEVALUATIONCORELATIONBETWEENSOLVATOCHROMISMQUANTUMYIELDINDIFFERENTSOLVENTS,Acetonitrile,589.0,1.346,10.1016/j.molliq.2016.09.102,CC#N,0,0
1825,3/16/2015,The Journal of Chemical Thermodynamics,VOLUMETRICACOUSTICREFRACTOMETRICPROPERTIESTHIOPHENEHEXANECYCLOHEXANESOLUTIONSINPRESENCEIMIDAZOLIUMBASEDIONICLIQUIDST29815K,thiophene,589.0,1.4253,10.1016/j.jct.2015.03.004,C1=CSC=C1,0,0
1826,2/22/2014,Journal of Molecular Liquids,CONDUCTOMETRICINVESTIGATIONIONSOLVENTINTERACTIONSIONICLIQUIDEMIMCH3SO3INPURENALKANOLS,n-Pentanol,589.0,1.407,10.1016/j.molliq.2014.02.008,CCCCCO,1,0
1827,3/6/2017,Journal of Industrial and Engineering Chemistry,ULTRASOUNDASSISTEDRAREEARTHDOPEDWOLLASTONITENANOPOWDERSLABELINGAGENTFORIMAGINGECCRINELATENTFINGERPRINTSCHEILOSCOPYAPPLICATIONS,CdSiO3,589.0,5.42,10.1016/j.jiec.2017.02.019,[O-][Si](=O)[O-].[Cd+2],0,0
1828,10/10/2005,Optical Materials,ABSORPTIONREFRACTIVEINDEXCHANGESPOLY3OCTYLTHIOPHENEUNDERNO2GASEXPOSURE,NO2,589.0,1.6119,10.1016/j.optmat.2005.07.009,N(=O)[O],1,0
1830,10/3/2007,Photochemical & Photobiological Sciences,"Photophysics of 3,5-diphenoxy substituted BODIPY dyes in solution ",cyclohexane,589.0,1.427,10.1039/B705921C,C1CCCCC1,2,1
1832,2/16/2018,Nat Commun,Expanding frontiers in materials chemistry and physics with multiple anions,LiF,589.0,1.392,10.1038/s41467-018-02838-4,[Li+].[F-],3,2
1834,7/18/2012,Photochemical & Photobiological Sciences,Radiationless deactivation of 6-aminocoumarin from the S 1 -ICT state in nonspecifically interacting solvents ,Tetrachloromethane,589.0,1.457,10.1039/C2PP25065A,C(Cl)(Cl)(Cl)Cl,1,1
1836,5/15/2010,Solar Energy Materials and Solar Cells,LARGESIZEMULTICRYSTALLINESILICONSOLARCELLSHONEYCOMBTEXTUREDSURFACEPOINTCONTACTEDREARTOWARDINDUSTRIALPRODUCTION,SiN,589.0,2.0,10.1016/j.solmat.2010.04.035,C(CC(=O)O)C(=O)O,2,0
1837,10/3/2013,Journal of Dentistry,EFFECTTHREEYEARCONSUMPTIONERYTHRITOLXYLITOLSORBITOLCANDIESVARIOUSPLAQUESALIVARYCARIESRELATEDVARIABLES,Xylitol,589.0,1.24,10.1016/j.jdent.2013.09.007,C(C(C(C(CO)O)O)O)O,1,0
1839,1/20/2011,Optics and Lasers in Engineering,OPTICALMETHODDIFFERENTIATETEQUILASBASEDANGULARMODULATIONSURFACEPLASMONRESONANCE,alcohol,589.0,1.3331,10.1016/j.optlaseng.2010.12.009,CCO,0,0
1841,11/26/2007,Superlattices and Microstructures,COPPERCONTAININGNANOPOROUSFILMS,silica,589.0,1.17,10.1016/j.spmi.2007.10.009,O=[Si]=O,0,0
1842,3/10/2006,Biosensors and Bioelectronics,CHARACTERISATIONMEMBRANEMIMETICSADUALPOLARISATIONINTERFEROMETER,Decanoic acid,589.0,1.45,10.1016/j.bios.2006.01.021,CCCCCCCCCC(=O)O,1,0
1845,11/19/2007,Thin Solid Films,ELECTROSTATICALLYSELFASSEMBLEDFILMSCONTAININGIIVISEMICONDUCTORNANOPARTICLESOPTICALELECTRICALPROPERTIES,PAH,589.0,1.517,10.1016/j.tsf.2007.11.067,C1=CC(=CC=C1C(=O)NCC(=O)O)N,0,0
1846,11/27/2008,Journal of Molecular Structure,SOLVATOCHROMISMMOLECULARELECTRONICSTRUCTURESTRANSCISISOMERSATYPICALSTYRYLPYRIDINIUMCYANINEDYE,Benzene,464.0,1.5014,10.1016/j.molstruc.2008.11.032,C1=CC=CC=C1,0,0
1847,6/7/2006,Food and Chemical Toxicology,GENERATIONFORMALDEHYDEINCIGARETTESOVERVIEWRECENTEXPERIMENTS,Acrolein,589.0,1.1,10.1016/j.fct.2006.05.017,C=CC=O,1,0
1848,4/24/2007,Spectrochimica Acta Part A: Molecular and Biomolecular Spectroscopy,SOLVENTEFFECTABSORPTIONFLUORESCENCESPECTRACOUMARINLASERDYESEVALUATIONGROUNDEXCITEDSTATEDIPOLEMOMENTS,Pentanol,589.0,1.41,10.1016/j.saa.2007.04.016,CCCCCO,0,0
1849,11/27/2013,Bioresource Technology,PROTEASEINCREASESFERMENTATIONRATEETHANOLYIELDINDRYGRINDETHANOLPRODUCTION,Ethanol,589.0,1.581,10.1016/j.biortech.2013.11.043,CCO,0,0
1850,3/28/2012,The Journal of Chemical Thermodynamics,VOLUMETRICSTERICPROPERTIESHYDROXAMICACIDSINETHANOLDIFFERENTTEMPERATURES,ethanol,589.0,1.3633,10.1016/j.jct.2012.03.019,CCO,0,0
1852,1/29/2017,Optics & Laser Technology,NANOSTRUCTURESURFACEACTIVATIONMAYENITE12CAO7AL2O3CERAMICSVIAFEMTOSECONDLASERIRRADIATIONINSOLVENTS,Acetone,589.0,1.36,10.1016/j.optlastec.2017.01.012,CC(=O)C,0,0
1853,5/31/2013,Optik,MODELLINGCHALCOGENIDEGLASSBASEDPLASMONICSTRUCTUREFORCHEMICALSENSINGUSINGNEARINFRAREDLIGHT,H2O,900.0,1.328,10.1016/j.ijleo.2013.03.053,O,0,0
1854,7/11/2001,Surface and Coatings Technology,LARGEAREAGLASSCOATING,TiO2,589.0,2.35,10.1016/S0257-8972(98)00737-3,O=[Ti]=O,2,0
1857,4/25/2017,Advanced Powder Technology,PHYSICALOPTICALPROPERTIESHFO2NPSSYNTHESISCHARACTERIZATIONINFINDINGFEASIBILITYINOPTOELECTRONICDEVICES,HfO2,589.0,1.916,10.1016/j.apt.2017.03.022,O=[Hf]=O,0,0
1859,5/4/2016,Anal. Methods,A multidisciplinary approach to the study of the brightening effects of white chalk ground layers in 15<sup>th</sup> and 16<sup>th</sup>century paintings,chalk,589.0,1.5699999999999998,10.1039/C6AY00435K,C(=O)([O-])[O-].[Ca+2],3,1
1860,6/9/2010,Optics Communications,MULTILAYERTHINFILMTHICKNESSMEASUREMENTUSINGSENSITIVITYSEPARATIONMETHOD,CaF2,589.0,1.4,10.1016/j.optcom.2010.05.054,[F-].[F-].[Ca+2],0,0
1861,10/6/2016,Journal of Alloys and Compounds,OPTIMIZATIONPOSTDEPOSITIONANNEALINGTEMPERATUREDIRECTCURRENTMAGNETRONREACTIVESPUTTEREDZIRCONIUMTITANATETHINFILMSFORREFRACTORYOXIDEAPPLICATIONS,ZTO,589.0,2.12,10.1016/j.jallcom.2016.10.048,[O-][Cr](=O)(=O)[O-].[Zn+2],0,0
1862,5/26/2016,Thermochimica Acta,THERMODYNAMICPROPERTIES1BUTYL3METHYLIMIDAZOLIUMSALICYLATEACTIVEPHARMACEUTICALINGREDIENTIONICLIQUIDAPIILINAQUEOUSSOLUTIONSGLYCINELALANINET2881531815K,glycine,589.0,1.3347,10.1016/j.tca.2016.05.013,C(C(=O)O)N,0,0
1863,10/8/2003,Fluid Phase Equilibria,DENSITYREFRACTIVEINDEXSPEEDSOUNDFORMIXTURESETHYLACETATE2BUTANOL3METHYL1BUTANOL,2-Butanol,589.0,1.39503,10.1016/j.fluid.2003.02.001,CCC(C)O,1,0
1864,1/29/2017,Materials Research Bulletin,STRUCTURALOPTICALINVESTIGATIONUNDOPEDSM3DOPEDLEADOXYFLUOROBORATEGLASSES,BPbF-1,589.0,1.753,10.1016/j.materresbull.2017.01.033,[B-]F.[Pb],0,0
1867,1/27/2007,Breast Cancer Research and Treatment,Differential effects of tamoxifen and anastrozole on optic cup size in breast cancer survivors,Anastrozole,589.0,1.09,10.1007/s10549-006-9486-3,CC(C)(C#N)C1=CC(=CC(=C1)CN2C=NC=N2)C(C)(C)C#N,1,2
1868,10/24/2017,Optik,RESEARCHSADPRDLOSSESINSEMICONDUCTORWAVEGUIDEFORAPPLICATIONINPHOTONICINTEGRATEDCIRCUITS,GaAs,589.0,3.92,10.1016/j.ijleo.2017.10.130,[Ga]#[As],1,0
1869,7/17/2002,Solar Energy Materials and Solar Cells,INVESTIGATIONSOLGELDERIVEDTHINFILMSTITANIUMDIOXIDEDOPEDVANADIUMOXIDE,TiO2,589.0,2.04,10.1016/S0927-0248(02)00269-6,O=[Ti]=O,2,0
1871,12/22/2006,Physica B: Condensed Matter,ELECTRONICPOLARIZABILITYOPTICALBASICITYLANTHANIDEOXIDES,Dy2O3,589.0,1.975,10.1016/j.physb.2006.11.015,[O-2].[O-2].[O-2].[Dy+3].[Dy+3],0,0
1872,3/26/2018,Scientia Horticulturae,MULTIPLEXANALYSESCHANGESAROMATICCOMPOUNDSDURINGDEVELOPMENTPEACHFRUITUSINGGCMSITRAQPROTEOMICTECHNIQUES,citric acid,589.0,3.0,10.1016/j.scienta.2018.03.009,C(C(=O)O)C(CC(=O)O)(C(=O)O)O,1,0
1873,8/21/2009,Journal of Colloid and Interface Science,SPECTRALPARAMETERSHAMAKERCONSTANTSSILICONHYDRIDECOMPOUNDSORGANICSOLVENTS,Ethanol,589.0,1.3615,10.1016/j.jcis.2009.08.028,CCO,0,0
1875,1/25/2011,Chemical Engineering Science,APPROACHCHARACTERISINGCOHESIVEBEHAVIOURPOWDERSUSINGAFLOWTITRATIONAEROSOLISATIONBASEDMETHODOLOGY,Triamcinolone,589.0,1.429,10.1016/j.ces.2010.12.044,CC12CC(C3(C(C1CC(C2(C(=O)CO)O)O)CCC4=CC(=O)C=CC43C)F)O,1,0
1876,2/27/2003,Physical Chemistry Chemical Physics,Tricriticality in the ternary system 3-methylpyridine / water /NaBr? The coexistence curves ,NaBr,589.0,1.40923,10.1039/B212337A,[Na+].[Br-],1,1
1878,7/25/2016,Colloids and Surfaces B: Biointerfaces,ADSORPTIONLYSOZYMEBASEMETALSURFACESINPRESENCEEXTERNALELECTRICPOTENTIAL,Nickel,589.0,2.08,10.1016/j.colsurfb.2016.07.042,[Ni],1,0
1880,1/17/2002,Journal of Loss Prevention in the Process Industries,AREVIEWENVIRONMENTALHAZARDSADSORPTIONRECOVERYCLEANINGSOLVENTHYDROCHLOROFLUOROCARBONSHCFCS,HCFC-141b,589.0,1.36,10.1016/S0950-4230(01)00023-7,CC(F)(Cl)Cl,1,0
1881,11/13/2016,Optik,ENHANCEDTHERMALSTABILITYOPTICALPROPERTIESINTM3DY3IONSCODOPEDTNBZGLASSES,oxygen,589.0,2.1648,10.1016/j.ijleo.2016.11.063,O=O,0,0
1882,8/2/2012,Dyes and Pigments,CAROTENEAGREENINEXPENSIVECONVENIENTSOLVATOCHROMICPROBEFORDETERMINATIONSOLVENTPOLARIZABILITY,Diethylether,589.0,1.353,10.1016/j.dyepig.2012.07.017,CCOCC,0,0
1885,10/17/2013,Journal of Molecular Liquids,DENSITIESVISCOSITIESREFRACTIVEINDICESEXCESSPROPERTIESORTHOMETACHLOROANILINE2ALKOXYETHANOLS30315K,2-Ethoxyethanol,589.0,1.406,10.1016/j.molliq.2013.09.035,CCOCCO,1,0
1888,4/3/2015,Spectrochimica Acta Part A: Molecular and Biomolecular Spectroscopy,INTERACTIONQUININESULFATEANIONICMICELLESSODIUMDODECYLSULFATEATIMERESOLVEDFLUORESCENCESPECTROSCOPYDIFFERENTPH,Isopropanol,589.0,1.3856,10.1016/j.saa.2015.03.115,CC(C)O,1,0
1889,4/16/2002,Solar Energy Materials and Solar Cells,HIGHDENSITYINDUCTIVELYCOUPLEDPLASMACHEMICALVAPORDEPOSITIONSILICONNITRIDEFORSOLARCELLAPPLICATION,SiN,589.0,2.45,10.1016/S0927-0248(02)00053-3,C(CC(=O)O)C(=O)O,2,0
1890,1/1/2000,Journal of Analytical Atomic Spectrometry, Investigation of SiO2 layers by glow discharge optical emission spectroscopy including layer thickness determination by an optical interference effect  ,argon,589.0,1.491,10.1039/B000905I,[Ar],2,1
1891,3/11/2011,Phys. Chem. Chem. Phys.,Evaluation of a quantitative structure–property relationship (QSPR) for predicting mid-visible refractive index of secondary organic aerosol (SOA),"1,3-Butadiene",589.0,1.429,10.1039/C0CP02270E,C=CC=C,0,1
1892,8/24/2016,Food Chemistry,METHODFORISOLATIONCITRICACIDMALICACIDINJAPANESEAPRICOTLIQUEURFORCARBONSTABLEISOTOPEANALYSIS,Citric acid,589.0,4.0,10.1016/j.foodchem.2016.08.077,C(C(=O)O)C(CC(=O)O)(C(=O)O)O,1,0
1893,10/22/2015,Journal of Materials Chemistry C,Light guiding and optical resonances in ZnS microstructures doped with Ga or In ,ZnS,589.0,4.0,10.1039/C5TC02383A,C(CC(=O)OP(=O)(O)O)C(=O)O,2,1
1894,3/9/2017,Process Safety and Environmental Protection,SIMULTANEOUSEXTRACTIONTRANSESTERIFICATIONCASTORSEEDSFORBIODIESELPRODUCTIONASSESSMENTBIODEGRADABILITY,KOH,589.0,1.459,10.1016/j.psep.2017.03.002,[OH-].[K+],0,0
1895,1/23/2006,Analytica Chimica Acta,DISTRIBUTIONCOEFFICIENTSALIPHATICALCOHOLSCARBONYLCOMPOUNDSESTERSBETWEENAIRCARBOXENPOLYDIMETHYLSILOXANEFIBERCOATING,n-Butylacetate,589.0,3.73,10.1016/j.aca.2005.12.043,CCCCOC(=O)C,0,0
1896,1/4/2016,Dental Materials,POLYPROPYLENEGLYCOLURETHANEDIMETHACRYLATESIMPROVECONVERSIONDENTALCOMPOSITESREVEALCOMPLEXITYCYTOCOMPATIBILITYTESTING,Bis-GMA,589.0,1.54,10.1016/j.dental.2015.11.017,CC(=C)C(=O)OCC(COC1=CC=C(C=C1)C(C)(C)C2=CC=C(C=C2)OCC(COC(=O)C(=C)C)O)O,0,0
1897,6/21/2006,Polymer Degradation and Stability,HYDROLYTICDEGRADATIONPOLY44OXYDIPHENYLENEPYROMELLITICAMIDOACIDINCONCENTRATEDSULPHURICACIDINDIMETHYLFORMAMIDEVIAHYDRODYNAMICINVESTIGATIONS,DMF,589.0,1.4282,10.1016/j.polymdegradstab.2006.04.029,CN(C)C=O,1,0
1898,9/28/2016,Spectrochimica Acta Part A: Molecular and Biomolecular Spectroscopy,MEASUREMENTLARGENONLINEARREFRACTIVEINDEXNATURALPIGMENTEXTRACTEDHIBISCUSROSASINENSISLEAVESALOWPOWERCWLASERBYSPATIALSELFPHASEMODULATIONTECHNIQUE,Phthalocyanine,589.0,2.6,10.1016/j.saa.2016.09.049,C1=CC=C2C(=C1)C3=NC4=NC(=NC5=C6C=CC=CC6=C(N5)N=C7C8=CC=CC=C8C(=N7)N=C2N3)C9=CC=CC=C94,1,0
1899,9/18/2006,Journal of Luminescence,OPTICALLOSSESGAININSILICONRICHSILICAWAVEGUIDESCONTAININGERIONS,silica,589.0,1.457,10.1016/j.jlumin.2006.08.002,O=[Si]=O,2,0
1900,8/15/2009,Microfluidics and Nanofluidics,Dynamics of droplet formation at T-shaped nozzles with elastic feed lines,Decalin,589.0,1.47,10.1007/s10404-009-0479-5,C1CCC2CCCCC2C1,1,2
1901,11/30/2004,Microporous and Mesoporous Materials,CONTROLPORESIZECONDENSATIONRATECUBICMESOPOROUSSILICATHINFILMSUSINGASWELLINGAGENT,NH3,589.0,1.435,10.1016/j.micromeso.2004.10.026,N,2,0
1903,4/29/2010,Physica B: Condensed Matter,EXCITONSPECTRAENERGYBANDSTRUCTURECUALS2CRYSTALS,CuGaSe2,589.0,2.022,10.1016/j.physb.2010.04.052,[Cu+2].[Ga].[Se-2].[Se-2],1,0
1905,2/24/1999,Thin Solid Films,PERFORMANCESEXHIBITEDBYLARGEAREAITOLAYERSPRODUCEDBYRFMAGNETRONSPUTTERING,CO,589.0,2.11,10.1016/S0040-6090(98)01393-5,[Co],0,0
1907,11/12/2008,Optical Materials,EFFECTALKALIMETALOXIDESR2ORLINAKRBCSNETWORKINTERMEDIATEMOMZNMGBAPBINTELLURITEGLASSES,tellurite,589.0,1.9919,10.1016/j.optmat.2008.08.005,[O-][Te](=O)[O-],0,0
1910,7/25/2008,Solar Energy Materials and Solar Cells,SELFCONSISTENTOPTICALPARAMETERSINTRINSICSILICON300KINCLUDINGTEMPERATURECOEFFICIENTS,silicon,300.0,4.976,10.1016/j.solmat.2008.06.009,[Si],0,0
1911,8/24/2014,Optik,MEASUREMENTIMPURITYCONCENTRATIONINCHALCOGENIDEGLASSESUSINGOPTICALPRINCIPLE,GeS2,589.0,2.19,10.1016/j.ijleo.2014.07.004,S=[Ge]=S,1,0
1912,1/25/2002,Thin Solid Films,INFLUENCESUBSTRATETEMPERATURESTRUCTUREOPTICALPROPERTIESAMORPHOUSSIHTHINFILMSPREPAREDBYREACTIVEEVAPORATION,Hydrogen,589.0,2.8,10.1016/S0040-6090(01)01643-1,[HH],0,0
1913,9/19/2018,The Journal of Chemical Thermodynamics,VOLUMETRICREFRACTIVEPROPERTIES1357TETRAVINYL1357TETRAMETHYLCYCLOTETRASILOXANEMETHOXYBENZENECHLOROBENZENETERTBUTYLBENZENENITROBENZENET2981531815K,chlorobenzene,589.0,1.45093,10.1016/j.jct.2018.09.021,C1=CC=C(C=C1)Cl,1,0
1915,6/27/2016,Chem. Soc. Rev.,"Polyferrocenylsilanes: synthesis, properties, and applications",CH3,589.0,1.678,10.1039/C6CS00155F,[CH3],0,1
1916,12/27/2012,Journal of King Saud University - Science,STRUCTURALOPTICALPROPERTIESZNOTHINFILMSPREPAREDDIFFERENTRFSPUTTERINGPOWER,ZnO,589.0,1.973,10.1016/j.jksus.2012.12.004,O=[Zn],1,0
1917,1/31/2013,Solar Energy Materials and Solar Cells,OPTICALREFLECTIONHETEROJUNCTIONINTERFACETHINFILMSOLARCELLS,ZnTe,589.0,3.15,10.1016/j.solmat.2012.12.035,[Zn]=[Te],1,0
1919,4/13/2014,Fuel,INVESTIGATIONFEASIBILITYPREDICTCONTENTSATURATEPLUSMONONUCLEARAROMATICHYDROCARBONSINVACUUMGASOILSBULKPROPERTIESEMPIRICALCORRELATIONS,VIR,589.0,1.5073,10.1016/j.fuel.2014.03.060,CCC(C)C(C(=O)NC(CCCN=C(N)N)C(=O)O)NC(=O)C(C(C)C)N,0,0
1922,10/11/2011,Journal of Molecular Liquids,MOLECULARINTERACTIONSSTRUCTURALEFFECTSMIXINGPENTANOLINPOLYETHYLENEGLYCOLDIACRYLATEPOLYETHYLENEGLYCOLDIMETHACRYLATE,pentanol,589.0,1.435,10.1016/j.molliq.2011.09.018,CCCCCO,0,0
1923,12/24/2018,Journal of Theoretical and Applied Physics,Investigation of the impact of different ARC layers using PC1D simulation: application to crystalline silicon solar cells,ZnO,589.0,1.968,10.1007/s40094-018-0313-0,O=[Zn],1,2
1924,2/10/2006,Journal of Molecular Liquids,DIELECTRICSTUDIESHYDROGENBONDEDCOMPLEXESALCOHOLSNNDIMETHYLFORMAMIDE,1-Decanol,589.0,1.4922,10.1016/j.molliq.2005.02.003,CCCCCCCCCCO,0,0
1927,1/26/2006,The Journal of Chemical Thermodynamics,EXCESSMOLARVOLUMESPROPIOPHENONETOLUENEESTIMATEDDENSITYLIQUIDPROPIOPHENONEBELOWMELTINGTEMPERATURE,Toluene,589.0,1.49414,10.1016/j.jct.2005.12.008,CC1=CC=CC=C1,1,0
1928,4/29/2011,Computational Materials Science,B3LYPINVESTIGATIONRESPONSEPROPERTIESALKALIHALIDESEXTERNALSTATICELECTRICFIELDS,NaF,589.0,1.32,10.1016/j.commatsci.2011.04.006,[F-].[Na+],0,0
1929,12/14/2016,RSC Advances,"Optoelectrical, morphological and mechanical features of nitrophenyl supported poly(1,3,4-oxadiazole)s and their nanocomposites with TiO 2  ",PNPPO,589.0,1.425,10.1039/C6RA22131A,CC(C)(C)C(=O)OC1=C(N=C(O1)C2=CC=CC=C2)CCCN=C(N)N[N+](=O)[O-],1,1
1932,9/11/2004,Thermochimica Acta,DENSITIESSPEEDSSOUNDISENTROPICCOMPRESSIBILITIESREFRACTIVEINDEXESVISCOSITIESTETRAHYDROFURANHALOALKANEALKYLETHANOATET30315K,tetrahydrofuran,589.0,1.3978,10.1016/j.tca.2004.08.001,C1CCOC1,0,0
1934,5/29/2015,Journal of Molecular Liquids,THERMODYNAMICSTUDYASPIRININPRESENCEIONICLIQUID1HEXYL3METHYLIMIDAZOLIUMBROMIDEINACETONITRILET2881531815K,MeCN,589.0,1.3497,10.1016/j.molliq.2015.05.032,CC#N,0,0
1935,5/1/2011,New Journal of Chemistry,Effect of sulfonate-based anions on the physicochemical properties of 1-alkyl-3-propanenitrile imidazolium ionic liquids ,C2CN,589.0,1.4805,10.1039/C0NJ00950D,[C]#CC#N,1,1
1936,1/13/1999,Chemical Physics Letters,SOLVENTEFFECTSELECTRONICTRANSITIONSINSEVERALCOUMARINS,Decalin,589.0,1.48,10.1016/S0009-2614(98)01268-8,C1CCC2CCCCC2C1,0,0
1938,5/4/2011,Phys. Chem. Chem. Phys.,Kirkwood correlation factors in liquid mixtures from an extended Onsager–Kirkwood–Fröhlich equation,Diethylene Glycol Dimethyl Ether,589.0,1.41041,10.1039/C1CP20142E,COCCOCCOC,0,1
1941,2/22/2014,Journal of Molecular Liquids,CONDUCTOMETRICINVESTIGATIONIONSOLVENTINTERACTIONSIONICLIQUIDEMIMCH3SO3INPURENALKANOLS,n-Butanol,589.0,1.3973,10.1016/j.molliq.2014.02.008,CCCCO,1,0
1943,2/28/2017,The Journal of Chemical Thermodynamics,THERMODYNAMICBEHAVIORETHANOLBUTYLPYRIDINIUMTETRAFLUOROBORATEBINARYSOLUTIONINCRITICALREGION,ethanol,632.8,1.3826,10.1016/j.jct.2017.02.014,CCO,0,0
1944,3/1/2013,Physica E: Low-dimensional Systems and Nanostructures,STUDYEFFECTQUANTUMWELLNUMBERPERFORMANCECHARACTERISTICSGANBASEDVERTICALCAVITYSURFACEEMITTINGLASER,AlN,589.0,2.035,10.1016/j.physe.2013.02.019,N#[Al],1,0
1945,10/17/2018,International Journal of Pharmaceutics,ANTIBACTERIALLAYERBYLAYERCOATINGSCONTROLDRUGRELEASESOFTCONTACTLENSESMATERIAL,DIC,589.0,1.418,10.1016/j.ijpharm.2018.10.041,CC(C)N=C=NC(C)C,0,0
1946,10/6/2016,Journal of Alloys and Compounds,OPTIMIZATIONPOSTDEPOSITIONANNEALINGTEMPERATUREDIRECTCURRENTMAGNETRONREACTIVESPUTTEREDZIRCONIUMTITANATETHINFILMSFORREFRACTORYOXIDEAPPLICATIONS,ZTO,589.0,2.14,10.1016/j.jallcom.2016.10.048,[O-][Cr](=O)(=O)[O-].[Zn+2],0,0
1948,9/5/2001,Journal of Molecular Structure,OPTICALCONSTANTSVIBRATIONALASSIGNMENTLIQUIDBROMOBENZENED5BETWEEN4000400CM125C,bromobenzene-d5,589.0,1.536,10.1016/S0022-2860(01)00615-9,C1=CC=C(C=C1)Br,0,0
1949,7/10/2017,The Journal of Chemical Thermodynamics,LIQUIDLIQUIDEQUILIBRIUMHEATCAPACITYMEASUREMENTSBINARYSOLUTIONETHANOL1BUTYL3METHYLIMIDAZOLIUMHEXAFLUOROPHOSPHATE,ethanol,632.8,1.3621,10.1016/j.jct.2017.07.014,CCO,0,0
1951,9/20/2009,Fluid Phase Equilibria,PHYSICALPROPERTIESPHASEEQUILIBRIASYSTEMISOPROPYLACETATEISOPROPANOL1OCTYL3METHYLIMIDAZOLIUMBISTRIFLUOROMETHYLSULFONYLIMIDE,isopropylacetate,589.0,1.4292,10.1016/j.fluid.2009.09.015,"CC(C)CC(=O)[O-]
CC(C)CC(=O)O",0,0
1952,7/29/2012,Journal of Molecular Liquids,DENSITIESVISCOSITIESREFRACTIVEINDICESEXCESSPROPERTIESANILINEOANISIDINE2ALKOXYETHANOLS30315K,o-anisidine,589.0,1.442,10.1016/j.molliq.2012.07.025,COC1=CC=CC=C1N,0,0
1953,12/11/2002,Optical Materials,EQUIVALENCEBETWEENCLAUSIUSMOSSOTTIOPTICALELECTRONEGATIVITYRELATIONS,CuBr,589.0,2.12,10.1016/S0925-3467(02)00231-8,[Cu]Br,1,0
1954,7/29/2016,Brazilian Journal of Microbiology,CYTOTOXICITYANTISPOROTHRIXBRASILIENSISACTIVITYORIGANUMMAJORANALINNOIL,Itraconazole,589.0,2.0,10.1016/j.bjm.2016.07.017,"CCC(C)N1C(=O)N(C=N1)C2=CC=C(C=C2)N3CCN(CC3)C4=CC=C(C=C4)OCC5COC(O5)(CN6C=NC=N6)C7=C(C=C(C=C7)Cl)Cl
CCC(C)N1C(=O)N(C=N1)C2=CC=C(C=C2)N3CCN(CC3)C4=CC=C(C=C4)OCC5COC(O5)(CN6C=NC=N6)C7=C(C=C(C=C7)Cl)Cl
CCC(C)N1C(=O)N(C=N1)C2=CC=C(C=C2)N3CCN(CC3)C4=CC=C(C=C4)OCC5COC(O5)(CN6C=NC=N6)C7=C(C=C(C=C7)Cl)Cl
CCC(C)N1C(=O)N(C=N1)C2=CC=C(C=C2)N3CCN(CC3)C4=CC=C(C=C4)OCC5COC(O5)(CN6C=NC=N6)C7=C(C=C(C=C7)Cl)Cl
CCC(C)N1C(=O)N(C=N1)C2=CC=C(C=C2)N3CCN(CC3)C4=CC=C(C=C4)OCC5COC(O5)(CN6C=NC=N6)C7=C(C=C(C=C7)Cl)Cl
CCC(C)N1C(=O)N(C=N1)C2=CC=C(C=C2)N3CCN(CC3)C4=CC=C(C=C4)OCC5COC(O5)(CN6C=NC=N6)C7=C(C=C(C=C7)Cl)Cl",1,0
1956,1/13/1999,Chemical Physics Letters,SOLVENTEFFECTSELECTRONICTRANSITIONSINSEVERALCOUMARINS,2-Propanol,589.0,1.375,10.1016/S0009-2614(98)01268-8,CC(C)O,0,0
1959,10/11/2011,Journal of Molecular Liquids,MOLECULARINTERACTIONSSTRUCTURALEFFECTSMIXINGPENTANOLINPOLYETHYLENEGLYCOLDIACRYLATEPOLYETHYLENEGLYCOLDIMETHACRYLATE,Pentanol,589.0,1.449,10.1016/j.molliq.2011.09.018,CCCCCO,1,0
1961,2/7/2008,Micron,OPTICALPROPERTIESBANDGAPSLOWLOSSEELSPITFALLSSOLUTIONS,SiO2,589.0,1.78,10.1016/j.micron.2008.01.023,O=[Si]=O,0,0
1962,4/30/2016,Journal of Molecular Liquids,ULTRASONICSPEEDSVISCOSITIESREFRACTIVEINDICESFTIRSPECTROSCOPICSTUDIESOXYGENATEALIPHATICAROMATICHYDROCARBONS29815K30815K,1-Propanol,589.0,1.36,10.1016/j.molliq.2016.04.011,CCCO,0,0
1963,10/21/2018,Sensors and Actuators A: Physical,ACHIEVINGSENSITIVESTABLEINDIUMOXIDETHINFILMSFORGAMMARADIATIONMONITORING,In2O3,588.0,2.34,10.1016/j.sna.2018.10.015,[O-2].[O-2].[O-2].[In+3].[In+3],0,0
1965,2/5/2019,Nanoscale Research Letters,Omnidirectional Absorber by the Void Plasmon Effect in the Visible Region with Greatly Enhanced Localized Electric Field,glucose,589.0,1.372,10.1186/s11671-019-2873-6,C(C1C(C(C(C(O1)O)O)O)O)O,2,2
1969,10/4/2017,Optical Materials,PHOTOLUMINESCENCEENHANCEDTHIRDORDERNONLINEAROPTICALPROPERTIESINZNOTHINFILMS,ZnO,589.0,2.49,10.1016/j.optmat.2017.07.022,O=[Zn],1,0
1970,7/25/2012,International Journal of Greenhouse Gas Control,CLAYINTERACTIONLIQUIDSUPERCRITICALCO2RELEVANCEELECTRICALCAPILLARYFORCES,Montmorillonite,589.0,1.5,10.1016/j.ijggc.2012.06.020,O.[O-2].[O-2].[O-2].O=[Si]=O.O=[Si]=O.O=[Si]=O.O=[Si]=O.[Al+3].[Al+3],0,0
1973,7/25/2008,Solar Energy Materials and Solar Cells,SELFCONSISTENTOPTICALPARAMETERSINTRINSICSILICON300KINCLUDINGTEMPERATURECOEFFICIENTS,silicon,1190.0,3.522,10.1016/j.solmat.2008.06.009,[Si],0,0
1974,8/29/2013,Solar Energy Materials and Solar Cells,DEVELOPMENTTHINFILMSOLARCELLSUSINGSOLARSPECTRUMSPLITTINGTECHNIQUE,CH2I2,589.0,1.74,10.1016/j.solmat.2013.07.011,C(I)I,2,0
1975,4/19/2001,Journal of Photochemistry and Photobiology A: Chemistry,PHOTOPHYSICALAGGREGATIONPROPERTIESALONGCHAINSQUARYLIUMINDOCYANINEDYE,Isooctane,643.5,1.3915,10.1016/S1010-6030(01)00405-1,CC(C)CC(C)(C)C,0,0
1977,10/17/2018,Journal of Luminescence,COUMARINDOPEDPCCDSSEZNSNANOCOMPOSITEFILMSAREDUCEDSELFABSORPTIONEFFECTFORLUMINESCENTSOLARCONCENTRATORS,ZnS,89.0,1.78,10.1016/j.jlumin.2018.10.075,C(CC(=O)OP(=O)(O)O)C(=O)O,0,0
1979,7/21/2012,Sensors and Actuators B: Chemical,PASSIVATIONKMPRMICROFLUIDICCHANNELSBOVINESERUMALBUMINBSAFORIMPROVEDHEMOCOMPATIBILITYCHARACTERIZEDMETALCLADWAVEGUIDES,Chromium,589.0,3.5771,10.1016/j.snb.2012.07.061,[Cr],1,0
1980,6/18/2009,Physica B: Condensed Matter,SPECTROSCOPICOPTICALPROPERTIESND3DOPEDFLUORINECONTAININGALKALIALKALINEEARTHZINCALUMINOPHOSPHATEOPTICALGLASSES,fluorine,589.3,1.523,10.1016/j.physb.2009.06.114,FF,0,0
1981,11/22/2017,Optical Materials,STIMULATEDBRILLOUINSCATTERINGMATERIALSEXPERIMENTALDESIGNAPPLICATIONSAREVIEW,CS2,589.0,1.632,10.1016/j.optmat.2017.10.035,C(=S)=S,0,0
1982,6/21/2018,Scientific Reports,Towards the indium nitride laser: obtaining infrared stimulated emission from planar monocrystalline InN structures,GaN,589.0,2.9,10.1038/s41598-018-27911-2,CC(C)C(C(=O)NC(C(C)C)C(=O)OC)NC(=O)C(C)N1CC(C=C(C=C1)C(C)NC(=O)C(C)N)CC2=CC=CC=C2,2,2
1984,7/25/2016,Colloids and Surfaces B: Biointerfaces,ADSORPTIONLYSOZYMEBASEMETALSURFACESINPRESENCEEXTERNALELECTRICPOTENTIAL,Tantalum,589.0,2.16,10.1016/j.colsurfb.2016.07.042,[Ta],1,0
1985,2/6/2019,Journal of Food Composition and Analysis,CHARACTERIZATIONSUGARCOMPOSITIONINCHINESEROYALJELLYBYIONCHROMATOGRAPHYPULSEDAMPEROMETRICDETECTION,Erythritol,589.0,2.6,10.1016/j.jfca.2019.01.003,C(C(C(CO)O)O)O,1,0
1986,7/3/2001,Journal of Molecular Structure: THEOCHEM,SOLVENTEFFECTGROUNDEXCITEDSTATEDIPOLEMOMENTSFLUORESCEIN,Acetonitrile,279.0,1.342,10.1016/S0166-1280(01)00513-9,CC#N,0,0
1987,11/14/2016,Tribology International,EFFECTSVISCOSITYSLIDINGSPEEDBOUNDARYSLIPPAGEINTHINFILMHYDRODYNAMICLUBRICATION,Glycerol,589.0,1.45,10.1016/j.triboint.2016.11.021,C(C(CO)O)O,0,0
1989,4/1/2009,Ceramics International,OPTICALPROPERTIESTIO2NANOCERAMICFILMSAFUNCTIONNALCODOPING,TiO2,589.0,2.036,10.1016/j.ceramint.2009.03.015,O=[Ti]=O,0,0
1991,2/2/2008,The Journal of Chemical Thermodynamics,EXPERIMENTALSTUDYERASMODELINGEXCESSMOLARENTHALPYACETONITRILE1HEPTANOL1OCTANOLMIXTURES298153131532315KATMOSPHERICPRESSURE,1-Heptanol,589.0,1.4249,10.1016/j.jct.2008.01.017,CCCCCCCO,1,0
1994,9/3/2003,The Journal of Chemical Thermodynamics,LIQUIDLIQUIDEQUILIBRIAWATERETHANOLDIMETHYLGLUTARATESEVERALTEMPERATURES,Dimethyl glutarate,589.0,1.42151,10.1016/S0021-9614(03)00154-X,COC(=O)CCCC(=O)OC,1,0
1995,4/30/2016,Journal of Molecular Liquids,ULTRASONICSPEEDSVISCOSITIESREFRACTIVEINDICESFTIRSPECTROSCOPICSTUDIESOXYGENATEALIPHATICAROMATICHYDROCARBONS29815K30815K,1-Propanol,589.0,1.426,10.1016/j.molliq.2016.04.011,CCCO,1,0
1996,1/25/2016,Fuel,PHYSICOCHEMICALPROPERTIESFUELCHARACTERISTICSOXYMETHYLENEDIALKYLETHERS,n-heptane,589.0,1.386,10.1016/j.fuel.2016.01.060,CCCCCCC,1,0
1997,9/2/1999,Journal of Electrostatics,DRYTRIBOELECTROSTATICSEPARATIONMINERALPARTICLESAPOTENTIALAPPLICATIONINSPACEEXPLORATION,Feldspar,589.0,1.53,10.1016/S0304-3886(99)00033-9,[O-][Si](=O)O[Si](=O)O[Si](=O)O[Al]=O.[Na+],0,0
1998,10/9/2007,Journal of Luminescence,IMPLEMENTATIONANTIREFLECTIONCOATINGENHANCELIGHTOUTCOUPLINGINORGANICLIGHTEMITTINGDEVICES,MgF2,589.0,1.38,10.1016/j.jlumin.2007.09.028,[F-].[F-].[Mg+2],2,0
1999,3/10/2000,Surface and Coatings Technology,DIFFERENTPULSETECHNIQUESFORSTATIONARYREACTIVESPUTTERINGDOUBLERINGMAGNETRON,AlN,589.0,2.1,10.1016/S0257-8972(99)00365-5,N#[Al],1,0
2001,10/2/2014,The Journal of Chemical Thermodynamics,MIXINGPROPERTIES135TRIMETHYL135TRIS333TRIFLUOROPROPYLCYCLOTRISILOXANEVARIOUSORGANOSILICONCOMPOUNDSDIFFERENTTEMPERATURES,D3F,589.0,1.35616,10.1016/j.jct.2014.09.010,CC1=CC(=C(C=C1Cl)Cl)S(=O)(=O)C2=C(C=C(C=C2[N+](=O)[O-])C(F)(F)F)[N+](=O)[O-],1,0
2002,4/13/2007,Fluid Phase Equilibria,VAPORLIQUIDEQUILIBRIUMDENSITIESINTERFACIALTENSIONSFORSYSTEMETHYL11DIMETHYLETHYLETHERETBEPROPAN1OL,ETBE,589.0,1.3729,10.1016/j.fluid.2007.04.009,CCOC(C)(C)C,1,0
2003,7/9/1999,Solid State Ionics,IONICITYBINARYOXIDESSILICATES,BaSiO3,589.0,1.673,10.1016/S0167-2738(99)00083-1,[O-][Si](=O)[O-].[Ba+2],1,0
2005,1/5/2005,The Journal of Chemical Thermodynamics,PHYSICALPROPERTIESANISOLENALKANESTEMPERATURESBETWEEN2931530315K,Dodecane,589.0,1.4187,10.1016/j.jct.2004.09.021,CCCCCCCCCCCC,1,0
2006,1/7/2011,Chem. Soc. Rev.,Hybrid materials for optics and photonics,phenyl,589.0,1.52,10.1039/C0CS00106F,C1=CC=[C]C=C1,3,1
2009,12/19/2000,Ceramics International,DISPERSIONBEHAVIORSICNNANOPOWDERSINORGANICLIQUIDS,Acetic acid,589.0,1.3716,10.1016/S0272-8842(00)00044-4,CC(=O)O,1,0
2010,2/27/2003,Physical Chemistry Chemical Physics,Tricriticality in the ternary system 3-methylpyridine / water /NaBr? The coexistence curves ,NaBr,589.0,1.39905,10.1039/B212337A,[Na+].[Br-],1,1
2011,3/15/2019,The Journal of Chemical Thermodynamics,PHASEEQUILIBRIACSCLPOLYETHYLENEGLYCOLPEGH2O29815KEFFECTDIFFERENTPOLYMERMOLARMASSESPEG100040006000,CsCl,589.0,1.34,10.1016/j.jct.2019.03.020,[Cl-].[Cs+],0,0
2012,7/20/2016,Spectrochimica Acta Part A: Molecular and Biomolecular Spectroscopy,ENVIRONMENTEFFECTSPECTRALCHARGEDISTRIBUTIONCHARACTERISTICSDRUGSFOLATEDERIVATIVES,Acetonitrile,589.0,1.329,10.1016/j.saa.2016.07.034,CC#N,1,0
2013,6/15/2012,Superlattices and Microstructures,EFFECTDIFFERENTDOPANTELEMENTSALMGNIMICROSTRUCTURALOPTICALELECTROCHEMICALPROPERTIESZNOTHINFILMSDEPOSITEDBYSPRAYPYROLYSISSP,ZnO,589.0,1.979,10.1016/j.spmi.2012.06.007,O=[Zn],1,0
2015,8/15/2017,RSC Advances,Study on the preparation and performance of low gas permeability trifluoropropyl phenyl silicone rubber ,vinyl,589.0,1.41,10.1039/C7RA07195G,C=[CH],2,1
2016,1/28/2014,Solar Energy,ANTIREFLECTIONIN2O3NANOCONESFORSILICONSOLARCELLS,In2O3,589.0,1.76,10.1016/j.solener.2013.12.037,[O-2].[O-2].[O-2].[In+3].[In+3],2,0
2018,6/9/2003,Microelectronics Journal,Computational modelling of the refractive index and reflectivity of a quantum well solar cell,ZnS,589.0,2.3,10.1016/S0026-2692(03)00137-X,C(CC(=O)OP(=O)(O)O)C(=O)O,3,0
2020,12/14/2011,Food Hydrocolloids,RETENTIONSELECTEDAROMACOMPOUNDSBYGELATINEMATRICES,Limonene,589.0,1.473,10.1016/j.foodhyd.2011.12.004,CC1=CCC(CC1)C(=C)C,1,0
2022,5/14/1998,Applied Surface Science,PULSEDLASERDEPOSITIONTANTALUMOXIDETHINFILMS,Ta2O5,589.0,2.15,10.1016/S0169-4332(96)00605-8,[O-2].[O-2].[O-2].[O-2].[O-2].[Ta+5].[Ta+5],2,0
2023,10/19/2016,Journal of Molecular Liquids,INTERACTIONALBEHAVIORSPHOTOPHYSICALPROPERTIESTWOTRIARYLMETHANEDRUGSINSOLVENTMEDIA,Ethylene glycol,589.0,1.432,10.1016/j.molliq.2016.10.056,C(CO)O,1,0
2024,3/16/2015,The Journal of Chemical Thermodynamics,VOLUMETRICACOUSTICREFRACTOMETRICPROPERTIESTHIOPHENEHEXANECYCLOHEXANESOLUTIONSINPRESENCEIMIDAZOLIUMBASEDIONICLIQUIDST29815K,thiophene,589.0,1.3751,10.1016/j.jct.2015.03.004,C1=CSC=C1,0,0
2027,10/21/2017,Spectrochimica Acta Part A: Molecular and Biomolecular Spectroscopy,SOLVATOCHROMISMINHIGHLYLUMINESCENTENVIRONMENTALFRIENDLYCARBONQUANTUMDOTSFORSENSINGAPPLICATIONSCONVERSIONBIOWASTEBIOASSET,DMSO,589.0,1.47,10.1016/j.saa.2017.10.054,CS(=O)C,1,0
2028,11/28/2017,Journal of Luminescence,ABSORPTIONEMISSIONANALYSISZINCBOROTELLURITEGLASSDOPEDDYSPROSIUMOXIDENANOPARTICLESFORGENERATIONWHITELIGHT,dysprosium,589.0,2.0372,10.1016/j.jlumin.2017.11.054,[Dy],0,0
2029,6/7/2007,Fuel Processing Technology,SEPARATIONDIFFERENTPARAFFINWAXGRADESUSINGTWOCOMPARATIVEDEOILINGTECHNIQUES,ethylacetate,589.0,1.4196,10.1016/j.fuproc.2007.04.011,CCOC(=O)C,0,0
2030,1/23/2006,Analytica Chimica Acta,DISTRIBUTIONCOEFFICIENTSALIPHATICALCOHOLSCARBONYLCOMPOUNDSESTERSBETWEENAIRCARBOXENPOLYDIMETHYLSILOXANEFIBERCOATING,2-Hexanone,589.0,3.85,10.1016/j.aca.2005.12.043,CCCCC(=O)C,0,0
2031,8/4/2017,Spectrochimica Acta Part A: Molecular and Biomolecular Spectroscopy,COMPUTATIONALSOLVATOCHROMICSTUDYPYRIDINIUMACETYLBENZOYLMETHYLIDPABM,n-Propylalcohol,589.0,1.3954,10.1016/j.saa.2017.08.008,CCCO,0,0
2032,3/11/1999,Applied Surface Science,ENHANCEMENTFIELDEMISSIONCATHODESSUPERTHINDIAMONDLIKECARBONFILMS,tip,589.0,2.18,10.1016/S0169-4332(96)00727-1,"CCC1C(C=C(C=CC(=O)C(CC(C(C(C(CC(=O)O1)O)C)OC2C(C(C(C(O2)C)O)N(C)C)O)CCN3CCCCC3)C)C)CN4CCCCC4
CCC1C(C=C(C=CC(=O)C(CC(C(C(C(CC(=O)O1)O)C)OC2C(C(C(C(O2)C)O)N(C)C)O)CCN3CCCCC3)C)C)CN4CCCCC4",2,0
2033,1/12/2016,Ceramics International,PREPARATIONCHARACTERIZATIONALDOPEDZNOPIEZOELECTRICTHINFILMSGROWNBYPULSEDLASERDEPOSITION,ZnO,589.0,1.9785,10.1016/j.ceramint.2016.01.033,O=[Zn],1,0
2034,12/18/2015,Fluid Phase Equilibria,AQUEOUSTWOPHASESYSTEMPOLYETHYLENEGLYCOL4000FERROUSSULFATEDIFFERENTTEMPERATURES,FeSO4,589.0,1.36215,10.1016/j.fluid.2015.12.014,[O-]S(=O)(=O)[O-].[Fe+2],0,0
2035,8/11/1999,Colloids and Surfaces B: Biointerfaces,CALCULATIONVANDERWAALSINTERACTIONSINVOLVINGLIPIDVESICLES,DPPC,589.0,1.463,10.1016/S0927-7765(99)00032-6,"CCCCCCCCCCCCCCCC(=O)OCC(COP(=O)([O-])OCC[N+](C)(C)C)OC(=O)CCCCCCCCCCCCCCC
CCCCCCCCCCCCCCCC(=O)OCC(COP(=O)(O)OCC[N+](C)(C)C)OC(=O)CCCCCCCCCCCCCCC",0,0
2038,4/12/2016,Journal of Luminescence,LIGHTINDUCEDINTRAMOLECULARELECTRONENERGYTRANSFEREVENTSINRIGIDLYLINKEDBORONDIPYRROMETHENECORROLEDYAD,DMF,589.0,4.944,10.1016/j.jlumin.2016.03.038,CN(C)C=O,1,0
2040,2/1/2011,Radiation Physics and Chemistry,RADIATIONSTABILITYROOMTEMPERATUREIONICLIQUIDS,Aliquat 336,589.0,1.467,10.1016/j.radphyschem.2011.01.012,CCCCCCCC[N+](C)(CCCCCCCC)CCCCCCCC.[Cl-],1,0
2041,4/8/2016,Progress in Organic Coatings,PREPARATIONUVCURINGPOLYMERZRO2HYBRIDNANOCOMPOSITESVIAAUTOHYDROLYSISSOLGELPROCESSUSINGZIRCONIUMOXYCHLORIDEOCTAHYDRATECOORDINATEDORGANICAMINE,DMAM,589.0,1.5485,10.1016/j.porgcoat.2016.03.028,CC(C)CC(C)OC(=O)C=CC(=O)OC(C)CC(C)C,0,0
2042,10/21/2014,Fluid Phase Equilibria,ACHEMICALSTRUCTUREBASEDMODELFORESTIMATIONREFRACTIVEINDICESORGANICCOMPOUNDS,7-methyl-3-octanone,589.0,1.4748,10.1016/j.fluid.2014.10.005,CCC(=O)CCCC(C)C,0,0
2043,12/2/2008,Dalton Transactions,Awakening a dormant catalyst : salicylaldimine systems for ethene / tert -butylstyrene copolymerization  ,Mn Mn,589.0,4.0,10.1039/B818829G,[Mn+3].[Mn+3],1,1
2044,7/3/2017,Polymer Degradation and Stability,SIMULTANEOUSLYIMPROVINGTOUGHNESSUVRESISTANCEPOLYLACTIDETITANIUMDIOXIDENANOCOMPOSITESBYADDINGPOLYETHERURETHANE,TiO2,589.0,2.78,10.1016/j.polymdegradstab.2017.07.002,O=[Ti]=O,2,0
2045,8/9/2018,Optics & Laser Technology,HIGHSENSITIVITYLOWLOSSOPENCAVITYMACHZEHNDERINTERFEROMETERBASEDMULTIMODEINTERFERENCECOUPLINGFORREFRACTIVEINDEXMEASUREMENT,NCF,589.0,1.3375,10.1016/j.optlastec.2018.08.002,C1=CSC(=C1)CC(=O)NC(C2N=C(C=CS2)C(=O)O)C(=O)O,0,0
2047,8/29/2012,Journal of Ethnopharmacology,INVITROINVIVOANTIMICROBIALACTIVITYALGERIANHOGGARSALVADORAPERSICALEXTRACTSAGAINSTMICROBIALSTRAINSCHILDRENSORALCAVITY,Hoggar,589.0,2.75,10.1016/j.jep.2012.08.025,CCC(CC)(C(=O)NC(=O)N)Br,1,0
2051,12/2/2008,Advanced Powder Technology,EFFECTDEWAXINGPROCEDURESCOLDISOSTATICALLYPRESSEDSILICONNITRIDECERAMICSMICROSTRUCTUREFRACTURESTRENGTH,silicon nitride,589.0,2.05,10.1163/156855203322448309,N12[Si]34N5[Si]16N3[Si]25N46,2,0
2052,4/5/2000,Synthetic Metals,OPTICALTHERMALELECTROCHEMICALPROPERTIESCOELECTROPOLYMERISEDFILMSACRYLAMIDECARBAZOLE,AAm,589.0,1.57,10.1016/S0379-6779(99)00296-9,C=CC(=O)N,0,0
2053,1/12/2007,Journal of Molecular Structure,PROBINGBINDINGFLAVONOIDSCATALASEBYMOLECULARSPECTROSCOPY,Myricetin,589.0,1.07,10.1016/j.molstruc.2006.12.033,C1=C(C=C(C(=C1O)O)O)C2=C(C(=O)C3=C(C=C(C=C3O2)O)O)O,0,0
2056,6/6/2013,Journal of Alloys and Compounds,DEQUENCHINGINFLUENCEALUMINUMIONSYBRATIODY3IONSINLEADSILICATEGLASSMATRIX,Dy2O3,588.0,1.641,10.1016/j.jallcom.2013.05.098,[O-2].[O-2].[O-2].[Dy+3].[Dy+3],0,0
2057,11/19/2015,The Journal of Chemical Thermodynamics,VOLUMETRICPROPERTIES1BUTYL3METHYLIMIDAZOLIUMTETRAFLUOROBORATE2PYRROLIDONET2981532315KATMOSPHERICPRESSURE,2-Pyrrolidone,589.0,1.4853,10.1016/j.jct.2015.11.009,C1CC(=O)NC1,1,0
2058,10/15/2018,Journal of Molecular Liquids,TAUTOMERISMSOLVATOCHROMISMPREFERENTIALSOLVATIONDENSITYFUNCTIONALSTUDYHETEROARYLAZODYES,1-Heptanol,589.0,1.42,10.1016/j.molliq.2018.10.054,CCCCCCCO,0,0
2060,8/29/2012,Journal of Ethnopharmacology,INVITROINVIVOANTIMICROBIALACTIVITYALGERIANHOGGARSALVADORAPERSICALEXTRACTSAGAINSTMICROBIALSTRAINSCHILDRENSORALCAVITY,WC,589.0,2.78,10.1016/j.jep.2012.08.025,C1=CC=C2C(=C1)C(=CN2)CC(C(=O)NC(CS)C(=O)O)N,1,0
2064,4/22/2016,Optik,ELECTRONICOPTICALPROPERTIESALXGAYIN1XYASQUATERNARYALLOYSWITHOUTRELAXATIONLATTICEMATCHEDINPFORLASERAPPLICATIONSFIRSTPRINCIPLESSTUDY,InP,589.0,2.97,10.1016/j.ijleo.2016.04.092,P#[In],0,0
2065,4/19/2009,Optics and Lasers in Engineering,USHAPEDOPTICALFIBERSENSORBASEDMULTIPLETOTALINTERNALREFLECTIONSINHETERODYNEINTERFEROMETRY,alcohol,589.0,1.363,10.1016/j.optlaseng.2009.03.010,CCO,0,0
2066,2/6/2017,Nanoscale Research Letters,Spectroscopy of the Surface Polaritons in the Cd X Zn (1−X) P 2 Solid Solutions,CsI,589.0,1.72,10.1186/s11671-017-1880-8,[I-].[Cs+],2,2
2068,1/16/2019,Food Research International,OVERVIEWPHYSICOCHEMICALCHARACTERISTICSHEALTHPROMOTINGPROPERTIESHONEYDEWHONEY,Maltose,589.0,2.2,10.1016/j.foodres.2019.01.028,"C(C1C(C(C(C(O1)OC2C(OC(C(C2O)O)O)CO)O)O)O)O
C(C1C(C(C(C(O1)OC2C(OC(C(C2O)O)O)CO)O)O)O)O
C(C1C(C(C(C(O1)OC2C(OC(C(C2O)O)O)CO)O)O)O)O
C(C1C(C(C(C(O1)OC2C(OC(C(C2O)O)O)CO)O)O)O)O
C(C1C(C(C(C(O1)OC2C(OC(C(C2O)O)O)CO)O)O)O)O
C(C1C(C(C(C(O1)OC2C(OC(C(C2O)O)O)CO)O)O)O)O
C(C1C(C(C(C(O1)OC2C(OC(C(C2O)O)O)CO)O)O)O)O
C(C1C(C(C(C(O1)OC2C(OC(C(C2O)O)O)CO)O)O)O)O",1,0
2069,3/15/2019,The Journal of Chemical Thermodynamics,PHASEEQUILIBRIACSCLPOLYETHYLENEGLYCOLPEGH2O29815KEFFECTDIFFERENTPOLYMERMOLARMASSESPEG100040006000,CsCl,589.0,1.4599,10.1016/j.jct.2019.03.020,[Cl-].[Cs+],0,0
2070,10/22/2014,International Communications in Heat and Mass Transfer,OPTICALPROPERTIESMETALOXIDESBASEDNANOFLUIDS,Al2O3,450.0,1.7793,10.1016/j.icheatmasstransfer.2014.10.010,[O-2].[O-2].[O-2].[Al+3].[Al+3],0,0
2072,7/23/2010,Optical Materials,ORGANICINORGANICHYBRIDMATERIALSTOWARDSPASSIVEACTIVEARCHITECTURESFORNEXTGENERATIONOPTICALNETWORKS,ZrO2,633.0,1.52,10.1016/j.optmat.2010.06.019,O=[Zr]=O,0,0
2073,8/28/2008,Powder Technology,FLOATINGINTERNALSINFASTBEDCOHESIVEPARTICLES,CaCO3,589.0,1.681,10.1016/j.powtec.2008.08.023,C(=O)([O-])[O-].[Ca+2],1,0
2075,11/22/2017,Optik,DESIGNFUSEDOPTICALFIBERBUNDLEFORGROUNDBASEDLIDARRECEIVERPROFILELOWERATMOSPHERE,silica,589.0,1.4578,10.1016/j.ijleo.2017.11.136,O=[Si]=O,1,0
2076,7/2/2014,Physical Chemistry Chemical Physics,"The solvatochromic, spectral, and geometrical properties of nifenazone: a DFT/TD-DFT and experimental study  ",DMSO,589.0,1.477,10.1039/C4CP01679C,CS(=O)C,1,1
2077,5/31/2002,Journal of Geodynamics,SIMULTANEOUSINVERSIONGRAVITYHEATFLOWDATACONSTRAINTSTHERMALREGIMERHEOLOGYEVOLUTIONCANADIANSHIELDCRUST,Shield,589.0,3.2,10.1016/S0264-3707(01)00082-5,C1=CC(=NC(=C1Cl)C(=O)O)Cl,0,0
2078,6/23/2010,Physical Chemistry Chemical Physics,Solvatochromic shifts of single-walled carbon nanotubes in nonpolar microenvironments  ,3-Heptanol,589.0,1.42,10.1039/B927053A,CCCCC(CC)O,1,1
2079,11/23/2017,Nanoscale,Chip-integrated plasmonic cavity-enhanced single nitrogen-vacancy center emission  ,HSQ,589.0,1.41,10.1039/C7NR05675C,"CC(=O)NC1C(C(C(OC1N)CO)O)O
CC(=O)NC1C(C(C(OC1N)CO)O)O
CC(=O)NC1C(C(C(OC1N)CO)O)O",2,1
2080,8/16/2014,Solar Energy Materials and Solar Cells,COMBINEDSIO2ANTIREFLECTIVECOATINGSMOCVDZNOBIMPROVELIGHTABSORPTIONINTHINFILMSOLARCELLS,silicon,589.0,5.0,10.1016/j.solmat.2014.07.046,[Si],2,0
2083,1/22/2004,Journal of Molecular Structure,OPTICALCONSTANTSVIBRATIONALANALYSISETHYLBENZENEBETWEEN4000450CM125C,ethylbenzene,589.0,1.4855,10.1016/j.molstruc.2003.12.015,CCC1=CC=CC=C1,0,0
2085,4/30/2016,Journal of Molecular Liquids,ULTRASONICSPEEDSVISCOSITIESREFRACTIVEINDICESFTIRSPECTROSCOPICSTUDIESOXYGENATEALIPHATICAROMATICHYDROCARBONS29815K30815K,1-Propanol,589.0,1.417,10.1016/j.molliq.2016.04.011,CCCO,1,0
2086,10/13/2016,Journal of Molecular Liquids,ASSESSMENTNONCOVALENTINTERACTIONBETWEENINSULINANTIBIOTICSINAQUEOUSSOLUTIONTHROUGHULTRASONICSTUDIESINSILICODOCKINGANALYSIS,Cefpodoxime,589.0,3.7519,10.1016/j.molliq.2016.10.051,COCC1=C(N2C(C(C2=O)NC(=O)C(=NOC)C3=CSC(=N3)N)SC1)C(=O)O,1,0
2087,8/23/2011,Thin Solid Films,EFFECTARGONPRESSURERESIDUALOXYGENEXPOSUREAIRELECTRICALMICROSTRUCTURALPROPERTIESSPUTTEREDCHROMIUMTHINFILMS,chromium,633.0,3.47,10.1016/j.tsf.2011.08.063,[Cr],0,0
2090,5/8/2018,RSC Advances,"Dense, uniform, smooth SiO 2 /TiO 2 hard coatings derived from a single precursor source of tetra- n -butyl titanate modified perhydropolysilazane ",TiO2,589.0,5.27,10.1039/C8RA02289E,O=[Ti]=O,1,1
2091,7/18/2014,Chemical Engineering Science,MASSTRANSFERCHARACTERISTICSLIQUIDLIQUIDFLOWINSMALLDIAMETERCONDUITS,Toluene,589.0,1.4889,10.1016/j.ces.2014.07.029,CC1=CC=CC=C1,1,0
2092,5/9/2018,Physical Chemistry Chemical Physics,Modeling TADF in organic emitters requires a careful consideration of the environment and going beyond the Franck–Condon approximation   ,toluene,589.0,2.38,10.1039/C8CP01792A,CC1=CC=CC=C1,2,1
2093,2/15/2018,Journal of Molecular Liquids,DIPOLEMOMENTSPHENALENONEDYESDETERMINEDINLIQUIDPOLYMERPOLARMEDIA,Butylacetate,589.0,1.3951,10.1016/j.molliq.2018.02.071,"CCCCCC(=O)[O-]
CCCCCC(=O)O",0,0
2094,4/4/2011,Applied Surface Science,OPTICALSTRUCTURALPROPERTIESSIDOPEDZNOTHINFILMS,ZnO,550.0,1.55,10.1016/j.apsusc.2011.03.142,O=[Zn],0,0
2096,6/27/2005,Chemical Engineering Science,PROPERTYPREDICTIONBYSIMILARITYMOLECULARSTRUCTURESPRACTICALAPPLICATIONCONSISTENCYANALYSIS,pristane,589.0,1.4917,10.1016/j.ces.2005.03.069,CC(C)CCCC(C)CCCC(C)CCCC(C)C,0,0
2097,7/22/2015,Fluid Phase Equilibria,EXPERIMENTALISOBARICVAPORLIQUIDEQUILIBRIUMSUBATMOSPHERICLOCALATMOSPHERICPRESSURESVOLUMETRICPROPERTIESMOLARREFRACTIVITY2931531315KWATERTRIETHYLENEGLYCOL,TEG,589.0,1.37872,10.1016/j.fluid.2015.07.030,C(COCCOCCO)O,0,0
2098,7/27/2004,Thin Solid Films,STABILIZINGDIELECTRICCONSTANTFLUORINEDOPEDSIO2FILMBYN2ONH3PLASMAPOSTTREATMENT,CF4,589.0,1.4,10.1016/S0040-6090(97)00482-3,C(F)(F)(F)F,0,0
2100,6/3/2017,Talanta,NOVELIMIDAZOLEFLUORESCENTPOLYIONICLIQUIDNANOPARTICLESFORSELECTIVESENSITIVEDETERMINATIONPYROGALLOL,Tryptophan,589.0,1.33,10.1016/j.talanta.2017.06.007,C1=CC=C2C(=C1)C(=CN2)CC(C(=O)O)N,0,0
2101,12/27/2005,Current Applied Physics,LOCALFIELDEFFECTSRADIATIVELIFETIMESCE3INDIFFERENTHOSTS,YPO4,345.0,1.75,10.1016/j.cap.2005.11.016,[O-]P(=O)([O-])[O-].[Y+3],0,0
2103,8/21/2009,Journal of Colloid and Interface Science,SPECTRALPARAMETERSHAMAKERCONSTANTSSILICONHYDRIDECOMPOUNDSORGANICSOLVENTS,1-Hexene,589.0,1.3881,10.1016/j.jcis.2009.08.028,CCCCC=C,0,0
2104,12/7/2005,Reinforced Plastics,FIBREOPTICSENSORSYSTEMSFORMONITORINGCOMPOSITESTRUCTURES,Fluoride,500.0,1.51,10.1016/S0034-3617(05)70836-5,[F-],0,0
2105,5/2/2016,Journal of Photochemistry and Photobiology A: Chemistry,UNRAVELINGELECTRONICPROPERTIESORGANOMETALLICSOLUTELIPPERTMATAGAQUANTUMCHEMICALEXTENSIVESTUDY,Chloroform,589.0,1.446,10.1016/j.jphotochem.2016.04.023,C(Cl)(Cl)Cl,0,0
2108,12/24/2018,Optik,STRUCTURALPHOTOLUMINESCENCEINVESTIGATIONSCR3MIXEDLI2OBI2O3ZRO2SIO2GLASSCERAMICSFOROPTOELECTRONICDEVICEAPPLICATION,Cr2O3,589.0,1.705,10.1016/j.ijleo.2018.12.110,O=[Cr]O[Cr]=O,0,0
2111,3/16/2015,The Journal of Chemical Thermodynamics,VOLUMETRICACOUSTICREFRACTOMETRICPROPERTIESTHIOPHENEHEXANECYCLOHEXANESOLUTIONSINPRESENCEIMIDAZOLIUMBASEDIONICLIQUIDST29815K,thiophene,589.0,1.3737,10.1016/j.jct.2015.03.004,C1=CSC=C1,0,0
2114,2/24/2011,Sensors and Actuators B: Chemical,SNO2THINFILMSENSORENHANCEDRESPONSEFORNO2GASLOWERTEMPERATURES,SnO2,470.0,1.87,10.1016/j.snb.2011.02.033,O=[Sn]=O,0,0
2115,11/5/2010,The Journal of Chemical Thermodynamics,THERMOPHYSICALPROPERTIESTWOIONICLIQUIDSBASEDBENZYLIMIDAZOLIUMCATION,CH3SO4,589.0,1.52744,10.1016/j.jct.2010.10.024,COS(=O)(=O)[O-],0,0
2116,5/13/2003,Solid-State Electronics,Investigation of epitaxial lift-off the InGaAs p–i–n photodiodes to the AlAs/GaAs distributed Bragg reflectors,AlAs,589.0,2.91,10.1016/S0038-1101(03)00130-8,[Al]#[As],3,0
2118,3/20/2008,Journal of Molecular Structure,SOLVATOCHROMICEFFECTSINABSORPTIONSPECTRAAZOBENZENECOMPOUNDS,iso-Butanol,589.0,1.3955,10.1016/j.molstruc.2008.01.053,CC(C)CO,0,0
2119,11/19/2013,Talanta,IONEXCHANGECHROMATOGRAPHYCOMBINEDDIRECTCURRENTAMPEROMETRICDETECTIONCUNPSREDUCEDGRAPHENEOXIDECHITOSANCOMPOSITEFILMMODIFIEDELECTRODEFORDETERMINATIONMONOSACCHARIDECOMPOSITIONPOLYSACCHARIDESPHELLINUSIGNIARIUS,Fucose,589.0,3.9,10.1016/j.talanta.2013.11.024,CC1C(C(C(C(O1)O)O)O)O,1,0
2120,10/5/2016,Journal of Molecular Liquids,SOLUBILITYSTUDYCEFPODOXIMEACIDANTIBIOTICINTERMSFREEENERGYSOLUTIONINSIGHTSPOLARIZABLECONTINUUMMODELPCMANALYSIS,Nitromethane,589.0,1.38,10.1016/j.molliq.2016.10.019,C[N+](=O)[O-],0,0
2121,7/10/1998,Optical Materials,OPTICALELECTRONEGATIVITYREFRACTIVEINDEXMATERIALS,AgInSe2,589.0,2.96,10.1016/S0925-3467(97)00171-7,[Se-2].[Se-2].[Ag+].[In+3],1,0
2122,5/9/2002,Applied Surface Science,CRITICALISSUESINENHANCINGBRIGHTNESSINTHINFILMPHOSPHORSFORFLATPANELDISPLAYAPPLICATIONS,Y2O3,589.0,1.93,10.1016/S0169-4332(02)00390-2,[O-2].[O-2].[O-2].[Y+3].[Y+3],1,0
2123,9/19/2018,The Journal of Chemical Thermodynamics,VOLUMETRICREFRACTIVEPROPERTIES1357TETRAVINYL1357TETRAMETHYLCYCLOTETRASILOXANEMETHOXYBENZENECHLOROBENZENETERTBUTYLBENZENENITROBENZENET2981531815K,methoxybenzene,589.0,1.47838,10.1016/j.jct.2018.09.021,COC1=CC=CC=C1,1,0
2124,7/19/2004,Journal of Food Composition and Analysis,OPTIMIZATIONDETERMINATIONORGANICACIDSSUGARSINFRUITJUICESBYIONEXCLUSIONLIQUIDCHROMATOGRAPHY,Oxalic acid,589.0,3.42,10.1016/j.jfca.2004.01.005,C(=O)(C(=O)O)O,1,0
2125,7/1/2005,Journal of Materials Chemistry,Hydrocarbon in water sensing with PTFE membranes doped with a luminescent Ru( ii ) poly(pyridyl) complex ,m-Xylene,589.0,1.51,10.1039/B501785H,CC1=CC(=CC=C1)C,1,1
2126,7/11/2005,Chemical Physics Letters,SECONDORDERNONLINEAROPTICALACTIVITYVSCHROMOPHORECONTENTINSIMPLEORGANICGLASSPMMASYSTEM,B-C5-B,589.0,1.517,10.1016/j.cplett.2005.06.074,[B]C1=C(C(=C(C(=C1[B])[B])[B])[B])[B],0,0
2130,10/19/1999,Chemical Physics Letters,INVESTIGATIONSOLVATOCHROMISMINLOWLYINGSINGLETSTATESDITHIENYLPOLYENES,Octane,589.0,1.398,10.1016/S0009-2614(99)00839-8,CCCCCCCC,0,0
2131,2/8/2013,Journal of Quantitative Spectroscopy and Radiative Transfer,THERMALRADIATIVEPROPERTIESAPHOTONICCRYSTALSTRUCTURESANDWICHEDBYSICGRATINGS,SiC,589.0,2.4,10.1016/j.jqsrt.2013.01.022,[C-]#[Si+],2,0
2133,11/22/2017,Optical Materials,BARIUMBORATENANORODDECORATEDREDUCEDGRAPHENEOXIDEFOROPTICALPOWERLIMITINGAPPLICATIONS,BBO,589.0,1.59,10.1016/j.optmat.2017.11.017,C1COCCN1CCCN2C(=O)C3=CC=CC4=C3C(=CC=C4)C2=O,0,0
2134,1/2/2015,Chinese Journal of Chemical Engineering,DETERMINATIONPHYSICALPROPERTIESFORMIXTURESBMIMCLDIFFERENTORGANICSOLVENTS,Acetonitrile,589.0,1.3417,10.1016/j.cjche.2014.06.039,CC#N,1,0
2135,4/26/2005,Lab on a Chip,Optimization of poly(dimethylsiloxane) hollow prisms for optical sensing ,phosphate,589.0,1.334,10.1039/B416633G,[O-]P(=O)([O-])[O-],2,1
2136,5/23/2006,Journal of Non-Crystalline Solids,GROWTHCHARACTERIZATIONCHALCOPYRITELIGATE2AHIGHLYNONLINEARBIREFRINGENTOPTICALCRYSTALFORMIDINFRARED,AgGaSe2,589.0,2.6,10.1016/j.jnoncrysol.2006.01.093,[Ga+3].[Se-2].[Se-2].[Ag+],0,0
2139,7/16/2012,Sensors and Actuators B: Chemical,PATTERNEDCELLULOSEMEMBRANEFORSURFACEPLASMONRESONANCEMEASUREMENT,ethanol,589.0,1.378,10.1016/j.snb.2012.07.019,CCO,0,0
2140,10/4/2012,Optik - International Journal for Light and Electron Optics,PHOTONICCRYSTALMULTICHANNELDROPFILTERSFABRYPEROTMICROCAVITYREFLECTIONFEEDBACK,GaAs,589.0,3.4,10.1016/j.ijleo.2012.07.036,[Ga]#[As],2,0
2143,12/30/2008,European Polymer Journal,TRANSPARENTPOLYBISPHENOLACARBONATEBASEDNANOCOMPOSITESHIGHREFRACTIVEINDEXNANOPARTICLES,TiO2,589.0,2.537,10.1016/j.eurpolymj.2008.12.031,O=[Ti]=O,1,0
2145,10/11/2011,Chemical Science,Practical computation of electronic excitation in solution: vertical excitation model  ,Methanal,589.0,1.48,10.1039/C1SC00313E,C=O,1,1
2151,3/27/2010,Journal of Solid State Chemistry,PREDICTIONASSIGNMENTSITEOCCUPATIONENERGYLEVELSFORPB2IONSINCRYSTALHOSTS,LaF3,589.0,1.59,10.1016/j.jssc.2010.03.031,F[La](F)F,0,0
2152,5/4/2014,Solar Energy Materials and Solar Cells,ENHANCEDPERFORMANCESURFACEMODIFIEDINASQUANTUMDOTSSOLARCELLBYASOLGELGROWNTANTALUMPENTOXIDEANTIREFLECTIONCOATING,GaAs,589.0,3.7,10.1016/j.solmat.2014.03.055,[Ga]#[As],2,0
2155,7/26/2002,Analyst,"Effect of sample geometry on synchronous fluorimetric analysis of petrol, diesel, kerosene and their mixtures at higher concentration",Oxygen,589.0,1.44,10.1039/B003876H,O=O,0,1
2156,10/18/2006,Materials Science and Engineering: C,DISSOLUTIONEMBEDDEDGOLDNANOPARTICLESINSOLGELGLASSFILM,TiO2,589.0,3.3,10.1016/j.msec.2006.09.006,O=[Ti]=O,0,0
2157,1/19/2018,Superlattices and Microstructures,FIRSTPRINCIPLESSTUDYOPTICALPROPERTIESMOLYBDENUMDISULFIDEBULKMONOLAYER,MoS2,589.0,3.88,10.1016/j.spmi.2018.01.012,S=[Mo]=S,2,0
2158,4/30/2016,Journal of Molecular Liquids,ULTRASONICSPEEDSVISCOSITIESREFRACTIVEINDICESFTIRSPECTROSCOPICSTUDIESOXYGENATEALIPHATICAROMATICHYDROCARBONS29815K30815K,1-Propanol,589.0,1.3833,10.1016/j.molliq.2016.04.011,CCCO,1,0
2159,4/27/2013,International Journal of Multiphase Flow,REVIEWEXTENSIONSFILMTHICKNESSRELATIVEBUBBLEDRIFTVELOCITYPREDICTIONMETHODSINLAMINARTAYLORSLUGFLOWS,Ethylene Glycol,589.0,1.4385,10.1016/j.ijmultiphaseflow.2013.04.005,C(CO)O,1,0
2161,11/29/2000,Journal of Organometallic Chemistry,THERMOCHROMISMSOLVATOCHROMISMNONIONICPOLARPOLYSILANES,CH3CN,306.2,1.31416,10.1016/S0022-328X(00)00433-2,CC#N,0,0
2163,5/9/2008,Optical Materials,CORRELATIONBETWEENOPTICALELECTRONEGATIVITYREFRACTIVEINDEXTERNARYCHALCOPYRITESSEMICONDUCTORSINSULATORSOXIDESALKALIHALIDES,AgGaS2,589.0,2.4,10.1016/j.optmat.2008.03.010,[S-2].[S-2].[Ga+3].[Ag+],1,0
2165,2/10/2019,Optics & Laser Technology,SENSITIVESURFACEPLASMONRESONANCEPERFORMANCECADMIUMSULFIDEQUANTUMDOTSAMINEFUNCTIONALIZEDGRAPHENEOXIDEBASEDTHINFILMTOWARDSDENGUEVIRUSEPROTEIN,He-Ne,589.0,1.77861,10.1016/j.optlastec.2019.01.038,[Ne],2,0
2166,4/3/2012,Journal of Luminescence,EXPLORATIONTWISTEDINTRAMOLECULARCHARGETRANSFERFLUORESCENCEPROPERTIESTRANS24DIMETHYLAMINOSTYRYLBENZOTHIAZOLECHARACTERIZEPROTEINSURFACTANTAGGREGATES,HEPES,589.0,1.4,10.1016/j.jlumin.2012.03.053,C1CN(CCN1CCO)CCS(=O)(=O)O,2,0
2167,6/23/2016,Antiviral Research,IMPACTGLYCOPROTEINBGENOTYPENATURALLYOCCURRINGORFUL56POLYMORPHISMSUPONSUSCEPTIBILITYCLINICALHUMANCYTOMEGALOVIRUSISOLATESLETERMOVIR,Ganciclovir,589.0,3.7,10.1016/j.antiviral.2016.06.008,C1=NC2=C(N1COC(CO)CO)N=C(NC2=O)N,1,0
2169,2/21/1999,Powder Technology,IMMERSIONMICROSCOPYFORDETAILEDCHARACTERIZATIONDEFECTSINCERAMICPOWDERSGREENBODIES,alumina,589.0,1.07,10.1016/S0032-5910(96)03133-6,O=[Al]O[Al]=O,2,0
2171,11/1/2016,The Journal of Chemical Thermodynamics,LIQUIDLIQUIDPHASEEQUILIBRIUMHEATCAPACITYBINARYSOLUTION2PROPANOL1OCTYL3METHYLIMIDAZOLIUMHEXAFLUOROPHOSPHATE,2-propanol,632.8,1.3737,10.1016/j.jct.2016.10.047,CC(C)O,0,0
2172,11/6/2011,Spectrochimica Acta Part A: Molecular and Biomolecular Spectroscopy,PHOTOLUMINESCENCEREFRACTIVEINDEXDISPERSIONPROPERTIESZNONANOFIBERSGROWNBYSOLGELMETHOD,ZnO,589.0,3.24,10.1016/j.saa.2011.10.058,O=[Zn],2,0
2174,11/8/2015,Nuclear Instruments and Methods in Physics Research Section B: Beam Interactions with Materials and Atoms,INFLUENCESILVERIONDOPINGUSINGIONIMPLANTATIONLUMINESCENCEPROPERTIESERYBSILICATEGLASSES,erbium,589.0,1.5506,10.1016/j.nimb.2015.09.078,[Er],0,0
2175,9/22/2018,Optics and Lasers in Engineering,LONGRANGESURFACEPLASMONRESONANCESENSINGAPPLICATIONSAREVIEW,BK7,589.0,2.5,10.1016/j.optlaseng.2018.09.013,CCOC1=CC2=C(C=C1)C=C(C=C2)C3=NN(C4=NC=NC(=C34)N)CC5CCNCC5,1,0
2182,10/29/2012,Nanoscale,Antireflective silica  nanoparticle array directly deposited on flexible polymer substrates by chemical vapor deposition  ,acrylate,589.0,1.23,10.1039/C2NR32381H,"C=CC(=O)[O-]
C=CC(=O)O
C=CC(=O)O.[Na]",2,1
2183,7/9/2007,Photochem Photobiol Sci,"Photophysics of 3,5-diphenoxy substituted BODIPY dyes in solution",cyclohexane,589.0,2.4,10.1039/B705921C,C1CCCCC1,3,2
2185,7/22/2015,The Journal of Chemical Thermodynamics,EXPERIMENTALCORRELATIONALSTUDYPHASEEQUILIBRIAINAQUEOUSMIXTURESPHOSPHORICACIDAROMATICHYDROCARBONSVARIOUSTEMPERATURES,Ethyl benzene,589.0,1.4932,10.1016/j.jct.2015.07.020,CCC1=CC=CC=C1,1,0
2186,1/30/2014,Nanoscale,Spontaneous formation of light-trapping nano-structures for top-illumination organic solar cells  ,NTCDA,589.0,1.7,10.1039/C3NR05674K,C1=CC2=C3C(=CC=C4C3=C1C(=O)OC4=O)C(=O)OC2=O,2,1
2187,7/25/2013,Analytical Methods,Vapor discrimination by dual-laser reflectance sensing of a single functionalized nanoparticle film  ,1-octanethiol,589.0,1.45,10.1039/C3AY40952J,CCCCCCCCS,2,1
2188,4/9/2018,Materials Chemistry and Physics,HYDROPHILICHYDROPHOBICOPTICALPROPERTIESB2O3DOPEDTIO2SOLGELTHINFILMSEFFECTB2O3CONTENTFILMTHICKNESSSURFACEROUGHNESS,TiO2,589.0,2.12,10.1016/j.matchemphys.2018.03.080,O=[Ti]=O,1,0
2189,2/28/2013,Materials Research Bulletin,REFRACTIVEINDEXOPTICALDISPERSIONIN2O3INBO3GAHNITE,InBO3,589.0,1.8782,10.1016/j.materresbull.2013.02.057,B([O-])([O-])[O-].[In+3],1,0
2192,11/28/2007,Thin Solid Films,NLOPROPERTIESFUNCTIONALIZEDDNATHINFILMS,Silica,589.0,1.44967,10.1016/j.tsf.2007.11.089,O=[Si]=O,0,0
2193,10/6/2017,Optik,INVESTIGATIONSTRUCTURALOPTICALELECTRICALPROPERTIESZNSTHINFILMSPREPAREDBYULTRASONICSPRAYTECHNIQUEFORPHOTOVOLTAICAPPLICATIONS,ZnS,589.0,2.17,10.1016/j.ijleo.2017.10.034,C(CC(=O)OP(=O)(O)O)C(=O)O,0,0
2194,12/24/2018,Journal of Theoretical and Applied Physics,Investigation of the impact of different ARC layers using PC1D simulation: application to crystalline silicon solar cells,TiO2,589.0,2.305,10.1007/s40094-018-0313-0,O=[Ti]=O,1,2
2195,1/21/2014,Journal of Molecular Liquids,PHYSICOCHEMICALCHARACTERIZATIONAQUEOUSTWOPHASESYSTEMSCONTAININGTRITONX102SODIUMSALTSINRANGETEMPERATURE28815K31815K,Na2S2O3,589.0,1.3326,10.1016/j.molliq.2014.01.010,[O-]S(=O)(=S)[O-].[Na+].[Na+],0,0
2196,6/20/2013,Thermochimica Acta,PROBINGSOLUTESOLVENTINTERACTIONSBIOACTIVESOLUTESINAQUEOUSBARIUMNITRATESOLUTIONBASISPHYSICOCHEMICALCONTRIVANCES,Glycine,589.0,1.3335,10.1016/j.tca.2013.06.017,C(C(=O)O)N,0,0
2197,2/1/2018,Applied Surface Science,LAYEREDSURFACESTRUCTUREGASATOMIZEDHIGHNBCONTAININGTIALPOWDERIMPACTLASERENERGYABSORPTIONFORSELECTIVELASERMELTING,TiO2,1064.0,2.48,10.1016/j.apsusc.2018.01.296,O=[Ti]=O,0,0
2198,9/28/2016,Superlattices and Microstructures,ANODIZATIONFABRICATION3DTIO2PHOTONICCRYSTALSAPPLICATIONFORCHEMICALSENSORS,ethyl alcohol,589.0,1.3588,10.1016/j.spmi.2016.09.027,CCO,2,0
2199,7/10/2017,The Journal of Chemical Thermodynamics,LIQUIDLIQUIDEQUILIBRIUMHEATCAPACITYMEASUREMENTSBINARYSOLUTIONETHANOL1BUTYL3METHYLIMIDAZOLIUMHEXAFLUOROPHOSPHATE,ethanol,632.8,1.388,10.1016/j.jct.2017.07.014,CCO,0,0
2200,3/20/2008,Journal of Molecular Structure,SOLVENTINFLUENCECOMPLEXESREALIZEDBYHYDROGENBOND,Ethanol,589.0,1.369,10.1016/j.molstruc.2008.02.038,CCO,0,0
2201,3/29/2011,Physical Chemistry Chemical Physics,Evaluation of a quantitative structure–property relationship ( QSPR ) for predicting mid-visible refractive index of secondary organic aerosol ( SOA ) ,1-Decene,589.0,1.414,10.1039/C0CP02270E,CCCCCCCCC=C,1,1
2202,4/19/2001,Journal of Photochemistry and Photobiology A: Chemistry,PHOTOPHYSICALAGGREGATIONPROPERTIESALONGCHAINSQUARYLIUMINDOCYANINEDYE,CCl4,589.0,1.4601,10.1016/S1010-6030(01)00405-1,C(Cl)(Cl)(Cl)Cl,1,0
2204,12/1/2004,Materials Chemistry and Physics,THERMALSTABILITYSPECTROSCOPICPROPERTIESER3DOPEDNIOBIUMTELLURITEGLASSESFORBROADBANDAMPLIFIERS,Tellurite,589.0,2.0,10.1016/j.matchemphys.2004.10.005,[O-][Te](=O)[O-],1,0
2205,10/1/2018,Fluid Phase Equilibria,WETTABILITYROCKOILBRINESYSTEMBASEDDENSITYFUNCTIONALTHEORY,silica,589.0,1.333,10.1016/j.fluid.2018.09.019,O=[Si]=O,0,0
2207,10/17/2013,Journal of Molecular Liquids,DENSITIESVISCOSITIESREFRACTIVEINDICESEXCESSPROPERTIESORTHOMETACHLOROANILINE2ALKOXYETHANOLS30315K,o-Chloroaniline,589.0,1.417,10.1016/j.molliq.2013.09.035,C1=CC=C(C(=C1)N)Cl,1,0
2209,4/1/2010,Solar Energy Materials and Solar Cells,DISCUSSIONELECTRICALCHARACTERISTICSIIN013GA087NPINPHOTOVOLTAICSBYUSINGASINGLEMULTIANTIREFLECTIONLAYER,Ta2O5,589.0,2.217,10.1016/j.solmat.2010.03.020,[O-2].[O-2].[O-2].[O-2].[O-2].[Ta+5].[Ta+5],0,0
2211,9/18/2014,RSC Advances,QSPR with descriptors based on averages of vertex invariants. An artificial neural network study ,Butyl acetate,589.0,1.394,10.1039/C4RA06484D,CCCCOC(=O)C,1,1
2214,6/7/2014,Solar Energy Materials and Solar Cells,ORGANICSILICONHETEROJUNCTIONSOLARCELLSNTYPESILICONWAFERSBACKPEDOTCONCEPT,AlOx,589.0,2.4,10.1016/j.solmat.2014.05.022,CC1=CC=CC=C1.CC1=CC=CC=C1.CC1=CC=CC=C1.CC1=CC(=C(C(=C1)CN(CC2=CC(=CC(=C2[O-])C)C)CC3=CC(=CC(=C3[O-])C)C)[O-])C.CC1=CC(=C(C(=C1)CN(CC2=CC(=CC(=C2[O-])C)C)CC3=CC(=CC(=C3[O-])C)C)[O-])C.CC(C)O.CC(C)O.[Al+3].[Al+3],2,0
2216,10/2/2014,The Journal of Chemical Thermodynamics,MIXINGPROPERTIES135TRIMETHYL135TRIS333TRIFLUOROPROPYLCYCLOTRISILOXANEVARIOUSORGANOSILICONCOMPOUNDSDIFFERENTTEMPERATURES,D3F,589.0,1.35816,10.1016/j.jct.2014.09.010,CC1=CC(=C(C=C1Cl)Cl)S(=O)(=O)C2=C(C=C(C=C2[N+](=O)[O-])C(F)(F)F)[N+](=O)[O-],1,0
2217,8/21/2009,Journal of Colloid and Interface Science,SPECTRALPARAMETERSHAMAKERCONSTANTSSILICONHYDRIDECOMPOUNDSORGANICSOLVENTS,Pseudocumene,589.0,1.5049,10.1016/j.jcis.2009.08.028,CC1=CC(=C(C=C1)C)C,0,0
2218,9/19/2018,The Journal of Chemical Thermodynamics,VOLUMETRICREFRACTIVEPROPERTIES1357TETRAVINYL1357TETRAMETHYLCYCLOTETRASILOXANEMETHOXYBENZENECHLOROBENZENETERTBUTYLBENZENENITROBENZENET2981531815K,methoxybenzene,589.0,1.49142,10.1016/j.jct.2018.09.021,COC1=CC=CC=C1,1,0
2219,5/29/2015,Journal of Molecular Liquids,THERMODYNAMICSTUDYASPIRININPRESENCEIONICLIQUID1HEXYL3METHYLIMIDAZOLIUMBROMIDEINACETONITRILET2881531815K,MeCN,589.0,1.3431,10.1016/j.molliq.2015.05.032,CC#N,0,0
2221,12/3/2003,Fluid Phase Equilibria,ACOUSTICVOLUMETRICCOMPRESSIBILITYREFRACTIVITYPROPERTIESREDUCTIONPARAMETERSFORERASFLORYMODELSHOMOLOGOUSSERIESAMINES2981532815K,Propylamine,589.0,1.3777,10.1016/j.fluid.2003.09.007,CCCN,1,0
2222,10/11/2011,Chemical Science,Practical computation of electronic excitation in solution: vertical excitation model  ,Acetone,589.0,4.68,10.1039/C1SC00313E,CC(=O)C,1,1
2223,11/30/2006,Physical Chemistry Chemical Physics,Short-range interactions between non-ionic surfactant layers ,Glucopyranose,589.0,1.51,10.1039/B610295F,C(C1C(C(C(C(O1)O)O)O)O)O,1,1
2224,3/15/2019,The Journal of Chemical Thermodynamics,PHASEEQUILIBRIACSCLPOLYETHYLENEGLYCOLPEGH2O29815KEFFECTDIFFERENTPOLYMERMOLARMASSESPEG100040006000,CsCl,589.0,1.3459,10.1016/j.jct.2019.03.020,[Cl-].[Cs+],0,0
2225,9/21/2017,Carbon,SYNERGISTICOXIDATIONCVDGRAPHENECUBYOXYGENPLASMAETCHING,CuO,589.0,2.4,10.1016/j.carbon.2017.09.076,O=[Cu],2,0
2226,10/15/2017,Optics Communications,ANALYZINGAPPLICATIONSILICONSILVER2DNANOMATERIALAL2O3HETEROJUNCTIONINPLASMONICSENSORPERFORMANCEEVALUATION,H2O,589.0,1.3301,10.1016/j.optcom.2017.09.081,O,1,0
2227,3/3/2014,The Journal of Chemical Thermodynamics,HEATCAPACITIESASYMMETRICCRITICALITYLIQUIDLIQUIDCOEXISTENCECURVESFORDIMETHYLCARBONATENUNDECANENTRIDECANE,dimethylcarbonate,632.8,1.39,10.1016/j.jct.2014.02.016,COC(=O)OC,0,0
2228,11/17/2016,The Journal of Chemical Thermodynamics,EXPERIMENTALSOLUBILITYDIOSGENINESTRIOLINVARIOUSSOLVENTSBETWEENT29323282K,1-Methyl-2-pyrrolidone,589.0,1.469,10.1016/j.jct.2016.11.017,CN1CCCC1=O,0,0
2230,10/13/2018,Fuel,PREDICTINGPHASEBEHAVIORNONPOLARMIXTURESREFRACTIVEINDEXAMBIENTCONDITIONS,n-Hexane,589.0,1.3724,10.1016/j.fuel.2018.09.112,CCCCCC,1,0
2236,4/27/2015,The Journal of Chemical Thermodynamics,LIQUIDLIQUIDPHASEEQUILIBRIUMCRITICALBEHAVIORBINARYSOLUTIONHEAVYWATER26DIMETHYLPYRIDINE,D2O,632.8,1.4869,10.1016/j.jct.2015.04.010,O,0,0
2238,6/8/2017,International Journal of Biological Macromolecules,CHARACTERIZATIONHYPERICUMPERFORATUMPOLYSACCHARIDESANTIOXIDANTANTIMICROBIALACTIVITIESOPTIMIZATIONBASEDSTATISTICALMODELING,Toluene,589.0,1.33,10.1016/j.ijbiomac.2017.06.049,CC1=CC=CC=C1,2,0
2239,7/4/2018,Ceramics International,Toughening of MgAl2O4 spinel/ Si3N4 nanocomposite fabricated by spark plasma sintering,SiC,589.0,3.413,10.1016/j.ceramint.2018.07.033,[C-]#[Si+],3,0
2240,3/18/2019,Food Chemistry,DETERMINATIONSTUDYREFRACTIVEINDICESVISCOSITIESAQUEOUSSOLUTIONSCITRICACIDCITRICACIDGLYCEROLCITRICACIDDSORBITOLT29315K32315KATMOSPHERICPRESSURE,citricacid,589.0,1.363,10.1016/j.foodchem.2019.03.075,C1=CC2=C(C=C1N)C(=O)NC2=O,0,0
2241,10/19/1999,Chemical Physics Letters,INVESTIGATIONSOLVATOCHROMISMINLOWLYINGSINGLETSTATESDITHIENYLPOLYENES,Pyridine,589.0,1.523,10.1016/S0009-2614(99)00839-8,C1=CC=NC=C1,0,0
2245,7/20/2016,Spectrochimica Acta Part A: Molecular and Biomolecular Spectroscopy,ENVIRONMENTEFFECTSPECTRALCHARGEDISTRIBUTIONCHARACTERISTICSDRUGSFOLATEDERIVATIVES,Methylamine,589.0,1.129,10.1016/j.saa.2016.07.034,CN,1,0
2246,6/11/2016,Journal of Alloys and Compounds,CONCENTRATIONDEPENDENTSTRUCTURALTHERMALOPTICALFEATURESPR3DOPEDMULTICOMPONENTTELLURITEGLASSES,Pr2O3,589.3,1.921,10.1016/j.jallcom.2016.06.069,[O-2].[O-2].[O-2].[Pr+3].[Pr+3],0,0
2250,11/16/2016,Materials Science in Semiconductor Processing,EFFECTPOSTDEPOSITIONHEATTREATMENTMICROSTRUCTUREPARAMETERSOPTICALCONSTANTSCOMPOSITIONTHERMALLYEVAPORATEDCDTETHINFILMS,CdTe,589.0,3.27,10.1016/j.mssp.2016.11.028,[Cd]=[Te],0,0
2252,3/28/2015,Fluid Phase Equilibria,ATMOSPHERICDENSITIESINTERFACIALTENSIONSFOR1ALKANOL1BUTANOL1OCTANOLWATERETHERMTBEETBEDIPETAMETHPWATERDEMIXEDMIXTURES,1-Butanol,589.0,1.39886,10.1016/j.fluid.2015.03.040,CCCCO,0,0
2255,3/3/2014,The Journal of Chemical Thermodynamics,HEATCAPACITIESASYMMETRICCRITICALITYLIQUIDLIQUIDCOEXISTENCECURVESFORDIMETHYLCARBONATENUNDECANENTRIDECANE,dimethylcarbonate,632.8,1.4057,10.1016/j.jct.2014.02.016,COC(=O)OC,0,0
2256,1/5/2005,The Journal of Chemical Thermodynamics,PHYSICALPROPERTIESANISOLENALKANESTEMPERATURESBETWEEN2931530315K,Anisole,589.0,1.5143,10.1016/j.jct.2004.09.021,COC1=CC=CC=C1,1,0
2259,7/9/1999,Solid State Ionics,IONICITYBINARYOXIDESSILICATES,Ca3Fe2Si3O12,589.0,1.895,10.1016/S0167-2738(99)00083-1,[O-][Si]([O-])([O-])[O-].[O-][Si]([O-])([O-])[O-].[O-][Si]([O-])([O-])[O-].[Ca+2].[Ca+2].[Ca+2].[Fe+3].[Fe+3],0,0
2260,2/8/2011,Soft Matter,"Investigation of the formation, structure and release characteristics of self-assembled composite films of cellulose nanofibrils and temperature responsive microgels  ",silicon,589.0,1.55,10.1039/C0SM00610F,[Si],2,1
2262,2/13/2016,Fluid Phase Equilibria,CRITICALPHENOMENAINBROMOBENZENE1HEXYL3METHYLIMIDAZOLIUMBISTRIFLUOROMETHYLSULFONYLIMIDEBINARYSOLUTION,bromobenzene,632.8,1.5313,10.1016/j.fluid.2016.02.011,C1=CC=C(C=C1)Br,0,0
2263,1/25/2016,Optical Materials,OPTICALELECTRONICPROPERTIESSEMICONDUCTORSENERGYGAPS,SrSe,589.0,2.21,10.1016/j.optmat.2016.01.012,[Se]=[Sr],1,0
2264,6/10/2017,Contact Lens and Anterior Eye,EFFECTPREVIOUSSOFTCONTACTLENSWEARCORNEALREFRACTIVESURGERYOUTCOMES,SCL,589.0,4.0,10.1016/j.clae.2017.05.009,CC(=O)ONC(=O)C1=CC=CC=C1O,1,0
2266,4/6/2001,Sensors and Actuators B: Chemical,SPRFIBRESENSORSENSITISEDBYFLUOROSILOXANEPOLYMERS,C2HCl3,589.0,1.4784,10.1016/S0925-4005(00)00720-6,C(=C(Cl)Cl)Cl,1,0
2267,10/3/2017,Journal of Molecular Liquids,THERMODYNAMICSAMIDEKETONEMIXTURES2VOLUMETRICSPEEDSOUNDREFRACTIVEINDEXDATAFORNNDIMETHYLACETAMIDE2ALKANONESYSTEMSSEVERALTEMPERATURESAPPLICATIONFLORYSMODELTERTIARYAMIDENALKANONESYSTEMS,"N,N-dimethylacetamide",589.0,1.43235,10.1016/j.molliq.2017.10.007,CC(=O)N(C)C,1,0
2270,6/18/2018,Green Chemistry,"Demonstrating a separation-free process coupling ionic liquid pretreatment, saccharification, and fermentation with Rhodosporidium toruloides to produce advanced biofuels  ",Glucose,589.0,3.0,10.1039/C8GC00518D,C(C1C(C(C(C(O1)O)O)O)O)O,1,1
2271,9/19/2018,The Journal of Chemical Thermodynamics,VOLUMETRICREFRACTIVEPROPERTIES1357TETRAVINYL1357TETRAMETHYLCYCLOTETRASILOXANEMETHOXYBENZENECHLOROBENZENETERTBUTYLBENZENENITROBENZENET2981531815K,methoxybenzene,589.0,1.46375,10.1016/j.jct.2018.09.021,COC1=CC=CC=C1,1,0
2272,7/3/2007,Materials Chemistry and Physics,STRUCTURALOPTICALMICROWAVECHARACTERISTICSSOLGELDERIVEDBARIUMSTRONTIUMTITANATETHINFILMS,BST,589.0,2.05,10.1016/j.matchemphys.2007.05.011,CN(CCC(CC(=O)NC1CCC(OC1C(=O)O)N2C=CC(NC2=O)(N)O)N)C(=N)N,2,0
2273,1/20/2009,Vacuum,STRUCTURALELECTRICALOPTICALPROPERTIESITOFILMSATHINTIO2SEEDLAYERPREPAREDBYRFMAGNETRONSPUTTERING,MgO,589.0,1.75,10.1016/j.vacuum.2009.01.003,O=[Mg],0,0
2275,1/23/2005,Applied Surface Science,TOTALINTERNALREFLECTIONELLIPSOMETRYSPRDETECTIONLOWMOLECULARWEIGHTENVIRONMENTALTOXINS,PAH,589.0,1.408,10.1016/j.apsusc.2004.11.084,C1=CC(=CC=C1C(=O)NCC(=O)O)N,1,0
2276,1/17/2014,Microelectronic Engineering,ELECTRICALCHARACTERIZATIONSSOLUTIONPROCESSEDDIELECTRICLAYEROCTAMETHYLCYCLOTETRASILOXANE,SiO2,589.0,1.462,10.1016/j.mee.2014.01.004,O=[Si]=O,2,0
2277,4/24/2007,Spectrochimica Acta Part A: Molecular and Biomolecular Spectroscopy,SOLVENTEFFECTABSORPTIONFLUORESCENCESPECTRACOUMARINLASERDYESEVALUATIONGROUNDEXCITEDSTATEDIPOLEMOMENTS,N-methylformamide,589.0,1.499,10.1016/j.saa.2007.04.016,CNC=O,1,0
2280,6/20/2011,Journal of Magnetic Resonance,MODIFICATIONENCAPSULATIONPRESSUREREVERSEMICELLESINLIQUIDETHANE,1-Nitropropane,589.0,1.401,10.1016/j.jmr.2011.06.010,CCC[N+](=O)[O-],1,0
2285,1/29/2013,The Journal of Chemical Thermodynamics,TERNARYLIQUIDLIQUIDEQUILIBRIUMDATAFORWATERBUTYRICACIDNHEXANENHEXANOLSYSTEMST298230823182K,n-Hexane,589.0,1.3751,10.1016/j.jct.2013.01.015,CCCCCC,0,0
2286,9/20/2009,Fluid Phase Equilibria,PHYSICALPROPERTIESPHASEEQUILIBRIASYSTEMISOPROPYLACETATEISOPROPANOL1OCTYL3METHYLIMIDAZOLIUMBISTRIFLUOROMETHYLSULFONYLIMIDE,isopropylacetate,589.0,1.42202,10.1016/j.fluid.2009.09.015,"CC(C)CC(=O)[O-]
CC(C)CC(=O)O",0,0
2287,7/25/2008,Solar Energy Materials and Solar Cells,SELFCONSISTENTOPTICALPARAMETERSINTRINSICSILICON300KINCLUDINGTEMPERATURECOEFFICIENTS,silicon,1160.0,3.528,10.1016/j.solmat.2008.06.009,[Si],0,0
2288,11/22/2017,Optical Materials,STIMULATEDBRILLOUINSCATTERINGMATERIALSEXPERIMENTALDESIGNAPPLICATIONSAREVIEW,silica,589.0,2.2,10.1016/j.optmat.2017.10.035,O=[Si]=O,0,0
2289,2/7/2015,Sustainable Cities and Society,THEORETICALMEASUREDOPTICALPROPERTIESNIAL2O3OVERALSUBSTRATESELECTIVEABSORBER,Al2O3,589.0,1.414,10.1016/j.scs.2015.01.003,[O-2].[O-2].[O-2].[Al+3].[Al+3],0,0
2292,1/29/2019,Spectrochimica Acta Part A: Molecular and Biomolecular Spectroscopy,LUMINESCENCECHARACTERISTICSSM3DOPEDLITHIUMBARIUMGADOLINIUMSILICATEGLASSESFORORANGELEDS,Sm2O3,589.3,1.56,10.1016/j.saa.2019.01.086,[O-2].[O-2].[O-2].[Sm+3].[Sm+3],0,0
2293,11/27/2017,Optics &amp; Laser Technology,Temperature independent refractive index measurement using a fiber Bragg grating on abrupt tapered tip,ethylene glycol,589.0,1.3475,10.1016/j.optlastec.2017.11.031,C(CO)O,3,0
2294,1/18/2009,Journal of the Taiwan Institute of Chemical Engineers,SEPARATIONFORMULATIONULTRAPURELIQUIDPETROLATUMEGYPTIANPETROLEUMWAXYBYPRODUCT,Cyclohexane,589.0,1.4379,10.1016/j.jtice.2008.11.001,C1CCCCC1,0,0
2295,10/22/2012,Spectrochimica Acta Part A: Molecular and Biomolecular Spectroscopy,SOLVENTEFFECTSABSORPTIONFLUORESCENCESPECTRARHAPONTICINEXPERIMENTALTHEORETICALSTUDIES,Ethanol,67.0,1.361,10.1016/j.saa.2012.10.013,CCO,0,0
2296,8/5/2013,RSC Advances,Testing selected optimal descriptors with artificial neural networks ,Butanone,589.0,1.379,10.1039/C3RA41435C,CCC(=O)C,1,1
2297,11/7/2008,Vacuum,TRIPLETESTUNDERHIGHVACUUMCONDITIONSCONTROLRELIABILITYTHINICEFILMACCRETIONDESORPTIONFORASTROPHYSICALAPPLICATIONS,CH4,589.0,1.29,10.1016/j.vacuum.2008.10.007,C,0,0
2298,1/6/2016,The Journal of Chemical Thermodynamics,PHYSICOCHEMICALPROPERTIES135TRIMETHYL135TRIS333TRIFLUOROPROPYLCYCLOTRISILOXANEVARIOUSAROMATICHYDROCARBONST3081532315K,nitrobenzene,589.0,1.3725,10.1016/j.jct.2015.12.025,C1=CC=C(C=C1)[N+](=O)[O-],1,0
2299,9/19/2018,The Journal of Chemical Thermodynamics,VOLUMETRICREFRACTIVEPROPERTIES1357TETRAVINYL1357TETRAMETHYLCYCLOTETRASILOXANEMETHOXYBENZENECHLOROBENZENETERTBUTYLBENZENENITROBENZENET2981531815K,nitrobenzene,589.0,1.50865,10.1016/j.jct.2018.09.021,C1=CC=C(C=C1)[N+](=O)[O-],1,0
2301,6/15/2010,Journal of Materials Chemistry,"Porous silicon microspheres: synthesis, characterization and application to photonic microcavities ",silicon,589.0,2.0,10.1039/C0JM00079E,[Si],2,1
2302,7/9/1999,Solid State Ionics,IONICITYBINARYOXIDESSILICATES,CaMnSi2O6,589.0,1.7223333333333333,10.1016/S0167-2738(99)00083-1,[O-][Si](=O)[O-].[O-][Si](=O)[O-].[Ca+2].[Mn+2],0,0
2303,10/17/2015,Optik,PHOTOPHYSICSSTUDIESHIGHLYFLUORESCENTADS680HOLASERDYECONJUGATEGREENSILVERNANOPARTICLES,Benzene,589.0,1.5,10.1016/j.ijleo.2015.10.076,C1=CC=CC=C1,0,0
2305,1/31/2011,Sensors and Actuators B: Chemical,ADISTRIBUTEDBRAGGREFLECTORPOROUSSILICONLAYERFOROPTICALINTERFEROMETRICSENSINGORGANICVAPOR,Isopropanol,38.2,1.377,10.1016/j.snb.2011.01.028,CC(C)O,0,0
2306,9/8/2011,The Journal of Chemical Thermodynamics,DENSITIESSOUNDVELOCITIESREFRACTIVEINDEXESTETRALINNDECANETHERMODYNAMICMODELINGBYPRIGOGINEFLORYPATTERSONMODEL,tetralin,589.0,1.4081,10.1016/j.jct.2011.09.001,C1CCC2=CC=CC=C2C1,0,0
2309,9/10/2003,Spectrochimica Acta Part A: Molecular and Biomolecular Spectroscopy,INFRAREDINTENSITYINDIELECTRICMEDIABYELECTROSTATICMODEL,CCl4,589.0,1.4502,10.1016/S1386-1425(03)00241-5,C(Cl)(Cl)(Cl)Cl,0,0
2310,9/3/2016,Construction and Building Materials,POTENTIALATTENUATEDTOTALREFLECTIONIMAGINGINMIDINFRAREDFORSTUDYRECYCLEDASPHALTMIXTURES,Germanium,589.0,4.01,10.1016/j.conbuildmat.2016.08.108,[Ge],1,0
2312,9/14/2015,Journal of Molecular Liquids,ULTRASONICSPEEDSREFRACTIVEINDICESDENSITIESDIMETHOXYMETHANEALIPHATICALCOHOLSC1C42981530315KCOSMORSERASANALYSES,Methanol,589.0,1.3267,10.1016/j.molliq.2015.08.008,CO,1,0
2313,10/13/2016,Journal of Molecular Liquids,ASSESSMENTNONCOVALENTINTERACTIONBETWEENINSULINANTIBIOTICSINAQUEOUSSOLUTIONTHROUGHULTRASONICSTUDIESINSILICODOCKINGANALYSIS,Cefpodoxime,589.0,3.7527,10.1016/j.molliq.2016.10.051,COCC1=C(N2C(C(C2=O)NC(=O)C(=NOC)C3=CSC(=N3)N)SC1)C(=O)O,1,0
2314,2/27/2003,Physical Chemistry Chemical Physics,Tricriticality in the ternary system 3-methylpyridine / water /NaBr? The coexistence curves ,NaBr,589.0,1.40428,10.1039/B212337A,[Na+].[Br-],1,1
2316,12/19/2018,Nanoscale,Ultrafast assembly of nanoparticles to form smart polymeric photonic crystal films: a new platform for quick detection of solution compositions,styrene,589.0,1.546,10.1039/C8NR08544G,C=CC1=CC=CC=C1,3,1
2319,3/29/2001,Spectrochimica Acta Part A: Molecular and Biomolecular Spectroscopy,ELECTRONICSPECTRALPARAMETERSAZOINDICATORSMETHYLREDMETHYLORANGEPANFASTBLACKKSALT,Chloroform,485.0,1.443,10.1016/S1386-1425(00)00416-9,C(Cl)(Cl)Cl,0,0
2322,4/26/2016,Polymer Chemistry,A poloxamer-polypeptide thermosensitive hydrogel as a cell scaffold and sustained release depot ,MTT,589.0,3.0,10.1039/C5PY02067K,CC1=C(SC(=N1)[N+]2=NC(=NN2C3=CC=CC=C3)C4=CC=CC=C4)C.[Br-],2,1
2323,3/21/2015,Spectrochimica Acta Part A: Molecular and Biomolecular Spectroscopy,CHARACTERIZATIONPREPAREDIN2O3THINFILMSFTIRFTRAMANUVVISIBLEINVESTIGATIONOPTICALANALYSIS,In2O3,589.0,2.63,10.1016/j.saa.2015.02.033,[O-2].[O-2].[O-2].[In+3].[In+3],0,0
2324,5/13/2003,Materials Letters,Characterization of silicon oxynitride thin films deposited by electron beam physical vapor deposition technique,silicon nitride,589.0,2.3,10.1016/S0167-577X(03)00284-2,N12[Si]34N5[Si]16N3[Si]25N46,3,0
2325,12/23/2009,Journal of Photochemistry and Photobiology A: Chemistry,PHOTOPHYSICALPROPERTIESNEWLYSYNTHESIZEDFLUORINATEDZINCPHTHALOCYANINESINPRESENCECDTEQUANTUMDOTSACCOMPANYINGENERGYTRANSFERPROCESSES,DMSO,589.0,1.06,10.1016/j.jphotochem.2009.12.014,CS(=O)C,1,0
2330,7/29/2014,Spectrochimica Acta Part A: Molecular and Biomolecular Spectroscopy,ESTIMATIONGROUNDEXCITEDSTATEDIPOLEMOMENTSOILREDOBYSOLVATOCHROMICSHIFTMETHODS,Butylacetate,356.0,1.3719,10.1016/j.saa.2014.07.049,"CCCCCC(=O)[O-]
CCCCCC(=O)O",0,0
2331,7/1/2010,Polymer,SYNTHESISCHARACTERIZATIONORGANOSOLUBLETHIOETHERBRIDGEDPOLYPHENYLQUINOXALINESULTRAHIGHREFRACTIVEINDICESLOWBIREFRINGENCES,PPQ,429.0,1.7954,10.1016/j.polymer.2010.06.035,CP(=O)(CCC(C(=O)O)N)O,0,0
2333,11/10/2017,Optical Materials,INFLUENCEANNEALINGTEMPERATUREOPTICALPROPERTIESPHOTONICCRYSTALSTRUCTURESOBTAINEDBYSELFORGANIZATIONCOLLOIDALMICROSPHERESPOLYSTYRENESILICA,SiO2,589.0,1.33,10.1016/j.optmat.2017.10.052,O=[Si]=O,2,0
2334,4/19/2005,Sensors and Actuators B: Chemical,CYCLEPERFORMANCESOLGELOPTICALSENSORBASEDLOCALIZEDSURFACEPLASMONRESONANCESILVERPARTICLES,CS2,589.0,1.674,10.1016/j.snb.2005.03.033,C(=S)=S,2,0
2335,7/30/2012,Lab Chip,Optofluidic variable-focus lenses for light manipulation,benzothiazole,589.0,1.45,10.1039/C2LC40415J,C1=CC=C2C(=C1)N=CS2,3,1
2336,10/13/2016,Journal of Molecular Liquids,ASSESSMENTNONCOVALENTINTERACTIONBETWEENINSULINANTIBIOTICSINAQUEOUSSOLUTIONTHROUGHULTRASONICSTUDIESINSILICODOCKINGANALYSIS,Ciprofloxacin,589.0,3.1916,10.1016/j.molliq.2016.10.051,C1CC1N2C=C(C(=O)C3=CC(=C(C=C32)N4CCNCC4)F)C(=O)O,1,0
2337,8/5/2003,Journal of Supramolecular Chemistry,GOLDNANOPARTICLESPROTECTEDTRIETHYLENEGLYCOLFUNCTIONALIZEDTHIOLATESACIDINDUCEDCLUSTERINGAGGREGATESSOLVENTDEPENDENTOPTICALPROPERTIES,MeOH,510.0,1.329,10.1016/S1472-7862(03)00085-6,CO,0,0
2338,11/13/2006,Sensors and Actuators B: Chemical,FIBEROPTICSENSINGLIQUIDREFRACTIVEINDEX,sucrose,589.0,1.3679000000000001,10.1016/j.snb.2006.09.063,C(C1C(C(C(C(O1)OC2(C(C(C(O2)CO)O)O)CO)O)O)O)O,2,0
2342,8/10/1999,Chemical Physics Letters,SOLVENTPOLARITYSCALEFLUORESCENCESPECTRAADANSYLMONOMERCOPOLYMERIZABLEINAQUEOUSMEDIA,ethanol,334.9,1.359,10.1016/S0009-2614(99)00495-9,CCO,0,0
2343,6/9/2013,Surface and Coatings Technology,EFFECTSPUTTERINGGASSTRUCTURALOPTICALHYDROPHOBICPROPERTIESDCSPUTTEREDHAFNIUMOXIDETHINFILMS,Helium,589.0,1.98,10.1016/j.surfcoat.2013.05.046,[He],1,0
2345,11/28/2017,Journal of Photochemistry and Photobiology A: Chemistry,REFRACTIVEINDEXDEPENDENCESOLVATOCHROMISM,Dimethylacetamide,589.0,1.438,10.1016/j.jphotochem.2017.11.048,CC(=O)N(C)C,0,0
2350,4/2/2019,Progress in Organic Coatings,ALLDRYSYNTHESISPOLY2ETHYLHEXYLACRYLATENANOCOATINGSUSINGINITIATEDCHEMICALVAPORDEPOSITIONMETHOD,PEHA,589.0,1.45,10.1016/j.porgcoat.2019.03.044,C(CNCCNCCNCCNCCN)N,2,0
2352,5/10/2016,American Journal of Ophthalmology,PREVALENCEFEATURESSEVERITYGLAUCOMATOUSVISUALFIELDLOSSMEASURED102ACHROMATICTHRESHOLDVISUALFIELDTEST,OH,589.0,4.0,10.1016/j.ajo.2016.05.003,[OH-],1,0
2353,4/12/2011,Journal of Luminescence,INTERACTIONFISETINHUMANSERUMALBUMINBYFLUORESCENCECIRCULARDICHROISMSPECTROSCOPYDFTCALCULATIONSBINDINGPARAMETERSCONFORMATIONALCHANGES,ibuprofen,589.0,1.07,10.1016/j.jlumin.2011.03.073,CC(C)CC1=CC=C(C=C1)C(C)C(=O)O,2,0
2355,6/28/2008,Journal of Molecular Liquids,REFRACTIVEVOLUMETRICPROPERTIESFORBINARYLIQUIDMIXTURESCONTAININGTOLUENELINEARESTERS29815K,Methyl acetate,589.0,1.35893,10.1016/j.molliq.2008.06.016,CC(=O)OC,1,0
2356,7/30/2003,Journal of Hazardous Materials,OTDRFIBEROPTICALCHEMICALSENSORSYSTEMFORDETECTIONLOCATIONHYDROCARBONLEAKAGE,"1,2-Dichloroethane",589.0,1.4448,10.1016/S0304-3894(03)00199-7,C(CCl)Cl,1,0
2358,12/5/2013,Egyptian Journal of Petroleum,SOLVENTREFININGHEAVYWAXDISTILLATEFORREMOVALCARCINOGENICCOMPOUNDS,ethylacetoacetate,589.0,1.4779,10.1016/j.ejpe.2013.11.003,CCOC(=O)CC(=O)C,0,0
2360,8/21/2009,Journal of Colloid and Interface Science,SPECTRALPARAMETERSHAMAKERCONSTANTSSILICONHYDRIDECOMPOUNDSORGANICSOLVENTS,Tetrahydronaphthalene,589.0,1.5412,10.1016/j.jcis.2009.08.028,C1CCC2=CC=CC=C2C1,0,0
2361,10/24/2013,Journal of Materials Chemistry C,First principles selection and design of mid-IR nonlinear optical halide crystals  ,CsGeCl3,589.0,1.9052,10.1039/C3TC31283F,Cl[Ge](Cl)Cl.[Cs],1,1
2365,9/8/2018,Fluid Phase Equilibria,"Experimental measurement and thermodynamic modeling of phase equilibria of {CO2 + tetralin + n-alkanes (with n=6, 16)} and its binary systems",tetralin,589.0,1.54155,10.1016/j.fluid.2018.08.019,C1CCC2=CC=CC=C2C1,3,0
2366,3/16/2004,Journal of Molecular Liquids,TEMPERATUREDEPENDENCEDIELECTRICRELAXATIONLIQUIDDIMETHYLDIETHYLSULFOXIDES,DMSO,589.0,1.4621,10.1016/j.molliq.2003.12.007,CS(=O)C,0,0
2369,5/28/2012,The Journal of Chemical Thermodynamics,THERMODYNAMICMODELINGEXPERIMENTALSPEEDSSOUNDDENSITIESREFRACTIVEINDEXESTETRALINNDODECANE,tetralin,589.0,1.51359,10.1016/j.jct.2012.05.023,C1CCC2=CC=CC=C2C1,0,0
2372,10/13/2012,Sensors and Actuators B: Chemical,OPTICALMEASUREMENTSPATTERNRECOGNITIONTECHNIQUESFORIDENTIFYINGCHARACTERISTICSBEERDISTINGUISHINGBELGIANBEERS,VB10,589.0,1.341,10.1016/j.snb.2012.10.029,[B][B]B([B]B([B])[B])B([B])[B].[V],0,0
2374,2/5/2013,Optik,ENHANCINGLIGHTEXTRACTIONTAPEREDINTERNALREFLECTIONMICROSTRUCTURE,GaN,589.0,2.44,10.1016/j.ijleo.2012.12.010,CC(C)C(C(=O)NC(C(C)C)C(=O)OC)NC(=O)C(C)N1CC(C=C(C=C1)C(C)NC(=O)C(C)N)CC2=CC=CC=C2,2,0
2375,6/6/2018,Optical Materials,OPTICALSTRUCTURALNEARIRNLOPROPERTIESGOLDNANOPARTICLESDOPEDSODIUMZINCBORATEGLASSES,Na2O,589.0,1.654,10.1016/j.optmat.2018.05.083,[O-2].[Na+].[Na+],0,0
2376,8/19/2016,Journal of Alloys and Compounds,ENHANCEMENTREFRACTIVEINDEXSPUTTEREDZINCOXIDETHINFILMSTHROUGHDOPINGFE2O3,ZnO,500.0,2.06,10.1016/j.jallcom.2016.08.165,O=[Zn],0,0
2377,3/5/2014,J. Mater. Chem. C,Structure and fluorescence properties of ternary aluminosilicate glasses doped with samarium and europium,Li2O,546.0,1.521,10.1039/C4TC00036F,[Li+].[Li+].[OH-],0,1
2379,7/22/2015,Fluid Phase Equilibria,EXPERIMENTALISOBARICVAPORLIQUIDEQUILIBRIUMSUBATMOSPHERICLOCALATMOSPHERICPRESSURESVOLUMETRICPROPERTIESMOLARREFRACTIVITY2931531315KWATERTRIETHYLENEGLYCOL,TEG,589.0,1.34287,10.1016/j.fluid.2015.07.030,C(COCCOCCO)O,0,0
2382,5/12/1999,Optics Communications,DISPERSIONEQUATIONCOEFFICIENTSFORREFRACTIVEINDEXBIREFRINGENCECALCITEQUARTZCRYSTALS,calcite,533.0,1.66277,10.1016/S0030-4018(99)00091-7,C(=O)([O-])[O-].[Ca+2],0,0
2383,1/29/2014,Journal of Quantitative Spectroscopy and Radiative Transfer,THEORETICALEXPERIMENTALSTUDYDIFFUSETRANSMISSIONLIGHTTHROUGHHIGHLYCONCENTRATEDABSORBINGSCATTERINGMATERIALS,silica,638.0,1.45687,10.1016/j.jqsrt.2014.01.007,O=[Si]=O,0,0
2384,11/26/2014,Fuel,MEASUREMENTCORRELATIONPREDICTIONBIODIESELBLENDSVISCOSITY,benzene,589.0,1.4779,10.1016/j.fuel.2014.11.041,C1=CC=CC=C1,1,0
2386,9/13/2004,Solid State Ionics,CORRELATIONBETWEENOPTICALELECTRONEGATIVITYMOLARREFRACTIONIONICITYDENSITYBINARYOXIDESSILICATESMINERALS,SiO2,589.0,2.12,10.1016/j.ssi.2004.07.041,O=[Si]=O,0,0
2387,11/22/1999,Optics Communications,CHARACTERIZATIONSUPPRESSIONSELFPHASEMODULATIONINACOMMERCIALMODELOCKEDQSWITCHEDNDYLFOSCILLATOR,silica,589.0,1.053,10.1016/0030-4018(95)00363-D,O=[Si]=O,2,0
2390,4/19/2005,Sensors and Actuators B: Chemical,CYCLEPERFORMANCESOLGELOPTICALSENSORBASEDLOCALIZEDSURFACEPLASMONRESONANCESILVERPARTICLES,C5H11OH,589.0,1.421,10.1016/j.snb.2005.03.033,CC(C)CCO,2,0
2392,9/17/2016,Optik,Realization of spectral beam combination using silicon crystal structure via photonic bandgap analysis,silicon,589.0,3.45,10.1016/j.ijleo.2016.09.063,[Si],3,0
2394,11/11/2015,Solid State Sciences,LINEARTHIRDORDERNONLINEAROPTICALPROPERTIESLIRBB4O7SINGLECRYSTAL,LiNbO3,589.0,2.22,10.1016/j.solidstatesciences.2015.11.001,[Li+].[O-][Nb](=O)=O,1,0
2395,1/6/2016,The Journal of Chemical Thermodynamics,PHYSICOCHEMICALPROPERTIES135TRIMETHYL135TRIS333TRIFLUOROPROPYLCYCLOTRISILOXANEVARIOUSAROMATICHYDROCARBONST3081532315K,nitrobenzene,589.0,1.36807,10.1016/j.jct.2015.12.025,C1=CC=C(C=C1)[N+](=O)[O-],1,0
2396,1/22/2019,Solar Energy Materials and Solar Cells,THERMALATOMICLAYERDEPOSITIONALOXNYTHINFILMSFORSURFACEPASSIVATIONNANOTEXTUREDFLEXIBLESILICON,Al2O3,589.0,1.783,10.1016/j.solmat.2019.01.019,[O-2].[O-2].[O-2].[Al+3].[Al+3],0,0
2398,9/2/2013,Fluid Phase Equilibria,LIQUIDLIQUIDCOEXISTENCECURVESXNITROBENZENE1X2METHYLPENTANEXNITROBENZENE1XISOOCTANEINCRITICALREGION,nitrobenzene,632.8,1.4312,10.1016/j.fluid.2013.08.025,C1=CC=C(C=C1)[N+](=O)[O-],0,0
2399,5/9/2008,Optical Materials,CORRELATIONBETWEENOPTICALELECTRONEGATIVITYREFRACTIVEINDEXTERNARYCHALCOPYRITESSEMICONDUCTORSINSULATORSOXIDESALKALIHALIDES,GaSb,589.0,3.79,10.1016/j.optmat.2008.03.010,[Ga+3].[Sb],1,0
2400,11/1/2013,Sensors and Actuators B: Chemical,FIBEROPTICSPRSENSORFORLIQUIDCONCENTRATIONMEASUREMENT,glycerol,589.0,1.3386,10.1016/j.snb.2013.10.108,C(C(CO)O)O,0,0
2401,3/11/2019,Annals of Nuclear Energy,EXPERIMENTALSTUDIESMORPHOLOGICALPROPERTIESSODIUMCOMBUSTIONFISSIONPRODUCTSTRUCTURALMATERIALMIXEDAEROSOLSINACLOSEDCHAMBERTOWARDSFASTREACTORSAFETY,Sodium,589.0,1.45,10.1016/j.anucene.2019.02.044,[Na],1,0
2402,9/2/2013,Fluid Phase Equilibria,LIQUIDLIQUIDCOEXISTENCECURVESXNITROBENZENE1X2METHYLPENTANEXNITROBENZENE1XISOOCTANEINCRITICALREGION,nitrobenzene,632.8,1.547,10.1016/j.fluid.2013.08.025,C1=CC=C(C=C1)[N+](=O)[O-],0,0
2404,3/21/2011,Fluid Phase Equilibria,LIQUIDLIQUIDEQUILIBRIAWATER3HYDROXY2BUTANONEETHYLETHANOATE,3-Hydroxy-2-butanone,589.0,1.4198,10.1016/j.fluid.2011.03.004,CC(C(=O)C)O,0,0
2405,10/22/2012,Spectrochimica Acta Part A: Molecular and Biomolecular Spectroscopy,SOLVENTEFFECTSABSORPTIONFLUORESCENCESPECTRARHAPONTICINEXPERIMENTALTHEORETICALSTUDIES,DMF,378.0,1.431,10.1016/j.saa.2012.10.013,CN(C)C=O,0,0
2406,2/15/2009,Inorganica Chimica Acta,CONDUCTOMETRICVOLTAMMETRICSTUDIESBISTRIPHENYLPHOSPHINERUTHENIUMIICOMPLEXCISRUCL2LPPH32L22PYRIDYLQUINOXALINE,DMSO,589.0,1.4718499999999999,10.1016/j.ica.2009.02.005,CS(=O)C,0,0
2407,10/13/2016,Journal of Molecular Liquids,ASSESSMENTNONCOVALENTINTERACTIONBETWEENINSULINANTIBIOTICSINAQUEOUSSOLUTIONTHROUGHULTRASONICSTUDIESINSILICODOCKINGANALYSIS,Cefpodoxime,589.0,1.3352,10.1016/j.molliq.2016.10.051,COCC1=C(N2C(C(C2=O)NC(=O)C(=NOC)C3=CSC(=N3)N)SC1)C(=O)O,1,0
2409,4/7/2008,Acta Biomaterialia,OSTEOBLASTRESPONSESDIFFERENTOXIDECOATINGSPRODUCEDBYSOLGELPROCESSTITANIUMSUBSTRATES,TiO2,589.0,2.25,10.1016/j.actbio.2008.03.012,O=[Ti]=O,0,0
2410,10/2/2014,The Journal of Chemical Thermodynamics,MIXINGPROPERTIES135TRIMETHYL135TRIS333TRIFLUOROPROPYLCYCLOTRISILOXANEVARIOUSORGANOSILICONCOMPOUNDSDIFFERENTTEMPERATURES,D3F,589.0,1.35211,10.1016/j.jct.2014.09.010,CC1=CC(=C(C=C1Cl)Cl)S(=O)(=O)C2=C(C=C(C=C2[N+](=O)[O-])C(F)(F)F)[N+](=O)[O-],1,0
2412,3/13/1998,Nuclear Engineering and Design,AHMEDEXPERIMENTSHYGROSCOPICINERTAEROSOLBEHAVIOURINLWRCONTAINMENTCONDITIONSEXPERIMENTALRESULTS,AgNO3,589.0,1.729,10.1016/S0029-5493(97)00174-X,[N+](=O)([O-])[O-].[Ag+],1,0
2413,1/6/2016,The Journal of Chemical Thermodynamics,PHYSICOCHEMICALPROPERTIES135TRIMETHYL135TRIS333TRIFLUOROPROPYLCYCLOTRISILOXANEVARIOUSAROMATICHYDROCARBONST3081532315K,nitrobenzene,589.0,1.37906,10.1016/j.jct.2015.12.025,C1=CC=C(C=C1)[N+](=O)[O-],1,0
2414,7/16/2007,Computational Materials Science,MODELFORCALCULATINGREFRACTIVEINDEXAIIIVSEMICONDUCTOR,CsCl,589.0,1.8563,10.1016/j.commatsci.2007.05.023,[Cl-].[Cs+],1,0
2416,5/20/2014,Tetrahedron,PHENOXYHERBICIDALAMMONIUMIONICLIQUIDS,CH2OC8H17,589.0,1.5061,10.1016/j.tet.2014.05.041,CCC(C)C1CC[OH+]CC1,0,0
2418,4/3/2013,Physica B: Condensed Matter,STRUCTURALELASTICELECTRONICOPTICALPROPERTIESCSMCL3MZNCD,CsCdCl3,589.0,1.66,10.1016/j.physb.2013.03.011,[Cl-].[Cl-].[Cl-].[Cd+2].[Cs+],1,0
2419,4/11/2008,Optics Communications,SPECTROSCOPICLASINGCHARACTERISATIONADICARBAZOVINYLENEMEHBENZENEDYE,THF,410.0,1.4105,10.1016/j.optcom.2008.03.032,C1CCOC1,0,0
2422,2/13/2016,Fluid Phase Equilibria,CRITICALPHENOMENAINBROMOBENZENE1HEXYL3METHYLIMIDAZOLIUMBISTRIFLUOROMETHYLSULFONYLIMIDEBINARYSOLUTION,bromobenzene,632.8,1.538,10.1016/j.fluid.2016.02.011,C1=CC=C(C=C1)Br,0,0
2430,8/9/2017,Physica B: Condensed Matter,STRUCTURALOPTICALNONLINEAROPTICALSTUDIESAZOTHINFILMPREPAREDBYSILARMETHODFORELECTROOPTICAPPLICATIONS,AZO,589.0,1.3,10.1016/j.physb.2017.08.021,CC1=C(C=CC(=C1)C2=CC(=C(C=C2)N=NC3=C(C4=CC=CC=C4C(=C3)S(=O)(=O)[O-])O)C)N=NC5=C(C6=CC=CC=C6C(=C5)S(=O)(=O)[O-])O.[Na+].[Na+],0,0
2431,9/13/2017,Physical Chemistry Chemical Physics,Enhanced interfacial activity of multi-arm poly(ethylene oxide) star polymers relative to linear poly(ethylene oxide) at fluid interfaces  ,xylene,589.0,1.333,10.1039/C7CP02841E,CC1=CC=CC=C1C,2,1
2434,10/12/2009,"Palaeogeography, Palaeoclimatology, Palaeoecology",VEGETATIONRESPONSEEASTASIANMONSOONFLUCTUATIONSPENULTIMATELASTGLACIALPERIODBASEDATERRESTRIALPOLLENRECORDINLANDKAMIYOSHIBASINWESTERNJAPAN,GHb,589.0,1.499,10.1016/j.palaeo.2009.10.004,C(CC(=O)O)CO,0,0
2436,11/15/2003,Materials Science and Engineering: B,Loss measurements of ER-doped silicon-on-insulator waveguides,SiO2,589.0,2.0,10.1016/j.mseb.2003.08.020,O=[Si]=O,3,0
2437,8/28/2006,Progress in Polymer Science,POLYMERSTRIGLYCERIDEOILS,Palmitic acid,589.0,1.4209,10.1016/j.progpolymsci.2006.07.001,CCCCCCCCCCCCCCCC(=O)O,1,0
2441,9/25/2015,Complementary Therapies in Clinical Practice,EFFECTSQUINCESYRUPCLINICALSYMPTOMSCHILDRENSYMPTOMATICGASTROESOPHAGEALREFLUXDISEASEADOUBLEBLINDRANDOMIZEDCONTROLLEDCLINICALTRIAL,omeprazole,589.0,4.9,10.1016/j.ctcp.2015.09.005,CC1=CN=C(C(=C1OC)C)CS(=O)C2=NC3=C(N2)C=C(C=C3)OC,1,0
2442,5/29/2015,Journal of Molecular Liquids,THERMODYNAMICSTUDYASPIRININPRESENCEIONICLIQUID1HEXYL3METHYLIMIDAZOLIUMBROMIDEINACETONITRILET2881531815K,MeCN,589.0,1.3388,10.1016/j.molliq.2015.05.032,CC#N,0,0
2443,12/9/2016,Optics & Laser Technology,HIGHLYEFFICIENTVERTICALFIBERINTERFACINGGRATINGCOUPLERBILAYERANTIREFLECTIONCLADDINGBACKSIDEMETALMIRROR,Si3N4,589.0,1.55,10.1016/j.optlastec.2016.08.001,N12[Si]34N5[Si]16N3[Si]25N46,1,0
2445,1/22/2017,Journal of Photochemistry and Photobiology A: Chemistry,MODIFIEDSOLVATOCHROMICEQUATIONSFORBETTERESTIMATIONGROUNDEXCITEDSTATEDIPOLEMOMENTSPAMINOBENZOICACIDPABAACCOUNTINGFORREALSHAPEOVERHYPOTHETICALSPHERICALSOLVENTSHELL,Ethanol,341.0,1.359,10.1016/j.jphotochem.2016.12.034,CCO,0,0
2449,2/27/2018,Journal of Non-Crystalline Solids,UVELECTRICALPROPERTIESTEO2WO3LI2ONB2O5SM2O3PR6O11ER2O3GLASSES,Sm2O3,589.0,2.06,10.1016/j.jnoncrysol.2018.02.019,[O-2].[O-2].[O-2].[Sm+3].[Sm+3],0,0
2450,1/31/2019,Journal of Molecular Liquids,ASSOCIATION1HEXANOLINMIXTURESNHEXANEDIELECTRICNEARINFRAREDDFTSTUDIES,1-hexanol,589.0,1.4135,10.1016/j.molliq.2019.01.157,CCCCCCO,0,0
2453,9/30/2016,Superlattices and Microstructures,Anodization fabrication of 3D TiO2 photonic crystals and their application for chemical sensors,ethyl alcohol,589.0,1.3618,10.1016/j.spmi.2016.09.027,CCO,3,0
2457,3/4/2013,The Journal of Chemical Thermodynamics,STUDYTHERMODYNAMICTRANSPORTPROPERTIESPHOSPHONIUMBASEDIONICLIQUIDS,C1SO4,589.0,1.46048,10.1016/j.jct.2013.02.012,C1(=O)OS(=O)O1,0,0
2458,2/24/2014,Journal of Luminescence,INFLUENCETEMPERATUREUPCONVERSIONLUMINESCENCEINTELLURITEGLASSCODOPEDYB3ER3YB3TM3,tellurite,633.0,2.074,10.1016/j.jlumin.2014.02.012,[O-][Te](=O)[O-],0,0
2459,5/13/2016,Journal of Photochemistry and Photobiology B: Biology,EXPLORATIONELECTROSTATICINTERACTIONINHYDROPHOBICPOCKETLYSOZYMEIMPORTANCELIGANDINDUCEDPERTURBATIONSECONDARYSTRUCTUREMODEBINDINGEXOGENOUSLIGANDPOSSIBLECONSEQUENCES,TZ,589.0,1.13,10.1016/j.jphotobiol.2016.05.007,C1=CSC=N1,0,0
2461,9/23/2010,The Journal of Chemical Thermodynamics,PERMITTIVITYDENSITYSYSTEMSMONOGLYMEDIGLYMETRIGLYMETETRAGLYMENHEPTANESEVERALTEMPERATURES,Tetraglyme,589.0,1.43497,10.1016/j.jct.2010.09.008,COCCOCCOCCOCCOC,1,0
2462,2/4/2016,Optical Materials,STUDIESALUMINUMOXIDETHINFILMSDEPOSITEDBYLASERABLATIONTECHNIQUE,Al2O3,589.0,1.7685,10.1016/j.optmat.2016.01.060,[O-2].[O-2].[O-2].[Al+3].[Al+3],0,0
2463,9/17/1999,Journal of Photochemistry and Photobiology A: Chemistry,TIMEDEPENDENTSOLVENTEFFECTST1TNABSORPTIONSPECTRATHIOXANTHONEAPICOSECONDINVESTIGATION,ethyleneglycol,603.0,1.432,10.1016/S1010-6030(99)00117-3,C(CO)O,0,0
2464,1/21/2014,Journal of Molecular Liquids,PHYSICOCHEMICALCHARACTERIZATIONAQUEOUSTWOPHASESYSTEMSCONTAININGTRITONX102SODIUMSALTSINRANGETEMPERATURE28815K31815K,Na2SO4,589.0,1.3377,10.1016/j.molliq.2014.01.010,[O-]S(=O)(=O)[O-].[Na+].[Na+],0,0
2465,4/7/2000,Chemical Physics,MANDELSTAMBRILLOUINSPECTRAHYPERACOUSTICVELOCITIESDISPERSIONTRIDEUTEROACETONITRILEINLIQUIDSTATE,acetonitrile-d3,589.0,1.3486,10.1016/S0301-0104(00)00018-5,CC#N,0,0
2466,10/12/2016,Diamond and Related Materials,POLYMERICAMORPHOUSCARBONFILMSHIGHHARDNESS,C2H2,589.0,1.6,10.1016/j.diamond.2016.10.005,C#C,0,0
2467,12/10/2016,Journal of the European Ceramic Society,SURFACEMODIFICATIONAL2O3DICARBOXYLICACIDSFORPREPARATIONUVCURABLECERAMICSUSPENSIONS,Adipic acid,589.0,1.853,10.1016/j.jeurceramsoc.2016.12.013,C(CCC(=O)O)CC(=O)O,1,0
2468,8/20/2012,Dyes and Pigments,ATIMERESOLVEDFLUORESCENCEQUANTUMCHEMICALSTUDYSOLARCELLSENSITIZERD149,CLF,620.0,1.443,10.1016/j.dyepig.2012.07.025,FCl,0,0
2470,9/19/2018,The Journal of Chemical Thermodynamics,VOLUMETRICREFRACTIVEPROPERTIES1357TETRAVINYL1357TETRAMETHYLCYCLOTETRASILOXANEMETHOXYBENZENECHLOROBENZENETERTBUTYLBENZENENITROBENZENET2981531815K,nitrobenzene,589.0,1.52009,10.1016/j.jct.2018.09.021,C1=CC=C(C=C1)[N+](=O)[O-],1,0
2471,7/21/2005,Atmospheric Environment,HYGROSCOPICPROPERTIESORGANICLADENAEROSOL,NaNO3,589.0,1.59,10.1016/j.atmosenv.2005.05.014,[N+](=O)([O-])[O-].[Na+],1,0
2472,3/20/2008,Journal of Molecular Structure,SOLVENTINFLUENCECOMPLEXESREALIZEDBYHYDROGENBOND,Acetone,589.0,1.362,10.1016/j.molstruc.2008.02.038,CC(=O)C,0,0
2473,7/21/2006,Spectrochimica Acta Part A: Molecular and Biomolecular Spectroscopy,PHOTOPHYSICALSTUDIESMEROCYANINE540DYEINAQUEOUSMICELLARDISPERSIONSDIFFERENTSURFACTANTSINDIFFERENTSOLVENTS,Acetonitrile,558.0,1.344,10.1016/j.saa.2006.06.030,CC#N,0,0
2474,11/5/2002,Sensors and Actuators B: Chemical,Modeling the optical response of nanoparticle-based surface plasmon resonance sensors,3-aminopropyltrimethoxysilane,589.0,1.5,10.1016/S0925-4005(02)00243-5,CO[Si](CCCN)(OC)OC,3,0
2475,1/30/2019,Journal of Physics and Chemistry of Solids,Relativistic effects on the electronic and optical characteristics of Cd1-xHgxTe alloys-based solar cell materials,CdTe,589.0,2.72,10.1016/j.jpcs.2019.01.033,[Cd]=[Te],3,0
2476,7/9/1999,Solid State Ionics,IONICITYBINARYOXIDESSILICATES,Na2SiO3,589.0,1.5,10.1016/S0167-2738(99)00083-1,[O-][Si](=O)[O-].[Na+].[Na+],0,0
2478,11/26/2014,Fuel,MEASUREMENTCORRELATIONPREDICTIONBIODIESELBLENDSVISCOSITY,benzene,589.0,1.4677,10.1016/j.fuel.2014.11.041,C1=CC=CC=C1,1,0
2479,3/26/2003,Materials Science and Engineering: B,CRITICALDIMENSIONIMPROVEMENTPLASMAENHANCEDCHEMICALVAPORDEPOSITIONSILICONNITRIDETHINFILMSINGAASDEVICES,SiN2,589.0,2.05,10.1016/S0921-5107(02)00618-9,[N-]=[N+]=[Si],2,0
2482,12/24/2008,Sensors and Actuators B: Chemical,ACOMPACTREFRACTOMETRICSENSORBASEDGRATEDSILICONPHOTONICWIRES,isopropanol,589.0,1.3331,10.1016/j.snb.2008.12.023,CC(C)O,2,0
2483,11/9/2006,Solar Energy Materials and Solar Cells,OPTICALELECTROCHROMICPROPERTIESOXYGENSPUTTEREDTUNGSTENOXIDEWO3THINFILMS,oxygen,550.0,2.1,10.1016/j.solmat.2006.09.005,O=O,0,0
2485,6/7/2015,Journal of Saudi Chemical Society,OPTIMIZATIONCOMPARATIVEEVALUATIONOPTICALPHOTOCATALYTICPROPERTIESTIO2THINFILMSPREPAREDVIASOLGELMETHOD,TiO2,550.0,3.1,10.1016/j.jscs.2015.05.010,O=[Ti]=O,0,0
2486,7/25/2002,Sensors and Actuators B: Chemical,Novel spectral fiber optic sensor based on surface plasmon resonance,Ta2O5,589.0,1.878,10.1016/S0925-4005(00)00718-8,[O-2].[O-2].[O-2].[O-2].[O-2].[Ta+5].[Ta+5],3,0
2487,12/27/2018,Gondwana Research,New constraints on archetypal South African kimberlite petrogenesis from quenched glass-rich melt inclusions in olivine megacrysts,calcite,589.0,1.61,10.1016/j.gr.2018.11.009,C(=O)([O-])[O-].[Ca+2],3,0
2488,12/11/2014,Fluid Phase Equilibria,SOLIDLIQUIDEQUILIBRIAINQUINARYSYSTEMLICLKCLRBCLMGCL2H2OT323K,KRI,589.0,1.4202,10.1016/j.fluid.2014.12.021,C(CSCC(C(C(=O)CO)O)O)C(C(=O)O)N,0,0
2491,8/8/2003,Thermochimica Acta,ACOUSTICVOLUMETRICCOMPRESSIBILITYREFRACTIVITYPROPERTIESFLORYSREDUCTIONPARAMETERSHOMOLOGOUSSERIESALKYLALKANOATES2981533315K,Diethylbromomalonate,589.0,1.45,10.1016/S0040-6031(03)00368-X,CCOC(=O)C(C(=O)OCC)Br,0,0
2492,7/10/2013,Food Chemistry,CHARACTERISATIONBREWPUBBEERCARBOHYDRATESUSINGHIGHPERFORMANCEANIONEXCHANGECHROMATOGRAPHYCOUPLEDPULSEDAMPEROMETRICDETECTION,Maltose,589.0,3.0,10.1016/j.foodchem.2013.07.008,"C(C1C(C(C(C(O1)OC2C(OC(C(C2O)O)O)CO)O)O)O)O
C(C1C(C(C(C(O1)OC2C(OC(C(C2O)O)O)CO)O)O)O)O
C(C1C(C(C(C(O1)OC2C(OC(C(C2O)O)O)CO)O)O)O)O
C(C1C(C(C(C(O1)OC2C(OC(C(C2O)O)O)CO)O)O)O)O
C(C1C(C(C(C(O1)OC2C(OC(C(C2O)O)O)CO)O)O)O)O
C(C1C(C(C(C(O1)OC2C(OC(C(C2O)O)O)CO)O)O)O)O
C(C1C(C(C(C(O1)OC2C(OC(C(C2O)O)O)CO)O)O)O)O
C(C1C(C(C(C(O1)OC2C(OC(C(C2O)O)O)CO)O)O)O)O",1,0
2493,1/16/2002,Materials Research Bulletin,THERMALLYSTABLECHROMOPHORESFORNONLINEAROPTICALAPPLICATIONS,Formicacid,400.0,1.4224,10.1016/S0025-5408(02)00670-0,COC1=CC=CC(=C1)C2=CC=C(C=C2)N,0,0
2494,8/8/2010,Journal of Molecular Liquids,CHANGESINDUCEDBYSOLVENTPOLARITYINELECTRONICABSORPTIONSPECTRAAZODISPERSEDYES,Dichloroethane,589.0,1.4448,10.1016/j.molliq.2010.07.011,CC(Cl)Cl,1,0
2495,1/1/2009,Biophysical Journal,QUANTITATIVEEVALUATIONSENSITIVITYSELECTIVITYMULTIPLEXNANOSPRBIOSENSORASSAYS,CTAB,589.0,1.435,10.1529/biophysj.107.110064,CCCCCCCCCCCCCCCC[N+](C)(C)C.[Br-],2,0
2496,8/12/2018,Thin Solid Films,SUBSTRATEINDUCEDCHANGESSTRUCTURALOPTICALPROPERTIESSNSFILMSPREPAREDBYGLANCINGANGLEDEPOSITION,SnS,589.0,4.01,10.1016/j.tsf.2018.08.012,S=[Sn],0,0
2497,11/19/2018,Scientific Reports,Floating photonic crystals utilizing magnetically aligned biogenic guanine platelets,Guanine,589.0,1.831,10.1038/s41598-018-34866-x,C1=NC2=C(N1)C(=O)NC(=N2)N,2,2
2498,7/2/2004,Spectrochimica Acta Part A: Molecular and Biomolecular Spectroscopy,ASTUDYESTIMATIONEXCITEDSTATEDIPOLEMOMENTSDI4BROMOPHENYLCARBAZONECUIIZNIICDIICOMPLEXESSOLVENTEFFECTELECTRONICSPECTRA,benzene,589.0,1.506,10.1016/j.saa.2003.11.029,C1=CC=CC=C1,0,0
2500,8/6/2009,J. Mater. Chem.,High refractive index polymers: fundamental research and practical applications,fluorene,589.0,1.7258,10.1039/B909690F,C1C2=CC=CC=C2C3=CC=CC=C31,3,1
2501,8/14/2015,Food Chemistry,SIMPLECOLUMNSWITCHINGIONCHROMATOGRAPHYMETHODFORDETERMININGEIGHTMONOSACCHARIDESOLIGOSACCHARIDESINHONEYDEWNECTAR,Lactose,589.0,2.83,10.1016/j.foodchem.2015.08.049,C(C1C(C(C(C(O1)OC2C(OC(C(C2O)O)O)CO)O)O)O)O,1,0
2503,10/4/2011,Physical Chemistry Chemical Physics,Efficient crystallization induced emissive materials based on a simple push–pull molecular structure  ,CH3OH,589.0,1.326,10.1039/C1CP22267H,CO,1,1
2505,2/1/2011,Radiation Physics and Chemistry,RADIATIONSTABILITYROOMTEMPERATUREIONICLIQUIDS,hmimCl,589.0,1.508,10.1016/j.radphyschem.2011.01.012,CCCCCCN1C=C[N+](=C1)C.[Cl-],1,0
2510,10/13/2016,Journal of Molecular Liquids,ASSESSMENTNONCOVALENTINTERACTIONBETWEENINSULINANTIBIOTICSINAQUEOUSSOLUTIONTHROUGHULTRASONICSTUDIESINSILICODOCKINGANALYSIS,Ciprofloxacin,589.0,3.2126,10.1016/j.molliq.2016.10.051,C1CC1N2C=C(C(=O)C3=CC(=C(C=C32)N4CCNCC4)F)C(=O)O,1,0
2511,5/3/2007,The Journal of Chemical Thermodynamics,PVMTMEASUREMENTSCYCLOHEXANENONANETEMPERATURES29815K32815KPRESSURESUP40MPA,Nonane,589.0,1.40314,10.1016/j.jct.2007.04.005,CCCCCCCCC,1,0
2514,3/17/2012,Solar Energy Materials and Solar Cells,BROADBANDOMNIDIRECTIONALANTIREFLECTIONLAYERFORIIIVMULTIJUNCTIONSOLARCELLS,GaAs,589.0,3.28,10.1016/j.solmat.2012.02.022,[Ga]#[As],2,0
2515,4/25/2018,Organic & Biomolecular Chemistry,α-Tocopherol-based cationic amphiphiles with a novel pH sensitive hybrid linker for gene delivery  ,deionized water,589.0,1.59,10.1039/C8OB00276B,O,2,1
2516,12/11/2002,Optical Materials,EQUIVALENCEBETWEENCLAUSIUSMOSSOTTIOPTICALELECTRONEGATIVITYRELATIONS,ZnTe,589.0,2.32,10.1016/S0925-3467(02)00231-8,[Zn]=[Te],1,0
2518,9/28/2007,Applied Surface Science,STRUCTURALOPTICALMORPHOLOGICALSTUDIESLASERABLATEDNANOSTRUCTUREDWO3THINFILMS,WO3,550.0,1.74,10.1016/j.apsusc.2007.09.068,O=[W](=O)=O,0,0
2520,10/13/2018,Fuel,PREDICTINGPHASEBEHAVIORNONPOLARMIXTURESREFRACTIVEINDEXAMBIENTCONDITIONS,Benzene,589.0,1.4975,10.1016/j.fuel.2018.09.112,C1=CC=CC=C1,1,0
2522,3/29/2011,Physical Chemistry Chemical Physics,Evaluation of a quantitative structure–property relationship ( QSPR ) for predicting mid-visible refractive index of secondary organic aerosol ( SOA ) ,"cis-1,3-Pentadiene",589.0,1.425,10.1039/C0CP02270E,CC=CC=C,1,1
2524,8/19/2011,Thermochimica Acta,TRANSFERNEUTRALMOLECULESIONSIONICSPECIESWATERBENZONITRILECOMPARISONNITROBENZENE,Nitrobenzene,589.0,1.5562,10.1016/j.tca.2011.08.014,C1=CC=C(C=C1)[N+](=O)[O-],0,0
2525,3/11/2011,Phys. Chem. Chem. Phys.,Evaluation of a quantitative structure–property relationship (QSPR) for predicting mid-visible refractive index of secondary organic aerosol (SOA),"3-Methyl-2,5-furandione",589.0,1.471,10.1039/C0CP02270E,CC1=CC(=O)OC1=O,0,1
2528,7/28/2004,Journal of Biotechnology,STRUCTURALORGANIZATIONDMPCLIPIDLAYERSCHEMICALLYMICROPATTERNEDSELFASSEMBLEDMONOLAYERSBIOMIMETICSYSTEMS,SiO2,589.0,1.36,10.1016/j.jbiotec.2004.04.022,O=[Si]=O,2,0
2529,6/18/2013,Radiation Measurements,BLENDEDPOLYETHYLENETEREPHTHALATEPOLYETHYLENENAPHTHALATEPOLYMERSFORSCINTILLATIONBASESUBSTRATES,PEN,589.0,1.65,10.1016/j.radmeas.2013.06.006,C1C(C(C(C(O1)O)O)O)O,0,0
2530,5/21/2018,Applied Radiation and Isotopes,EFFECTSSODIUMSALICYLATEDETERMINATIONLEAD210BISMUTH210BYCERENKOVCOUNTING,NaCl,589.0,1.335,10.1016/j.apradiso.2018.05.013,[Na+].[Cl-],1,0
2531,1/13/2015,Optics & Laser Technology,DEPOSITIONPRESSUREEFFECTCHEMICALMORPHOLOGICALOPTICALPROPERTIESBINARYALNITRIDES,AlN,589.0,2.154,10.1016/j.optlastec.2014.12.009,N#[Al],0,0
2532,2/25/2000,Journal of Non-Crystalline Solids,ER3DOPEDPHOSPHATEGLASSESFORFIBERAMPLIFIERSHIGHGAINPERUNITLENGTH,phosphate,1350.0,1.5137,10.1016/S0022-3093(99)00646-8,[O-]P(=O)([O-])[O-],0,0
2533,7/10/2017,The Journal of Chemical Thermodynamics,LIQUIDLIQUIDEQUILIBRIUMHEATCAPACITYMEASUREMENTSBINARYSOLUTIONETHANOL1BUTYL3METHYLIMIDAZOLIUMHEXAFLUOROPHOSPHATE,ethanol,632.8,1.3956,10.1016/j.jct.2017.07.014,CCO,0,0
2536,1/8/2008,Optics Communications,PREDICTIONREFRACTIVEINDEXINORGANICCOMPOUNDBYCHEMICALFORMULA,BaTiO3,589.0,2.39,10.1016/j.optcom.2007.12.030,[O-2].[O-2].[O-2].[Ti+4].[Ba+2],0,0
2537,11/20/2012,Optical Materials,SPECTROSCOPICPROPERTIESER3DOPEDFLUOROTELLURITEGLASSES,ErF3,1532.0,1.833,10.1016/j.optmat.2012.09.022,F[Er](F)F,0,0
2539,3/7/2014,International Journal of Hydrogen Energy,INHIBITORYEFFECTSSUBSTRATESOLUBLEENDPRODUCTSBIOHYDROGENPRODUCTIONALKALITHERMOPHILECALORAMATORCELERKINETICMETABOLICTRANSCRIPTIONANALYSES,Potassium chloride,589.0,1.09,10.1016/j.ijhydene.2014.02.047,[Cl-].[K+],1,0
2542,7/25/2008,Solar Energy Materials and Solar Cells,SELFCONSISTENTOPTICALPARAMETERSINTRINSICSILICON300KINCLUDINGTEMPERATURECOEFFICIENTS,silicon,1370.0,3.494,10.1016/j.solmat.2008.06.009,[Si],0,0
2544,6/28/2007,Optics Communications,INVESTIGATIONCRYSTALSTRUCTURENONLINEAROPTICALPROPERTIES2METHOXYANILINIUMNITRATE,CS2,589.0,1.45,10.1016/j.optcom.2007.05.068,C(=S)=S,0,0
2546,9/19/2018,The Journal of Chemical Thermodynamics,VOLUMETRICREFRACTIVEPROPERTIES1357TETRAVINYL1357TETRAMETHYLCYCLOTETRASILOXANEMETHOXYBENZENECHLOROBENZENETERTBUTYLBENZENENITROBENZENET2981531815K,methoxybenzene,589.0,1.4863,10.1016/j.jct.2018.09.021,COC1=CC=CC=C1,1,0
2547,7/4/2008,New Journal of Chemistry,Effect of the length of polyoxyethylene substituents on luminescent bimetallic lanthanide bioprobes  ,H2O,589.0,1.334,10.1039/B800516H,O,2,1
2555,5/2/2018,Materials Science in Semiconductor Processing,STRUCTURALELASTICOPTOELECTRONICTRANSPORTCALCULATIONSSR3SNOUNDERPRESSURE,SSO,589.0,3.14,10.1016/j.mssp.2018.04.037,C1C(C(C([S+]1CC(C(CO)OS(=O)(=O)O)O)CO)O)O,2,0
2556,4/1/2019,Journal of Luminescence,SYNTHESISSPECTROSCOPICPROPERTIESANOVELTURNOFFFLUORESCENTPROBETHIENYLPYRIDINESUBSTITUTEDBODIPY,Hexane,589.0,1.37,10.1016/j.jlumin.2019.03.058,CCCCCC,1,0
2561,6/12/2011,Journal of Photochemistry and Photobiology A: Chemistry,PHOTOPOLYMERIZATIONKINETICSAPOLYETHERACRYLATEINPRESENCECERAMICFILLERSUSEDINSTEREOLITHOGRAPHY,SiO2,365.0,1.564,10.1016/j.jphotochem.2011.05.010,O=[Si]=O,0,0
2562,1/4/2019,Chinese Journal of Physics,INFLUENCEDIFFERENTSOLVENTSSTRUCTURALOPTICALIMPEDANCEDIELECTRICPROPERTIESZNONANOFLAKES,Ethanol,589.0,2.327,10.1016/j.cjph.2018.12.015,CCO,0,0
2563,9/3/2009,Sensors and Actuators B: Chemical,EVALUATIONPHINDICATORBASEDCOLORIMETRICFILMSFORAMMONIADETECTIONUSINGOPTICALWAVEGUIDES,TBP,590.0,1.491,10.1016/j.snb.2009.08.049,CCCCOP(=O)(OCCCC)OCCCC,0,0
2564,10/14/2016,Water Research,ELECTROMAGNETICINDUCTIONNANOSCALEZEROVALENTIRONPARTICLESACCELERATESDEGRADATIONCHLORINATEDDENSENONAQUEOUSPHASELIQUIDPROOFCONCEPT,Fe3O4,589.0,2.42,10.1016/j.watres.2016.10.035,O=[Fe].O=[Fe]O[Fe]=O,2,0
2565,1/10/2019,Sensors and Actuators B: Chemical,A highly sensitive photocatalytic plastic optic-fiber sensor for selective detection of phenol in aqueous solutions,TiO2,589.0,2.548,10.1016/j.snb.2019.01.042,O=[Ti]=O,3,0
2566,7/5/2007,Atmospheric Environment,CHEMICALCOMPOSITIONCOMPLEXREFRACTIVEINDEXSAHARANMINERALDUSTIZANATENERIFESPAINDERIVEDBYELECTRONMICROSCOPY,Halite,589.0,1.54,10.1016/j.atmosenv.2007.06.047,[Na+].[Cl-],1,0
2568,12/3/2003,Fluid Phase Equilibria,ACOUSTICVOLUMETRICCOMPRESSIBILITYREFRACTIVITYPROPERTIESREDUCTIONPARAMETERSFORERASFLORYMODELSHOMOLOGOUSSERIESAMINES2981532815K,Dodecylamine,589.0,1.4303,10.1016/j.fluid.2003.09.007,CCCCCCCCCCCCN,1,0
2570,6/18/2018,Scientific Reports,Directional emission of plastic luminescent films using photonic crystals fabricated by soft-X-ray interference lithography and reactive ion etching,TiO2,589.0,2.8,10.1038/s41598-018-27593-w,O=[Ti]=O,2,2
2571,12/23/2004,Fluid Phase Equilibria,ACTIVITYCOEFFICIENTSNAFINAQUEOUSMIXTURESINCREASINGCOSOLVENTFORMAMIDEWATERMIXTURES29815K,Formamide,589.0,1.4468,10.1016/j.fluid.2004.09.038,C(=O)N,0,0
2572,3/8/2017,Physical Chemistry Chemical Physics,H-Bonding controls the emission properties of functionalized carbon nano-dots  ,Methanol,589.0,1.32,10.1039/C6CP08889A,CO,1,1
2573,10/12/2012,Optik - International Journal for Light and Electron Optics,EFFICIENTSILICONGRATINGFORSOIAPPLICATIONS,silicon,589.0,3.449,10.1016/j.ijleo.2012.07.043,[Si],2,0
2574,2/27/2009,Lab Chip,Water-ice chip with liquid-core waveguide functionality. Toward lab on ice,Chloroform,589.0,1.442,10.1039/B821382H,C(Cl)(Cl)Cl,0,1
2576,8/29/2016,Talanta,STEREOSELECTIVEQUANTIFICATIONTRITICONAZOLEINVEGETABLESBYSUPERCRITICALFLUIDCHROMATOGRAPHY,Triticonazole,589.0,4.74,10.1016/j.talanta.2016.08.077,"CC1(CCC(=CC2=CC=C(C=C2)Cl)C1(CN3C=NC=N3)O)C
CC1(CCC(=CC2=CC=C(C=C2)Cl)C1(CN3C=NC=N3)O)C
CC1(CCC(=CC2=CC=C(C=C2)Cl)C1(CN3C=NC=N3)O)C",1,0
2578,9/17/2012,Analyst,“Peak tracking chip” for label-free optical detection of bio-molecular interaction and bulk sensing ,silicon nitride,589.0,2.07,10.1039/C2AN35994D,N12[Si]34N5[Si]16N3[Si]25N46,2,1
2584,9/8/2011,The Journal of Chemical Thermodynamics,DENSITIESSOUNDVELOCITIESREFRACTIVEINDEXESTETRALINNDECANETHERMODYNAMICMODELINGBYPRIGOGINEFLORYPATTERSONMODEL,tetralin,589.0,1.4171,10.1016/j.jct.2011.09.001,C1CCC2=CC=CC=C2C1,0,0
2587,2/23/2011,Journal of Crystal Growth,NUCLEATIONKINETICSPARACETAMOLETHANOLSOLUTIONSINDUCTIONTIMEEXPERIMENTSUSINGLASENTECFBRM,paracetamol,589.0,2.276,10.1016/j.jcrysgro.2011.02.027,CC(=O)NC1=CC=C(C=C1)O,0,0
2588,12/14/2011,Food Hydrocolloids,RETENTIONSELECTEDAROMACOMPOUNDSBYGELATINEMATRICES,Ethylbutyrate,589.0,1.392,10.1016/j.foodhyd.2011.12.004,C1CN(CC1C(=O)N)CC2=CC=CC=C2,0,0
2589,2/7/2006,Thermochimica Acta,EXCESSMOLARVOLUMESNNDIMETHYLFORMAMIDE2PENTANONEALKAN1OLSMIXEDSOLVENTSYSTEMS30315K,1-Butanol,589.0,1.3974,10.1016/j.tca.2005.12.021,CCCCO,1,0
2590,11/6/2009,Vibrational Spectroscopy,VIBRATIONALOVERTONESPECTRAINTERACTIONSC2H4H2CCHCH3INLIQUIDKR,C2H6,589.0,2.86,10.1016/j.vibspec.2009.10.005,CC,1,0
2591,9/3/2008,Coordination Chemistry Reviews,SOLVOTHERMALSYNTHESISGROUP1315CHALCOGENIDOMETALATESCHELATINGORGANICAMINES,dien,589.0,1.4844,10.1016/j.ccr.2008.08.015,C(CNCCN)N,0,0
2593,1/23/2006,Analytica Chimica Acta,DISTRIBUTIONCOEFFICIENTSALIPHATICALCOHOLSCARBONYLCOMPOUNDSESTERSBETWEENAIRCARBOXENPOLYDIMETHYLSILOXANEFIBERCOATING,1-Propanol,589.0,2.84,10.1016/j.aca.2005.12.043,CCCO,0,0
2594,9/20/2009,Fluid Phase Equilibria,PHYSICALPROPERTIESPHASEEQUILIBRIASYSTEMISOPROPYLACETATEISOPROPANOL1OCTYL3METHYLIMIDAZOLIUMBISTRIFLUOROMETHYLSULFONYLIMIDE,isopropylacetate,589.0,1.41258,10.1016/j.fluid.2009.09.015,"CC(C)CC(=O)[O-]
CC(C)CC(=O)O",0,0
2596,1/19/2011,Polymer Degradation and Stability,HEATRESISTANTSOLUBLEFLUORINATEDPOLYAMIDEIMIDESBASEDNONCOPLANARORTHOLINKEDDIIMIDEDICARBOXYLICACID,sulfoxide,589.0,1.58,10.1016/j.polymdegradstab.2011.01.004,CCCCCCCCS(=O)C(C)CC1=CC2=C(C=C1)OCO2,2,0
2597,5/31/2017,Journal of Materials Chemistry B,Pyridine derivative-induced fluorescence in multifunctional modified carbon dots and their application in thermometers  ,quinine sulphate,589.0,1.333,10.1039/C7TB00665A,"COC1=CC2=C(C=CN=C2C=C1)C(C3CC4CCN3CC4C=C)O.COC1=CC2=C(C=CN=C2C=C1)C(C3CC4CCN3CC4C=C)O.OS(=O)(=O)O
COC1=CC2=C(C=CN=C2C=C1)C(C3CC4CCN3CC4C=C)O
COC1=CC2=C(C=CN=C2C=C1)C(C3CC4CCN3CC4C=C)O.COC1=CC2=C(C=CN=C2C=C1)C(C3CC4CCN3CC4C=C)O.O.O.OS(=O)(=O)O
COC1=CC2=C(C=CN=C2C=C1)C(C3CC4CCN3CC4C=C)O.OS(=O)(=O)O
COC1=CC2=C(C=CN=C2C=C1)C(C3CC4CCN3CC4C=C)O.OS(=O)(=O)O",2,1
2598,7/22/2015,Fluid Phase Equilibria,EXPERIMENTALISOBARICVAPORLIQUIDEQUILIBRIUMSUBATMOSPHERICLOCALATMOSPHERICPRESSURESVOLUMETRICPROPERTIESMOLARREFRACTIVITY2931531315KWATERTRIETHYLENEGLYCOL,TEG,589.0,1.38696,10.1016/j.fluid.2015.07.030,C(COCCOCCO)O,0,0
2602,1/11/2005,Sensors and Actuators B: Chemical,ORGANOSILANESELFASSEMBLEDMONOLAYERMODIFIEDFIELDEFFECTTRANSISTORSFORONCHIPIONBIOMOLECULESENSING,SiO2,589.0,1.449,10.1016/j.snb.2004.11.055,O=[Si]=O,0,0
2603,8/29/2013,"Nuclear Instruments and Methods in Physics Research Section A: Accelerators, Spectrometers, Detectors and Associated Equipment",OPTICALLUMINESCENCETHERMALPROPERTIESRADIOPUREZNMOO4CRYSTALSUSEDINSCINTILLATINGBOLOMETERSFORDOUBLEBETADECAYSEARCH,ZnMoO4,655.0,1.885,10.1016/j.nima.2013.07.088,[O-][Mo](=O)(=O)[O-].[Zn+2],0,0
2605,5/12/1999,Optics Communications,DISPERSIONEQUATIONCOEFFICIENTSFORREFRACTIVEINDEXBIREFRINGENCECALCITEQUARTZCRYSTALS,calcite,291.0,1.72774,10.1016/S0030-4018(99)00091-7,C(=O)([O-])[O-].[Ca+2],0,0
2606,12/30/2015,Journal of Pharmaceutical Sciences,UTILIZINGDYNAMICLIGHTSCATTERINGAPROCESSANALYTICALTECHNOLOGYFORPROTEINFOLDINGAGGREGATIONMONITORINGINVACCINEMANUFACTURING,Urea,589.0,1.355,10.1002/jps.23746,C(=O)(N)N,0,0
2607,12/17/2013,Spectrochimica Acta Part A: Molecular and Biomolecular Spectroscopy,DETERMINATIONGROUNDEXCITEDSTATEDIPOLEMOMENTSDIPOLARLASERDYESBYSOLVATOCHROMICSHIFTMETHOD,Heptanol,382.0,1.424,10.1016/j.saa.2013.12.031,CCCCCCCO,0,0
2609,5/1/2011,New Journal of Chemistry,Effect of sulfonate-based anions on the physicochemical properties of 1-alkyl-3-propanenitrile imidazolium ionic liquids ,C2CN,589.0,1.5324,10.1039/C0NJ00950D,[C]#CC#N,1,1
2615,6/17/2013,Analyst,"Substrate contributions in micro-ATR of thin samples: implications for analysis of cells, tissue and biological fluids ",SnO2,589.0,2.0,10.1039/C3AN00363A,O=[Sn]=O,2,1
2616,8/26/2011,Quaternary International,IDENTIFICATIONICELANDICLANDNAMTEPHRAAD8712INSCOTTISHFJORDICSEDIMENT,TiO2,589.0,1.94,10.1016/j.quaint.2011.08.016,O=[Ti]=O,1,0
2618,5/9/2008,Optical Materials,CORRELATIONBETWEENOPTICALELECTRONEGATIVITYREFRACTIVEINDEXTERNARYCHALCOPYRITESSEMICONDUCTORSINSULATORSOXIDESALKALIHALIDES,CdTe,589.0,2.7,10.1016/j.optmat.2008.03.010,[Cd]=[Te],1,0
2619,11/18/2011,Fluid Phase Equilibria,EXTRACTIONPROPYLBENZENEMIXTURESHEPTADECANEUSING4METHYLNBUTYLPYRIDINIUMTETRAFLUOROBORATE,Propylbenzene,589.0,4.356,10.1016/j.fluid.2011.11.008,CCCC1=CC=CC=C1,0,0
2620,3/4/2002,Optics Communications,POSSIBILITYULTRASHORTSHEARACOUSTICPULSEEXCITATIONDUELASERINDUCEDELECTROSTRICTIVEEFFECT,LiNbO3,589.0,2.291,10.1016/S0030-4018(02)01211-7,[Li+].[O-][Nb](=O)=O,1,0
2621,10/29/2012,Organic Electronics,IMPROVINGEFFICIENCYORGANICSOLARCELLSBYPREPARINGALUMINUMDOPEDZINCOXIDEFILMSBYIONBEAMASSISTEDSPUTTERING,AZO,600.0,1.85,10.1016/j.orgel.2012.10.010,CC1=C(C=CC(=C1)C2=CC(=C(C=C2)N=NC3=C(C4=CC=CC=C4C(=C3)S(=O)(=O)[O-])O)C)N=NC5=C(C6=CC=CC=C6C(=C5)S(=O)(=O)[O-])O.[Na+].[Na+],0,0
2624,10/5/2018,Journal of Molecular Liquids,SOLIDLIQUIDLIQUIDLIQUIDEQUILIBRIUMSYSTEMSCOMPOSEDCNMIMCLBRN2468RB2SO4CS2SO4H2O,Cs2SO4,589.0,1.40736,10.1016/j.molliq.2018.10.014,[O-]S(=O)(=O)[O-].[Cs+].[Cs+],0,0
2625,12/18/2015,Fluid Phase Equilibria,AQUEOUSTWOPHASESYSTEMPOLYETHYLENEGLYCOL4000FERROUSSULFATEDIFFERENTTEMPERATURES,FeSO4,589.0,1.35806,10.1016/j.fluid.2015.12.014,[O-]S(=O)(=O)[O-].[Fe+2],0,0
2627,2/19/2019,LWT,MICROWAVEASSISTEDEXTRACTIONSOLUBLESUGARSBANANAPUREENATURALDEEPEUTECTICSOLVENTSNADES,Glu,589.0,1.499,10.1016/j.lwt.2019.02.052,C(CC(=O)O)C(C(=O)O)N,1,0
2630,10/11/2003,Solar Energy,Thin semiconducting layers as active and passive emitters for thermophotonics and thermophotovoltaics,ZnSe,589.0,2.5,10.1016/j.solener.2003.09.008,[Zn]=[Se],3,0
2631,2/23/2005,Spectrochimica Acta Part A: Molecular and Biomolecular Spectroscopy,SPECTRALANALYSISCU2B2O3ZNOPBOGLASSES,CuO,589.3,2.1412,10.1016/j.saa.2005.01.014,O=[Cu],0,0
2634,10/27/2014,J. Mater. Chem. C,Silver chlorobromide nanocubes with significantly improved uniformity: synthesis and assembly into photonic crystals,AgBr,589.0,2.18,10.1039/C4TC02102A,Br[Ag],3,1
2636,4/6/2001,Sensors and Actuators B: Chemical,SPRFIBRESENSORSENSITISEDBYFLUOROSILOXANEPOLYMERS,CHCl3,589.0,1.445,10.1016/S0925-4005(00)00720-6,C(Cl)(Cl)Cl,1,0
2637,1/20/2012,Thin Solid Films,SELECTIVEGROWTHRUTILETHINFILMSUSINGRADIOFREQUENCYMAGNETRONSPUTTERING,TiO2,589.0,2.53,10.1016/j.tsf.2012.01.021,O=[Ti]=O,0,0
2638,6/28/2008,Journal of Molecular Liquids,REFRACTIVEVOLUMETRICPROPERTIESFORBINARYLIQUIDMIXTURESCONTAININGTOLUENELINEARESTERS29815K,Butylacetate,589.0,1.39191,10.1016/j.molliq.2008.06.016,"CCCCCC(=O)[O-]
CCCCCC(=O)O",0,0
2640,5/3/2016,RSC Adv.,Flame retardant plasticized poly(vinyl chloride) film with selective solar spectral transparent properties,TCPP,589.0,1.46,10.1039/C6RA09759F,C1=CC(=CC=C1C2=C3C=CC(=C(C4=NC(=C(C5=CC=C(N5)C(=C6C=CC2=N6)C7=CC=C(C=C7)C(=O)O)C8=CC=C(C=C8)C(=O)O)C=C4)C9=CC=C(C=C9)C(=O)O)N3)C(=O)O,3,1
2641,2/21/2017,Materials Letters,COMPLEMENTARYINFRAREDMETAMATERIALSFORVOLATILEORGANICSOLUTIONSSENSING,Ethanol,589.0,1.277,10.1016/j.matlet.2017.02.087,CCO,1,0
2642,9/12/2009,Journal of Luminescence,STUDYINTERACTIONBETWEENPROTEINMAINACTIVECOMPONENTSINCITRUSAURANTIUMLBYOPTICALSPECTROSCOPY,Hesperidin,589.0,1.3062,10.1016/j.jlumin.2009.09.002,CC1C(C(C(C(O1)OCC2C(C(C(C(O2)OC3=CC(=C4C(=O)CC(OC4=C3)C5=CC(=C(C=C5)OC)O)O)O)O)O)O)O)O,1,0
2645,8/2/2017,Experiments in Fluids,"A review of solid–fluid selection options for optical-based measurements in single-phase liquid, two-phase liquid–liquid and multiphase solid–liquid flows",Potassium thiocyanate,589.0,1.4100000000000001,10.1007/s00348-017-2386-y,C(#N)[S-].[K+],1,2
2646,12/21/2009,Fluid Phase Equilibria,APPLICATIONONETHIRDRULEINHYDROCARBONCRUDEOILSYSTEMS,n-Dodecane,589.0,1.4216,10.1016/j.fluid.2009.12.004,CCCCCCCCCCCC,0,0
2648,2/4/2016,Optical Materials,STUDIESALUMINUMOXIDETHINFILMSDEPOSITEDBYLASERABLATIONTECHNIQUE,Al2O3,589.0,1.7674,10.1016/j.optmat.2016.01.060,[O-2].[O-2].[O-2].[Al+3].[Al+3],0,0
2649,3/5/2018,Optik,APROPOSALFORBIOMEDICALDEVICEMEASUREGUSINHUMANBLOODUSINGMETAMATERIAL,Glucose,589.0,1.346,10.1016/j.ijleo.2018.03.007,C(C1C(C(C(C(O1)O)O)O)O)O,1,0
2650,2/16/2010,Ophthalmology,ARANDOMIZEDTRIALCOMPARINGBANGERTERFILTERSPATCHINGFORTREATMENTMODERATEAMBLYOPIAINCHILDREN,atropine,589.0,4.0,10.1016/j.ophtha.2009.10.014,CN1C2CCC1CC(C2)OC(=O)C(CO)C3=CC=CC=C3,1,0
2651,10/21/2015,Carbon,TERAHERTZWAVEREFLECTIONIMPEDANCEMATCHINGPROPERTIESGRAPHENELAYERSOBLIQUEINCIDENCE,quartz,589.0,1.955,10.1016/j.carbon.2015.10.063,O=[Si]=O,2,0
2652,6/9/2014,The Journal of Chemical Thermodynamics,THERMOPHYSICALPROPERTYCHARACTERIZATIONAQUEOUSAMINOACIDSALTSOLUTIONCONTAININGSERINE,Leron,589.0,1.32602,10.1016/j.jct.2014.05.019,CC1=CCN(CC1)CCN=C(N)N.OS(=O)(=O)O,1,0
2654,7/25/2008,Solar Energy Materials and Solar Cells,SELFCONSISTENTOPTICALPARAMETERSINTRINSICSILICON300KINCLUDINGTEMPERATURECOEFFICIENTS,silicon,1050.0,3.556,10.1016/j.solmat.2008.06.009,[Si],0,0
2659,10/15/2012,Materials Science in Semiconductor Processing,SYNTHESISCHARACTERIZATIONMEASUREMENTSTRUCTURALOPTICALPHTOTOLUMINESCENTPROPERTIESZINCSULFIDEQUANTUMDOTS,ZnS,589.0,1.37,10.1016/j.mssp.2012.09.012,C(CC(=O)OP(=O)(O)O)C(=O)O,0,0
2660,6/7/2015,Journal of Saudi Chemical Society,OPTIMIZATIONCOMPARATIVEEVALUATIONOPTICALPHOTOCATALYTICPROPERTIESTIO2THINFILMSPREPAREDVIASOLGELMETHOD,TiO2,550.0,3.2,10.1016/j.jscs.2015.05.010,O=[Ti]=O,0,0
2662,12/4/2000,Lithos,FLUIDINCLUSIONPETROGRAPHY,Barite,589.0,1.645,10.1016/S0024-4937(00)00037-2,[O-]S(=O)(=O)[O-].[Ba+2],0,0
2664,7/4/2017,Sci Rep,Ultraviolet GaN Light-Emitting Diodes with Porous-AlGaN Reflectors,Al2O3,589.0,1.78,10.1038/s41598-017-05391-0,[O-2].[O-2].[O-2].[Al+3].[Al+3],3,2
2665,9/24/2016,Biosensors and Bioelectronics,TITANIUMOXIDETHINFILMSOBTAINEDPHYSICALCHEMICALVAPOURDEPOSITIONMETHODSFOROPTICALBIOSENSINGPURPOSES,TiOx,585.0,2.27,10.1016/j.bios.2016.09.079,CCCOC1=CC2=C(C=C1)N=C(S2)NC(=O)OC,0,0
2668,8/20/2013,Nanoscale,A highly oriented hybrid microarray modified electrode fabricated by a template-free method for ultrasensitive electrochemical DNA recognition,"1,4-benzenedithiol",589.0,1.45,10.1039/C3NR03097K,C1=CC(=CC=C1S)S,3,1
2670,1/6/2016,The Journal of Chemical Thermodynamics,PHYSICOCHEMICALPROPERTIES135TRIMETHYL135TRIS333TRIFLUOROPROPYLCYCLOTRISILOXANEVARIOUSAROMATICHYDROCARBONST3081532315K,ethylbenzene,589.0,1.445,10.1016/j.jct.2015.12.025,CCC1=CC=CC=C1,1,0
2671,10/23/2014,Sensors and Actuators B: Chemical,DYEMODIFIEDCARBONNANOTUBESFOROPTICALDETECTIONAMINESVAPOURS,Methylamine,589.0,1.639,10.1016/j.snb.2014.10.046,CN,1,0
2673,9/7/2018,Soil and Tillage Research,SHALLABANDONSEDIMENTATIONMETHODSFORPARTICLESIZEANALYSISINSOILS,Quartz,589.0,1.553,10.1016/j.still.2018.08.018,O=[Si]=O,0,0
2677,10/14/2006,Fluid Phase Equilibria,LIQUIDLIQUIDEQUILIBRIAWATERPROPIONICACIDMETHYLISOAMYLKETONEDIISOBUTYLKETONEETHYLISOAMYLKETONT2982K,Ethyl isoamyl ketone,589.0,1.419515,10.1016/j.fluid.2006.10.004,CCC(=O)CCC(C)C,1,0
2680,3/22/2017,Journal of Luminescence,ABSORPTIONFLUORESCENCESOLVATOCHROMICBEHAVIORSCENTROSYMMETRICDDMOLECULESTTFDIMETHYLAMINOELECTRONDONORSPOLYENICBRIDGE,Chloroform,357.0,4.81,10.1016/j.jlumin.2017.03.042,C(Cl)(Cl)Cl,0,0
2681,7/12/2017,Pharmaceutical Research,"The Differential Absorption of a Series of P-Glycoprotein Substrates in Isolated Perfused Lungs from Mdr1a/1b Genetic Knockout Mice can be Attributed to Distinct Physico-Chemical Properties: an Insight into Predicting Transporter-Mediated, Pulmonary Specific Disposition",Saquinavir,589.0,4.25,10.1007/s11095-017-2220-5,CC(C)(C)NC(=O)C1CC2CCCCC2CN1CC(C(CC3=CC=CC=C3)NC(=O)C(CC(=O)N)NC(=O)C4=NC5=CC=CC=C5C=C4)O,1,2
2683,3/23/2017,Journal of Materials Chemistry C,A hydrophobic and abrasion-resistant MgF 2 coating with an ultralow refractive index for double-layer broadband antireflective coatings  ,SiO2,589.0,1.2,10.1039/C6TC05307F,O=[Si]=O,2,1
2684,2/19/2008,Journal of Materials Chemistry,Structural and optical characterization of 3D binary colloidal crystal and inverse opal films prepared by direct co-deposition  ,glycerol,589.0,1.333,10.1039/B715329E,C(C(CO)O)O,2,1
2686,9/5/2001,Journal of Molecular Structure,OPTICALCONSTANTSVIBRATIONALASSIGNMENTLIQUIDBROMOBENZENED5BETWEEN4000400CM125C,bromobenzene-d5,589.0,1.5266,10.1016/S0022-2860(01)00615-9,C1=CC=C(C=C1)Br,0,0
2687,8/9/2016,Ophthalmology,VISUALIMPAIRMENTINOLDOLDCOMMUNITYDWELLINGASIANADULTS,cholesterol,589.0,1.08,10.1016/j.ophtha.2016.06.036,CC(C)CCCC(C)C1CCC2C1(CCC3C2CC=C4C3(CCC(C4)O)C)C,1,0
2690,11/10/2011,Journal of Industrial and Engineering Chemistry,PHASEBEHAVIORCATALYTICDEACTIVATEDCOMPOUNDSWATER1ETHYL3METHYLIMIDAZOLIUMACETATEEMIMOACIONICLIQUIDT2981532315KP1BAR,Quinoline,589.0,1.4997,10.1016/j.jiec.2011.11.096,C1=CC=C2C(=C1)C=CC=N2,1,0
2694,10/6/2016,International Journal of Applied Earth Observation and Geoinformation,REPARAMETERIZATIONAQUASIANALYTICALALGORITHMFORCOLOREDDISSOLVEDORGANICMATTERDOMINANTINLANDWATERS,DOC,589.0,1.61,10.1016/j.jag.2016.09.001,CC12CCC3C(C1CCC2C(=O)CO)CCC4=CC(=O)CCC34C,1,0
2696,12/10/2001,Lab on a Chip, Spatial confinement of avidin domains in microwell arrays  ,photobiotin,589.0,4.0,10.1039/B107733C,"CN(CCCNC1=C(C=C(C=C1)N=[N+]=[N-])[N+](=O)[O-])CCCNC(=O)CCCCC2C3C(CS2)NC(=O)N3
CN(CCCNC1=C(C=C(C=C1)N=[N+]=[N-])[N+](=O)[O-])CCCNC(=O)CCCCC2C3C(CS2)NC(=O)N3",2,1
2697,6/13/2012,Lab Chip,An integrated fiber-optic microfluidic device for detection of muscular force generation of microscopic nematodes,silica,589.0,1.463,10.1039/C2LC40459A,O=[Si]=O,3,1
2699,6/7/2010,Optical Materials,SPECTROSCOPYBI4SI3O12ER3GLASSFOROPTICALAMPLIFICATIONLASERAPPLICATION,Tellurite,589.0,2.02,10.1016/j.optmat.2010.04.033,[O-][Te](=O)[O-],1,0
2700,4/30/2016,Journal of Molecular Liquids,ULTRASONICSPEEDSVISCOSITIESREFRACTIVEINDICESFTIRSPECTROSCOPICSTUDIESOXYGENATEALIPHATICAROMATICHYDROCARBONS29815K30815K,n-Hexane,589.0,1.491,10.1016/j.molliq.2016.04.011,CCCCCC,1,0
2707,10/26/2018,"Nuclear Instruments and Methods in Physics Research Section A: Accelerators, Spectrometers, Detectors and Associated Equipment",Computational investigation of arranged scintillating particle composites for fast neutron detection,cerium,589.0,1.55,10.1016/j.nima.2018.10.165,[Ce],3,0
2708,5/13/2007,Microelectronic Engineering,FABRICATIONSOFTREFLECTIVEMICROOPTICALELEMENTSUSINGAREPLICATIONPROCESS,ZrO,589.0,2.17,10.1016/j.mee.2007.05.003,O=[Zr],1,0
2709,2/6/2019,Optics & Laser Technology,SPECTROCHEMICALSTUDYMOLDAVITESRIESIMPACTSTRUCTUREGERMANYUSINGLIBS,MgO,589.0,1.72,10.1016/j.optlastec.2019.01.028,O=[Mg],1,0
2711,7/8/2015,Soft Matter,Tubular growth and bead formation in the lyotropic lamellar phase of a lipid ,glycerol,589.0,1.33,10.1039/C5SM00793C,C(C(CO)O)O,2,1
2713,2/12/2005,The Journal of Chemical Thermodynamics,EXCESSMOLARVOLUMESPROPIOPHENONEBENZENETOLUENEETHYLBENZENEBUTYLBENZENETEMPERATURES29815K32815K,Benzene,589.0,1.4979,10.1016/j.jct.2005.01.007,C1=CC=CC=C1,1,0
2717,7/5/2007,The Journal of Chemical Thermodynamics,LIQUIDLIQUIDEQUILIBRIAC8MIMNTF2IONICLIQUIDASULFURCOMPONENTHYDROCARBONS,n-Dodecane,589.0,1.41952,10.1016/j.jct.2007.06.016,CCCCCCCCCCCC,1,0
2719,7/25/2009,Journal of Solid State Chemistry,CORRELATIONBETWEENOPTICALCONSTANTSCRYSTALCHEMICALPARAMETERSZRW2O8,ZrW2O8,576.9,1.8819,10.1016/j.jssc.2009.07.035,[O-][W](=O)(=O)[O-].[O-][W](=O)(=O)[O-].[Zr+4],0,0
2720,11/16/2012,The Journal of Chemical Thermodynamics,TIELINEDATAFORAQUEOUSSOLUTIONSPHENOLORGANICSOLVENTST2982K,Cyclohexanone,589.0,1.4503,10.1016/j.jct.2012.10.028,C1CCC(=O)CC1,1,0
2725,2/5/2018,Optik,THINFILMSBASEDONEDIMENSIONALPHOTONICCRYSTALFORREFRACTIVEINDEXSENSING,glycerol,571.82,1.3333,10.1016/j.ijleo.2018.01.047,C(C(CO)O)O,0,0
2726,6/28/2011,Fuel Processing Technology,SEPARATIONPARAFFINWAXGRADESUSINGSOLVENTEXTRACTIONTECHNIQUE,NMP,589.0,1.4265,10.1016/j.fuproc.2011.06.002,CN1CCCC1=O,0,0
2727,1/22/2004,Journal of Molecular Structure,OPTICALCONSTANTSVIBRATIONALANALYSISETHYLBENZENEBETWEEN4000450CM125C,ethylbenzene,589.0,1.4811,10.1016/j.molstruc.2003.12.015,CCC1=CC=CC=C1,0,0
2729,6/19/2017,Materials Research Bulletin,STRUCTURALOPTICALFEMTOSECONDTHIRDORDERNONLINEAROPTICALPROPERTIESLINBO3THINFILMS,LiNbO3,589.0,5.3,10.1016/j.materresbull.2017.06.029,[Li+].[O-][Nb](=O)=O,1,0
2730,5/23/2018,Journal of Pharmaceutical and Biomedical Analysis,METABOLOMICSANTIOXIDANTACTIVITYLEAVESPRUNUSDULCISMILLITALIANCVSTORITTOAVOLA,ABTS,589.0,4.72,10.1016/j.jpba.2018.05.018,"CCN1C2=C(C=C(C=C2)S(=O)(=O)[O-])SC1=NN=C3N(C4=C(S3)C=C(C=C4)S(=O)(=O)[O-])CC.[NH4+].[NH4+]
CCN1C2=C(C=C(C=C2)S(=O)(=O)O)SC1=NN=C3N(C4=C(S3)C=C(C=C4)S(=O)(=O)O)CC.N.N
CCN1C2=C(C=C(C=C2)S(=O)(=O)[O-])SC1=NN=C3N(C4=C(S3)C=C(C=C4)S(=O)(=O)[O-])CC.[NH4+].[NH4+]
CCN1C2=C(C=C(C=C2)S(=O)(=O)O)SC1=NN=C3N(C4=C(S3)C=C(C=C4)S(=O)(=O)O)CC
CCN1C2=C(C=C(C=C2)S(=O)(=O)[O-])SC1=NN=C3N(C4=C(S3)C=C(C=C4)S(=O)(=O)[O-])CC.[NH4+].[NH4+]
CCN1C2=C(C=C(C=C2)S(=O)(=O)O)SC1=NN=C3N(C4=C(S3)C=C(C=C4)S(=O)(=O)O)CC
CCN1C2=C(C=C(C=C2)S(=O)(=O)O)SC1=NN=C3N(C4=C(S3)C=C(C=C4)S(=O)(=O)O)CC.N.N
CCN1C2=C(C=C(C=C2)S(=O)(=O)[O-])SC1=NN=C3N(C4=C(S3)C=C(C=C4)S(=O)(=O)[O-])CC.[NH4+].[NH4+]
CCN1C2=C(C=C(C=C2)S(=O)(=O)[O-])SC1=NN=C3N(C4=C(S3)C=C(C=C4)S(=O)(=O)[O-])CC
CCN1C2=C(C=C(C=C2)S(=O)(=O)[O-])SC1=NN=C3N(C4=C(S3)C=C(C=C4)S(=O)(=O)[O-])CC.[NH3+]N.[NH3+]N",1,0
2731,6/9/2006,Journal of Pharmaceutical and Biomedical Analysis,QUANTIFICATIONPHOSPHATIDYLSERINEPHOSPHATIDICACIDFREEFATTYACIDSINULTRASOUNDCONTRASTAGENTBYNORMALPHASEHIGHPERFORMANCELIQUIDCHROMATOGRAPHYEVAPORATIVELIGHTSCATTERINGDETECTION,Stearic acid,589.0,2.0,10.1016/j.jpba.2006.04.027,CCCCCCCCCCCCCCCCCC(=O)O,1,0
2732,10/15/2013,Lab on a Chip,Active liquid degassing in microfluidic systems ,PDMS,589.0,1.3127,10.1039/C3LC50778E,C[Si](C)(C)O[Si](C)(C)O[Si](C)(C)C,2,1
2733,2/28/2003,Phys. Chem. Chem. Phys.,Tricriticality in the ternary system 3-methylpyridine/water/NaBr? The coexistence curves,NaBr,589.0,1.39156,10.1039/B212337A,[Na+].[Br-],0,1
2734,9/9/2011,Organic & Biomolecular Chemistry,Emission control by binary energy transfer processes on oligouridine ,hexaethylene glycol,589.0,2.0,10.1039/C1OB05869J,C(COCCOCCOCCOCCOCCO)O,2,1
2736,7/10/2018,Polymer Chemistry,Nucleophile-initiated anionic polymerization of zwitterionic monomers derived from vinylpyridines in aqueous media under ambient aerobic conditions  ,hydroxyl,589.0,4.0,10.1039/C8PY00520F,[OH],2,1
2737,11/1/2016,The Journal of Chemical Thermodynamics,LIQUIDLIQUIDPHASEEQUILIBRIUMHEATCAPACITYBINARYSOLUTION2PROPANOL1OCTYL3METHYLIMIDAZOLIUMHEXAFLUOROPHOSPHATE,2-propanol,632.8,1.3938,10.1016/j.jct.2016.10.047,CC(C)O,0,0
2742,8/25/2004,Journal of Molecular Liquids,STANDARDPARTIALMOLARVOLUMESIONSINSOLUTION,Methanol,589.0,1.76,10.1016/j.molliq.2004.07.002,CO,0,0
2743,11/7/2007,Inorganica Chimica Acta,SYNTHESISSPECTRALPROPERTIESZRIVHFIVPHTHALOCYANINESDIKETONATESAXIALLIGANDS,Toluene,695.0,1.496,10.1016/j.ica.2007.11.003,CC1=CC=CC=C1,0,0
2744,9/7/2018,Soil and Tillage Research,SHALLABANDONSEDIMENTATIONMETHODSFORPARTICLESIZEANALYSISINSOILS,Calcite,589.0,1.613,10.1016/j.still.2018.08.018,C(=O)([O-])[O-].[Ca+2],0,0
2746,7/18/2012,Photochemical & Photobiological Sciences,Radiationless deactivation of 6-aminocoumarin from the S 1 -ICT state in nonspecifically interacting solvents ,n-Hexane,589.0,1.372,10.1039/C2PP25065A,CCCCCC,1,1
2747,2/10/2019,Renewable Energy Focus,IMPACTENVIRONMENTALFACTORSPHOTOVOLTAICPERFORMANCEMITIGATIONSTRATEGIESAHOLISTICREVIEW,ZnS,550.0,2.35,10.1016/j.ref.2018.12.005,C(CC(=O)OP(=O)(O)O)C(=O)O,0,0
2750,9/20/2018,Food Research International,Effect of chia mucilage addition on oxidation and release kinetics of lemon essential oil microencapsulated using mesquite gum – Chia mucilage mixtures,2-propanol,589.0,1.385,10.1016/j.foodres.2018.09.040,CC(C)O,3,0
2751,7/22/2015,Fluid Phase Equilibria,EXPERIMENTALISOBARICVAPORLIQUIDEQUILIBRIUMSUBATMOSPHERICLOCALATMOSPHERICPRESSURESVOLUMETRICPROPERTIESMOLARREFRACTIVITY2931531315KWATERTRIETHYLENEGLYCOL,TEG,589.0,1.39726,10.1016/j.fluid.2015.07.030,C(COCCOCCO)O,0,0
2752,11/15/2018,Scientific Reports,Electric field-controlled transformation of the eigenmodes in a twisted-nematic Fabry–Pérot cavity,quartz,589.0,2.04,10.1038/s41598-018-35095-y,O=[Si]=O,2,2
2753,6/12/2011,Solar Energy Materials and Solar Cells,INFRAREDLOCKINTHERMOGRAPHYTHROUGHGLASSSUBSTRATES,Quartz,589.0,1.42,10.1016/j.solmat.2011.05.017,O=[Si]=O,2,0
2754,10/24/2015,Spectrochimica Acta Part A: Molecular and Biomolecular Spectroscopy,ESTIMATIONGROUNDEXCITEDSTATEDIPOLEMOMENTLASERDYESC504TC521TUSINGSOLVATOCHROMICSHIFTSABSORPTIONFLUORESCENCESPECTRA,Benzene,589.0,1.501,10.1016/j.saa.2015.10.020,C1=CC=CC=C1,0,0
2755,3/26/2019,Sci Rep,Plasmonic enhanced Cu2O-Au-BFO photocathodes for solar hydrogen production,Cu2O,589.0,2.55,10.1038/s41598-019-41613-3,[O-2].[Cu+].[Cu+],3,2
2756,9/30/2016,Superlattices and Microstructures,Anodization fabrication of 3D TiO2 photonic crystals and their application for chemical sensors,ethylene glycol,589.0,1.4318,10.1016/j.spmi.2016.09.027,C(CO)O,3,0
2757,2/27/2016,European Journal of Pharmaceutical Sciences,APPLICABILITYREFRACTOMETRYFORFASTROUTINECHECKINGHOSPITALPREPARATIONS,NaCl,589.0,1.336333,10.1016/j.ejps.2016.02.014,[Na+].[Cl-],0,0
2758,9/12/2012,Food and Chemical Toxicology,PRODUCTIONCOMPOSITIONTOXICOLOGYSTUDIESENZOGENOLPINUSRADIATABARKEXTRACT,Potassium,589.0,3.78,10.1016/j.fct.2012.08.051,[K],1,0
2760,5/29/2015,Journal of Molecular Liquids,THERMODYNAMICSTUDYASPIRININPRESENCEIONICLIQUID1HEXYL3METHYLIMIDAZOLIUMBROMIDEINACETONITRILET2881531815K,MeCN,589.0,1.3504,10.1016/j.molliq.2015.05.032,CC#N,0,0
2762,2/27/2015,Chemical Engineering Research and Design,INTENSIFICATIONIMPROVEMENTPETROLATUMDEOILINGPROCESSBYUSINGPURENALKANESNONPOLARMODIFIERS,MIBK,589.0,1.4408,10.1016/j.cherd.2015.02.017,CC(C)CC(=O)C,0,0
2764,10/7/2016,Journal of Photochemistry and Photobiology A: Chemistry,SOLVENTEFFECTFEMTOSECONDLASERINDUCEDTWOPHOTONEMISSIONRHODAMINE6G,IsopropylAlcohol,531.0,1.37,10.1016/j.jphotochem.2016.10.011,CC(C)O,0,0
2767,12/10/2007,Optics Communications,FWMXPMINER3DOPEDSILICATELLURITEFIBERS,silica,1541.0,1.4441313,10.1016/j.optcom.2007.11.051,O=[Si]=O,0,0
2769,5/28/2012,RSC Advances,High-sensitivity online detection for microfluidics via cavity ringdown spectroscopy ,toluene,589.0,1.333,10.1039/C2RA20349A,CC1=CC=CC=C1,2,1
2770,4/9/2004,Sensors and Actuators B: Chemical,"Highly sensitive surface plasmon resonance immunosensor for parts-per-trillion level detection of 2,4,6-trinitrophenol",BK7,589.0,1.515,10.1016/j.snb.2004.02.010,CCOC1=CC2=C(C=C1)C=C(C=C2)C3=NN(C4=NC=NC(=C34)N)CC5CCNCC5,3,0
2771,1/1/2000,Analyst,Axially illuminated fluorescence imaging detection for capillary isoelectric focusing on Teflon capillary ,silica,589.0,1.467,10.1039/B003312J,O=[Si]=O,2,1
2774,1/21/2016,Nanoscale,Synthesis of antireflective silica coatings through the synergy of polypeptide layer-by-layer assemblies and biomineralization  ,silica,589.0,1.27,10.1039/C5NR06948C,O=[Si]=O,2,1
2775,4/18/2008,Journal of the Chinese Institute of Chemical Engineers,ISOBARICVAPORLIQUIDEQUILIBRIAFORMIXTURESTETRAHYDROFURAN2PROPANOL224TRIMETHYLPENTANE1013KPA,2-Propanol,589.0,1.37512,10.1016/j.jcice.2007.12.015,CC(C)O,1,0
2777,11/26/2014,Superlattices and Microstructures,DIPCOATEDNICKELZINCOXIDETHINFILMSSTRUCTURALOPTICALMAGNETICINVESTIGATIONS,NiZnO,589.0,1.59,10.1016/j.spmi.2014.11.011,O=[Ni].[Zn],0,0
2778,5/12/1999,Optics Communications,DISPERSIONEQUATIONCOEFFICIENTSFORREFRACTIVEINDEXBIREFRINGENCECALCITEQUARTZCRYSTALS,calcite,1229.0,1.63926,10.1016/S0030-4018(99)00091-7,C(=O)([O-])[O-].[Ca+2],0,0
2782,1/18/2013,Optics Communications,CORRELATIONOPTICALPROPERTIESACENTRICCRYSTALSCHEMICALCOMPOSITION,AgLiO,250.0,1.82,10.1016/j.optcom.2012.12.087,[Li].O=[Ag],0,0
2784,12/21/2009,Fluid Phase Equilibria,APPLICATIONONETHIRDRULEINHYDROCARBONCRUDEOILSYSTEMS,Naphthalene,589.0,1.623,10.1016/j.fluid.2009.12.004,C1=CC=C2C=CC=CC2=C1,0,0
2786,5/2/2016,Journal of Photochemistry and Photobiology A: Chemistry,UNRAVELINGELECTRONICPROPERTIESORGANOMETALLICSOLUTELIPPERTMATAGAQUANTUMCHEMICALEXTENSIVESTUDY,Fluorobenzene,589.0,1.465,10.1016/j.jphotochem.2016.04.023,C1=CC=C(C=C1)F,0,0
2791,5/13/2014,Surface Science,ABINITIOSTUDYSTRUCTURALELECTRONICOPTICALPROPERTIESBSB110100SURFACES,BSb,589.0,3.35,10.1016/j.susc.2014.05.002,B#[Sb],0,0
2794,4/22/2016,Journal of Molecular Liquids,INTERMOLECULARINTERACTIONSBETWEEN2METHYL2BUTANOLPETROLEUMETHERDIFFERENTTEMPERATURESDENSITYVISCOSITYREFRACTIVEINDEXMEASUREMENTS,ether,589.0,1.358,10.1016/j.molliq.2016.04.041,CCOCC,1,0
2795,5/26/2016,Thermochimica Acta,THERMODYNAMICPROPERTIES1BUTYL3METHYLIMIDAZOLIUMSALICYLATEACTIVEPHARMACEUTICALINGREDIENTIONICLIQUIDAPIILINAQUEOUSSOLUTIONSGLYCINELALANINET2881531815K,glycine,589.0,1.3503,10.1016/j.tca.2016.05.013,C(C(=O)O)N,0,0
2796,2/19/2019,LWT,MICROWAVEASSISTEDEXTRACTIONSOLUBLESUGARSBANANAPUREENATURALDEEPEUTECTICSOLVENTSNADES,Glu,589.0,1.477,10.1016/j.lwt.2019.02.052,C(CC(=O)O)C(C(=O)O)N,1,0
2798,1/29/2019,Ceramics International,DESIGNPREPARATIONDURABLEDOUBLELAYERNONQUARTERWAVEANTIREFLECTIVECOATINGS,Ta2O5,589.0,2.26,10.1016/j.ceramint.2019.01.162,[O-2].[O-2].[O-2].[O-2].[O-2].[Ta+5].[Ta+5],1,0
2799,5/4/2001,Sensors and Actuators B: Chemical,OPTICALFIBERSENSORFORDETERMININGWATERCONTENTINORGANICSOLVENTS,Dimethylformamide,508.0,1.4305,10.1016/S0925-4005(00)00740-1,CN(C)C=O,0,0
2800,7/25/2002,Materials Science and Engineering: B,The status and future development of innovative optoelectronic devices based on III-nitrides on SiC and on III-antimonides,GaN,589.0,1.8,10.1016/S0921-5107(00)00607-3,CC(C)C(C(=O)NC(C(C)C)C(=O)OC)NC(=O)C(C)N1CC(C=C(C=C1)C(C)NC(=O)C(C)N)CC2=CC=CC=C2,3,0
2803,6/7/2007,Fuel Processing Technology,SEPARATIONDIFFERENTPARAFFINWAXGRADESUSINGTWOCOMPARATIVEDEOILINGTECHNIQUES,butylacetate,589.0,1.4242,10.1016/j.fuproc.2007.04.011,"CCCCCC(=O)[O-]
CCCCCC(=O)O",0,0
2804,6/27/2016,Chem. Soc. Rev.,"Polyferrocenylsilanes: synthesis, properties, and applications",CH3,589.0,1.682,10.1039/C6CS00155F,[CH3],0,1
2806,3/16/2016,The Journal of Chemical Thermodynamics,LIQUIDLIQUIDEQUILIBRIASTUDYWATERPHOSPHORICACIDHEXYLCYCLOHEXYLACETATESYSTEMST298153081531815KMEASUREMENTTHERMODYNAMICMODELLING,phosphoric acid,589.0,1.4344,10.1016/j.jct.2016.03.025,OP(=O)(O)O,1,0
2807,6/2/2000,Materials Chemistry and Physics,TEMPERATUREDEPENDENCEELASTICPROPERTIESZBLANGLASSES,SiO2,514.5,1.462,10.1016/S0254-0584(00)00256-X,O=[Si]=O,0,0
2809,2/8/2011,Green Chemistry,"Poly(carbonate-urethane): an isocyanate -free procedure from α,ω-di(cyclic carbonate) telechelic poly(trimethylene carbonate)s  ",DMF,589.0,1.2,10.1039/C0GC00686F,CN(C)C=O,2,1
2810,1/29/2013,The Journal of Chemical Thermodynamics,TERNARYLIQUIDLIQUIDEQUILIBRIUMDATAFORWATERBUTYRICACIDNHEXANENHEXANOLSYSTEMST298230823182K,n-Hexanol,589.0,1.4155,10.1016/j.jct.2013.01.015,CCCCCCO,0,0
2811,2/24/2017,Solar Energy Materials and Solar Cells,TRANSPARENTCONDUCTIVEPOLYMERSFORLAMINATEDMULTIWIREMETALLIZATIONBIFACIALCONCENTRATORCRYSTALLINESILICONSOLARCELLSTCOLAYERS,TCO,397.0,1.6,10.1016/j.solmat.2017.02.025,C1CCCC=CCC1,0,0
2813,11/25/2011,Surface and Coatings Technology,ACOMPARATIVESTUDYHEATTREATMENTTEMPERATUREINFLUENCETHICKNESSZIRCONIASOLGELTHINFILMSBYTHREEDIFFERENTTECHNIQUESSWESEMAFM,ZrO2,589.0,2.18,10.1016/j.surfcoat.2011.11.030,O=[Zr]=O,0,0
2814,3/11/1999,Journal of Non-Crystalline Solids,EFFECTYF3INF3INCORPORATIONZBLALIGLASSESCONTAININGHIGHLEVELSPBF2,YF3,589.0,1.5365,10.1016/S0022-3093(96)00660-6,F[Y](F)F,0,0
2815,10/15/2018,Journal of Molecular Liquids,TAUTOMERISMSOLVATOCHROMISMPREFERENTIALSOLVATIONDENSITYFUNCTIONALSTUDYHETEROARYLAZODYES,1-Butanol,589.0,1.39,10.1016/j.molliq.2018.10.054,CCCCO,1,0
2816,12/3/2003,Fluid Phase Equilibria,ACOUSTICVOLUMETRICCOMPRESSIBILITYREFRACTIVITYPROPERTIESREDUCTIONPARAMETERSFORERASFLORYMODELSHOMOLOGOUSSERIESAMINES2981532815K,Octylamine,589.0,1.4281,10.1016/j.fluid.2003.09.007,CCCCCCCCN,1,0
2819,4/18/2015,Food Chemistry,EFFECTREFININGPROCESSMORINGAOLEIFERASEEDOILQUALITY,NO,589.0,1.464,10.1016/j.foodchem.2015.04.031,[No],1,0
2821,9/13/2004,Solid State Ionics,CORRELATIONBETWEENOPTICALELECTRONEGATIVITYMOLARREFRACTIONIONICITYDENSITYBINARYOXIDESSILICATESMINERALS,PbO,589.0,2.51,10.1016/j.ssi.2004.07.041,O=[Pb],1,0
2822,10/14/2003,Thin Solid Films,HIGHRATEDEPOSITIONINSULATINGTIO2CONDUCTINGITOFILMSFOROPTICALDISPLAYAPPLICATIONS,TiO2,550.0,2.5,10.1016/S0040-6090(03)01153-2,O=[Ti]=O,0,0
2825,8/2/2017,Experiments in Fluids,"A review of solid–fluid selection options for optical-based measurements in single-phase liquid, two-phase liquid–liquid and multiphase solid–liquid flows",quartz,589.0,1.445,10.1007/s00348-017-2386-y,O=[Si]=O,1,2
2826,11/17/2016,The Journal of Chemical Thermodynamics,EXPERIMENTALSOLUBILITYDIOSGENINESTRIOLINVARIOUSSOLVENTSBETWEENT29323282K,Morpholine-4-carbaldehyde,589.0,1.4849,10.1016/j.jct.2016.11.017,C1COCCN1C=O,1,0
2827,7/30/2003,Journal of Hazardous Materials,OTDRFIBEROPTICALCHEMICALSENSORSYSTEMFORDETECTIONLOCATIONHYDROCARBONLEAKAGE,Pyridine,589.0,1.5095,10.1016/S0304-3894(03)00199-7,C1=CC=NC=C1,1,0
2828,12/10/2016,Journal of the European Ceramic Society,SURFACEMODIFICATIONAL2O3DICARBOXYLICACIDSFORPREPARATIONUVCURABLECERAMICSUSPENSIONS,Suberic acid,589.0,1.3922,10.1016/j.jeurceramsoc.2016.12.013,C(CCCC(=O)O)CCC(=O)O,1,0
2829,5/31/2002,Journal of Geodynamics,SIMULTANEOUSINVERSIONGRAVITYHEATFLOWDATACONSTRAINTSTHERMALREGIMERHEOLOGYEVOLUTIONCANADIANSHIELDCRUST,Shield,589.0,2.8,10.1016/S0264-3707(01)00082-5,C1=CC(=NC(=C1Cl)C(=O)O)Cl,0,0
2830,7/25/2008,Solar Energy Materials and Solar Cells,SELFCONSISTENTOPTICALPARAMETERSINTRINSICSILICON300KINCLUDINGTEMPERATURECOEFFICIENTS,silicon,750.0,3.717,10.1016/j.solmat.2008.06.009,[Si],0,0
2831,1/31/2019,Journal of Molecular Liquids,ASSOCIATION1HEXANOLINMIXTURESNHEXANEDIELECTRICNEARINFRAREDDFTSTUDIES,1-hexanol,589.0,1.3805,10.1016/j.molliq.2019.01.157,CCCCCCO,0,0
2832,10/20/2010,International Journal of Pharmaceutics,NANOCARRIERFORENHANCEDBIOAVAILABILITYACARDIOVASCULARAGENTINVITROPHARMACODYNAMICPHARMACOKINETICSTABILITYASSESSMENT,CF1,589.0,1.41,10.1016/j.ijpharm.2010.10.018,COC1=CC(=C(C=C1)NC2=C(C=CC(=C2)C(F)(F)F)Cl)C(=O)O,0,0
2833,7/3/2006,Talanta,APALMSIZEDSURFACEPLASMONRESONANCESENSORMICROCHIPFLOWCELL,sucrose,589.0,1.3,10.1016/j.talanta.2006.02.068,C(C1C(C(C(C(O1)OC2(C(C(C(O2)CO)O)O)CO)O)O)O)O,1,0
2834,4/27/2001,Colloids and Surfaces A: Physicochemical and Engineering Aspects,AGGREGATESSODIUMHYALURONATECATIONICAMINOXIDESURFACTANTSINAQUEOUSSOLUTIONLIGHTSCATTERINGSTUDY,DDAO,589.0,1.6,10.1016/S0927-7757(01)00512-X,CC1(C2=CC(=O)C=CC2=NC3=CC(=C(C(=C31)Cl)O)Cl)C,1,0
2835,2/17/2011,Spectrochimica Acta Part A: Molecular and Biomolecular Spectroscopy,STUDYAGGREGATIONINDUCEDEMISSIONCYANOSUBSTITUTEDOLIGOPPHENYLENEVINYLENEBYFEMTOSECONDTIMERESOLVEDFLUORESCENCE,Methylenechloride,575.0,1.4244,10.1016/j.saa.2011.01.056,C(Cl)Cl,0,0
2836,10/15/2017,Optics Communications,ANALYZINGAPPLICATIONSILICONSILVER2DNANOMATERIALAL2O3HETEROJUNCTIONINPLASMONICSENSORPERFORMANCEEVALUATION,D2O,589.0,1.3256,10.1016/j.optcom.2017.09.081,O,1,0
2837,1/21/2005,The Journal of Chemical Thermodynamics,LIQUIDLIQUIDEQUILIBRIAWATERPROPIONICACIDDIMETHYLPHTHALATESEVERALTEMPERATURES,Dimethyl phthalate,589.0,1.5138,10.1016/j.jct.2004.12.003,COC(=O)C1=CC=CC=C1C(=O)OC,1,0
2840,3/3/2012,Arabian Journal of Chemistry,DENSITYREFRACTIVEINDEXMOLARREFRACTIVITYBINARYLIQUIDMIXTURE2931529815303153081531315K,Acetonitrile,589.0,1.4338,10.1016/j.arabjc.2012.02.013,CC#N,1,0
2844,3/13/2005,Optics Communications,ERRATUMSTIMULATEDSTOKESANTISTOKESRAMANSCATTERINGINLIQUIDACETONEABESSELBEAMOPTCOMMUN2352004201,acetone,644.0,1.356981,10.1016/j.optcom.2005.03.006,CC(=O)C,0,0
2846,11/30/2000,Fluid Phase Equilibria,COEXISTENCECURVEHFC134ATHERMALCONDUCTIVITYHFC245FA,HFC-134a,589.0,1.0649,10.1016/S0378-3812(00)00429-5,C(C(F)(F)F)F,0,0
2849,5/9/2008,Optical Materials,CORRELATIONBETWEENOPTICALELECTRONEGATIVITYREFRACTIVEINDEXTERNARYCHALCOPYRITESSEMICONDUCTORSINSULATORSOXIDESALKALIHALIDES,CuBr,589.0,2.38,10.1016/j.optmat.2008.03.010,[Cu]Br,1,0
2850,4/18/2006,Journal of Luminescence,OPTICALPROPERTIESHO3DOPEDNOVELOXYFLUORIDEGLASSES,YAlO3,589.0,3.91,10.1016/j.jlumin.2006.02.017,[O-2].[O-2].[O-2].[Al+3].[Y+3],0,0
2851,4/30/2016,Journal of Molecular Liquids,ULTRASONICSPEEDSVISCOSITIESREFRACTIVEINDICESFTIRSPECTROSCOPICSTUDIESOXYGENATEALIPHATICAROMATICHYDROCARBONS29815K30815K,1-Propanol,589.0,1.374,10.1016/j.molliq.2016.04.011,CCCO,1,0
2852,1/22/2017,Journal of Photochemistry and Photobiology A: Chemistry,MODIFIEDSOLVATOCHROMICEQUATIONSFORBETTERESTIMATIONGROUNDEXCITEDSTATEDIPOLEMOMENTSPAMINOBENZOICACIDPABAACCOUNTINGFORREALSHAPEOVERHYPOTHETICALSPHERICALSOLVENTSHELL,Ethanol,289.0,1.359,10.1016/j.jphotochem.2016.12.034,CCO,0,0
2853,5/2/2014,Polymer,THERMALOPTICALPROPERTIESHYPERBRANCHEDFLUORINATEDPOLYIMIDEMESOPOROUSSIO2NANOCOMPOSITESEXHIBITINGHIGHTRANSPARENCYREDUCEDTHERMOOPTICALCOEFFICIENTS,SiO2,589.0,1.5318,10.1016/j.polymer.2014.04.040,O=[Si]=O,0,0
2854,12/28/2018,Journal of Luminescence,Size effect of nanocavity on the performance of InGaN/GaN nanorod based plasmonic nanolaser,SiO2,589.0,2.55,10.1016/j.jlumin.2018.12.062,O=[Si]=O,3,0
2855,8/22/2016,Polym. Chem.,"Traceless switch organocatalysis enables multiblock ring-opening copolymerizations of lactones, carbonates, and lactides: by a one plus one approach in one pot",ArCH2O,589.0,5.12,10.1039/C6PY01107A,C=O.[Ar],3,1
2856,5/29/2015,Journal of Molecular Liquids,THERMODYNAMICSTUDYASPIRININPRESENCEIONICLIQUID1HEXYL3METHYLIMIDAZOLIUMBROMIDEINACETONITRILET2881531815K,MeCN,589.0,1.3479,10.1016/j.molliq.2015.05.032,CC#N,0,0
2858,7/14/2016,Materials Letters,Hydrophobic antireflective coatings with ultralow refractive index synthesized by deposition of methylated hollow silica nanoparticles,silica,589.0,1.11,10.1016/j.matlet.2016.07.042,O=[Si]=O,3,0
2864,10/3/2013,Journal of Dentistry,EFFECTTHREEYEARCONSUMPTIONERYTHRITOLXYLITOLSORBITOLCANDIESVARIOUSPLAQUESALIVARYCARIESRELATEDVARIABLES,Sorbitol,589.0,3.81,10.1016/j.jdent.2013.09.007,C(C(C(C(C(CO)O)O)O)O)O,1,0
2866,8/2/2001,Journal of Molecular Structure: THEOCHEM,SOLVENTEFFECTELECTRONICSPECTRALSTUDIESFORESTIMATIONEXCITEDSTATEDIPOLEMOMENTSDI4ETHYLPHENYLCARBAZONENIIICUIIPDIICOMPLEXES,benzene,589.0,1.5093,10.1016/S0166-1280(01)00568-1,C1=CC=CC=C1,0,0
2867,5/1/2018,RSC Adv.,Influences of novel microwave drying on dissolution of new formulated naproxen sodium,acetone,589.0,1.6,10.1039/C8RA02106F,CC(=O)C,3,1
2868,7/25/2016,Physica E: Low-dimensional Systems and Nanostructures,MANGANESEEFFECTMAGNETISMOPTICALPROPERTIESESPECIALLYINTERBANDTRANSITIONSZINCSULPHIDE,ZnS,589.0,2.9,10.1016/j.physe.2016.07.023,C(CC(=O)OP(=O)(O)O)C(=O)O,2,0
2870,6/27/2018,Light: Science & Applications,Magnetic spin–orbit interaction of light,silicon nitride,589.0,1.45,10.1038/s41377-018-0018-9,N12[Si]34N5[Si]16N3[Si]25N46,2,2
2874,5/26/2018,Optics Communications,"Fabrication and characterization of a wide-bandgap and high-<mml:math xmlns:mml=""http://www.w3.org/1998/Math/MathML"" id=""mml20"" display=""inline"" overflow=""scroll"" altimg=""si7.gif""><mml:mi>Q</mml:mi></mml:math> terahertz distributed-Bragg-reflector micro cavities",silicon,589.0,1.56,10.1016/j.optcom.2018.05.010,[Si],3,0
2875,9/18/2004,The Journal of Chemical Thermodynamics,COEXISTENCECURVESFORQUARTERNARYMICROEMULSIONWATERKCLSODIUMDI2ETHYL1HEXYLSULPHOSUCCINATEDECANEINCRITICALREGION,KCl,632.8,1.3987,10.1016/j.jct.2004.07.026,[Cl-].[K+],0,0
2876,8/15/2015,Planetary and Space Science,COMETC2012S1ISONCOMACOMPOSITION4AUHSTOBSERVATIONS,blue line,589.0,3.4,10.1016/j.pss.2015.08.002,CN(C)CCN(CC1=CC=CS1)C2=CC=CC=N2.Cl,2,0
2877,5/26/2015,Chemical Society Reviews,Aqueous dye-sensitized solar cells ,TiO2,589.0,4.19,10.1039/C4CS00456F,O=[Ti]=O,1,1
2878,5/29/2018,BMC Biology,Light sheet theta microscopy for rapid high-resolution imaging of large biological samples,quartz,589.0,1.454,10.1186/s12915-018-0521-8,O=[Si]=O,2,2
2879,9/7/2018,Soil and Tillage Research,SHALLABANDONSEDIMENTATIONMETHODSFORPARTICLESIZEANALYSISINSOILS,Dolomite,589.0,1.5026,10.1016/j.still.2018.08.018,C(=O)([O-])[O-].C(=O)([O-])[O-].[Mg+2].[Ca+2],1,0
2881,10/27/2009,Journal of Materials Chemistry,Hydroxyapatite nanoparticles as novel low-refractive index additives for the long-term UV-photoprotection of transparent composite materials  ,Hydroxyapatite,589.0,1.6349999999999998,10.1039/B912116A,[OH-].[O-]P(=O)([O-])[O-].[O-]P(=O)([O-])[O-].[O-]P(=O)([O-])[O-].[Ca+2].[Ca+2].[Ca+2].[Ca+2].[Ca+2],1,1
2882,4/15/2013,Nanoscale Research Letters,Identification of water content in nanocavities,tip,589.0,2.0,10.1186/1556-276X-8-171,"CCC1C(C=C(C=CC(=O)C(CC(C(C(C(CC(=O)O1)O)C)OC2C(C(C(C(O2)C)O)N(C)C)O)CCN3CCCCC3)C)C)CN4CCCCC4
CCC1C(C=C(C=CC(=O)C(CC(C(C(C(CC(=O)O1)O)C)OC2C(C(C(C(O2)C)O)N(C)C)O)CCN3CCCCC3)C)C)CN4CCCCC4",2,2
2883,10/4/2017,Optical Materials,PHOTOLUMINESCENCEENHANCEDTHIRDORDERNONLINEAROPTICALPROPERTIESINZNOTHINFILMS,ZnO,589.0,2.5239,10.1016/j.optmat.2017.07.022,O=[Zn],1,0
2884,6/7/2018,Spectrochimica Acta Part A: Molecular and Biomolecular Spectroscopy,SYNTHESISPHOTOPHYSICALPROPERTIESDEUTERATIONPIRFENIDONE,Acetone,589.0,1.278,10.1016/j.saa.2018.06.016,CC(=O)C,1,0
2886,11/2/2018,Polymer Degradation and Stability,ANOVELSTARSHAPEDCARDANOLBASEDBIOPREPOLYMERSYNTHESISUVCURINGCHARACTERISTICSPROPERTIESCUREDFILMS,TMPTA,589.0,1.5544,10.1016/j.polymdegradstab.2018.10.025,CCC(COC(=O)C=C)(COC(=O)C=C)COC(=O)C=C,1,0
2887,4/26/2012,Computational Materials Science,FIRSTPRINCIPLESTUDIESSTRUCTURALELECTRONICOPTICALPROPERTIESINTERMETALLICSSEMICONDUCTINGCOMPOUNDSRUAL2RUGA2OSAL2,OsAl2,589.0,2.81,10.1016/j.commatsci.2012.02.040,[Al].[Al].[Os],0,0
2889,3/29/2011,Physical Chemistry Chemical Physics,Evaluation of a quantitative structure–property relationship ( QSPR ) for predicting mid-visible refractive index of secondary organic aerosol ( SOA ) ,2-Methylfuran,589.0,1.434,10.1039/C0CP02270E,CC1=CC=CO1,1,1
2890,1/20/2002,Fuel,TRIBOLOGICALBEHAVIORALKYLETHERSALCOHOLSINLOWSULFURAUTOMOTIVEDIESEL,Dioctyl ether,589.0,1.4318,10.1016/S0016-2361(02)00013-3,CCCCCCCCOCCCCCCCC,1,0
2891,6/2/1999,Journal of Membrane Science,EFFECTSOLVENTINCOMPETITIVEALKALIMETALCATIONTRANSPORTACROSSBULKLIQUIDMEMBRANESBYALIPOPHILICLARIATETHERCARBOXYLICACIDCARRIER,"1,1,1-Trichloroethane",589.0,1.4383,10.1016/S0376-7388(99)00054-X,CC(Cl)(Cl)Cl,1,0
2893,3/12/2001,Optics Communications,EIKONALEQUATIONALTERNATIVEEXPRESSIONFRESNELSEQUATIONMOHRSCONSTRUCTIONINOPTICALANISOTROPICMEDIA,calcite,589.0,1.496,10.1016/S0030-4018(01)01028-8,C(=O)([O-])[O-].[Ca+2],0,0
2894,8/21/2009,Journal of Colloid and Interface Science,SPECTRALPARAMETERSHAMAKERCONSTANTSSILICONHYDRIDECOMPOUNDSORGANICSOLVENTS,Diphenylsilane,589.0,1.5807,10.1016/j.jcis.2009.08.028,C1=CC=C(C=C1)[Si]C2=CC=CC=C2,0,0
2895,3/3/2014,The Journal of Chemical Thermodynamics,HEATCAPACITIESASYMMETRICCRITICALITYLIQUIDLIQUIDCOEXISTENCECURVESFORDIMETHYLCARBONATENUNDECANENTRIDECANE,dimethylcarbonate,632.8,1.3917,10.1016/j.jct.2014.02.016,COC(=O)OC,0,0
2898,10/31/2001,Fuel,REFRACTIVEINDEXMEASUREMENTSDILUTEDBITUMENSOLUTIONS,Toluene,589.0,1.564,10.1016/S0016-2361(01)00087-4,CC1=CC=CC=C1,0,0
2899,7/10/1998,Optical Materials,OPTICALELECTRONEGATIVITYREFRACTIVEINDEXMATERIALS,GaP,589.0,3.299,10.1016/S0925-3467(97)00171-7,"C(C(C=O)O)OP(=O)(O)O
C(C(C=O)O)OP(=O)(O)O
C(C(C=O)O)OP(=O)([O-])[O-]",1,0
2900,10/6/2016,International Journal of Applied Earth Observation and Geoinformation,REPARAMETERIZATIONAQUASIANALYTICALALGORITHMFORCOLOREDDISSOLVEDORGANICMATTERDOMINANTINLANDWATERS,DOC,589.0,1.17,10.1016/j.jag.2016.09.001,CC12CCC3C(C1CCC2C(=O)CO)CCC4=CC(=O)CCC34C,1,0
2901,3/15/2019,The Journal of Chemical Thermodynamics,PHASEEQUILIBRIACSCLPOLYETHYLENEGLYCOLPEGH2O29815KEFFECTDIFFERENTPOLYMERMOLARMASSESPEG100040006000,CsCl,589.0,1.3511,10.1016/j.jct.2019.03.020,[Cl-].[Cs+],0,0
2906,2/14/2013,Surface and Coatings Technology,PRODUCTIONPHOTOCATALYTICALLYACTIVETITANIALAYERSACOMPARISONPLASMAPROCESSESCOATINGPROPERTIES,titania,633.0,2.18,10.1016/j.surfcoat.2013.01.050,O=[Ti]=O,0,0
2907,1/9/2002,Journal of Petroleum Science and Engineering,STATISTICALANALYSISPARAMETERSAFFECTWETTINGFORCRUDEOILBRINEMICASYSTEM,heptane,589.0,1.52,10.1016/S0920-4105(01)00190-5,CCCCCCC,0,0
2908,10/20/2010,Journal of Non-Crystalline Solids,STRUCTURALOPTICALPROPERTIESTHINFILMSPREPAREDSURFACEMODIFIEDZRO2,ZrO2,589.0,1.562,10.1016/j.jnoncrysol.2010.09.034,O=[Zr]=O,0,0
2909,7/10/1998,Optical Materials,OPTICALELECTRONEGATIVITYREFRACTIVEINDEXMATERIALS,CsCl,589.0,2.05,10.1016/S0925-3467(97)00171-7,[Cl-].[Cs+],0,0
2910,2/18/2016,Radiation Physics and Chemistry,EXAMINATIONFORMATIONPROCESSPRESOLVATEDSOLVATEDELECTRONINNALCOHOLUSINGFEMTOSECONDPULSERADIOLYSIS,MeOH,589.0,1.32652,10.1016/j.radphyschem.2016.02.022,CO,0,0
2911,8/28/2015,Advanced Powder Technology,DISCOVERINGFEASIBILITYUSINGRADIATIONFORCESFORRECOVERINGRAREEARTHELEMENTSCOALPOWERPLANTBYPRODUCTS,Y2O3,532.0,1.94,10.1016/j.apt.2015.08.004,[O-2].[O-2].[O-2].[Y+3].[Y+3],0,0
2912,2/18/2016,Nanoscale,Topologically protected Dirac plasmons and their evolution across the quantum phase transition in a (Bi 1−x In x ) 2 Se 3 topological insulator  ,Al2O3,589.0,3.2,10.1039/C5NR02976G,[O-2].[O-2].[O-2].[Al+3].[Al+3],2,1
2915,11/27/2001,Journal of Food Engineering,ENTHALPIESMIXINGHEATCAPACITIESVISCOSITIESALCOHOLC1C4OLIVEOILMIXTURES29815K,1-Propanol,589.0,1.38354,10.1016/S0260-8774(01)00045-0,CCCO,1,0
2917,3/19/2001,ISA Transactions,MODELINGFABRICATIONOPTICALINTERFERENCERUGATEFILTERS,Nitrogen,589.0,1.5996,10.1016/S0019-0578(00)00023-9,N#N,0,0
2918,6/16/2012,Spectrochimica Acta Part A: Molecular and Biomolecular Spectroscopy,FLUORESCENTTURNONDETECTIONASSAYWATERBASED42DIMETHYLAMINOETHYLOXYNOCTADECYL18NAPHTHALIMIDEAGGREGATIONINDUCEDEMISSIONENHANCEMENT,Ethanol,510.0,1.36,10.1016/j.saa.2012.06.017,CCO,0,0
2922,6/25/2010,Energy Conversion and Management,CATALYTICPYROLYSISLDPELEADSVALUABLERESOURCERECOVERYREDUCTIONWASTEPROBLEMS,ZnO,589.0,1.419,10.1016/j.enconman.2010.06.016,O=[Zn],0,0
2923,4/18/2009,Fuel Processing Technology,OXIDATIVEDESULPHURIZATIONLIGHTCYCLEOIL,acetonitrile,589.0,1.489,10.1016/j.fuproc.2009.03.012,CC#N,0,0
2925,7/16/2007,Computational Materials Science,MODELFORCALCULATINGREFRACTIVEINDEXAIIIVSEMICONDUCTOR,GaP,589.0,3.0113,10.1016/j.commatsci.2007.05.023,"C(C(C=O)O)OP(=O)(O)O
C(C(C=O)O)OP(=O)(O)O
C(C(C=O)O)OP(=O)([O-])[O-]",1,0
2927,11/7/2007,Inorganica Chimica Acta,SYNTHESISSPECTRALPROPERTIESZRIVHFIVPHTHALOCYANINESDIKETONATESAXIALLIGANDS,Toluene,15.0,1.497,10.1016/j.ica.2007.11.003,CC1=CC=CC=C1,0,0
2929,6/7/2016,Journal of Molecular Liquids,SOLVATOCHROMISMINTRAMOLECULARHYDROGENBONDINGASSISTEDDIPOLEMOMENTPHENYL1HYDROXY2NAPHTHOATEINGROUNDEXCITEDSTATES,isoButanol,589.0,1.3959,10.1016/j.molliq.2016.06.019,CC(C)CO,0,0
2930,5/11/2018,Optical Materials,Strategies for the design of bright upconversion nanoparticles for bioanalytical applications,NaYF4,589.0,1.95,10.1016/j.optmat.2018.04.015,[F-].[F-].[F-].[F-].[Na+].[Y+3],3,0
2935,8/3/2017,Scientific Reports,Strong coupling and vortexes assisted slow light in plasmonic chain-SOI waveguide systems,Si3N4,589.0,3.47,10.1038/s41598-017-07700-z,N12[Si]34N5[Si]16N3[Si]25N46,2,2
2936,1/8/2011,Microelectronic Engineering,DEVELOPMENTMETALETCHMASKBYSINGLELAYERLIFTOFFFORSILICONNITRIDEPHOTONICCRYSTALS,SiN,589.0,2.01,10.1016/j.mee.2010.12.113,C(CC(=O)O)C(=O)O,2,0
2939,4/18/2005,Fluid Phase Equilibria,PHASEEQUILIBRIAINSYSTEMSISOBUTYLALCOHOLNNDIMETHYLFORMAMIDEISOBUTYLACETATENNDIMETHYLFORMAMIDEISOBUTYLALCOHOLISOBUTYLACETATENNDIMETHYLFORMAMIDE1013KPA,DMF,589.0,1.4265,10.1016/j.fluid.2005.03.014,CN(C)C=O,1,0
2940,11/30/2000,Fluid Phase Equilibria,VAPORLIQUIDEQUILIBRIAFORBIS222TRIFLUOROETHYLETHERSEVERALORGANICCOMPOUNDSCONTAININGOXYGEN,2-Propanol,589.0,1.37501,10.1016/S0378-3812(00)00419-2,CC(C)O,1,0
2941,2/2/2010,New Journal of Chemistry,Enhanced photoluminescence and the self-assembled fibrillar nanostructure of 5-(cholesteryloxy)methyl-8-hydroxyquinoline lithium in a gel state ,"1,2-Dichloroethane",589.0,1.442,10.1039/B9NJ00453J,C(CCl)Cl,1,1
2942,1/3/2012,Journal of Alloys and Compounds,ELLIPSOMETRICSTUDIESOPTICALPROPERTIESCOPPERDOPEDZINCOXIDEFILMSGLASSSUBSTRATES,ZnO,589.0,2.015,10.1016/j.jallcom.2011.12.141,O=[Zn],0,0
2944,10/12/2011,Physica E: Low-dimensional Systems and Nanostructures,EFFECTSCODOPINGPHASETRANSFORMATIONOPTICALPROPERTIESTIO2THINFILMSBYSOLGELMETHOD,TiO2,650.0,2.33,10.1016/j.physe.2011.09.020,O=[Ti]=O,0,0
2946,5/9/2008,Optical Materials,CORRELATIONBETWEENOPTICALELECTRONEGATIVITYREFRACTIVEINDEXTERNARYCHALCOPYRITESSEMICONDUCTORSINSULATORSOXIDESALKALIHALIDES,AgGaS2,589.0,2.41,10.1016/j.optmat.2008.03.010,[S-2].[S-2].[Ga+3].[Ag+],1,0
2948,7/3/2001,Journal of Molecular Structure: THEOCHEM,SOLVENTEFFECTGROUNDEXCITEDSTATEDIPOLEMOMENTSFLUORESCEIN,Methanol,456.0,1.328,10.1016/S0166-1280(01)00513-9,CO,0,0
2950,9/19/2018,The Journal of Chemical Thermodynamics,VOLUMETRICREFRACTIVEPROPERTIES1357TETRAVINYL1357TETRAMETHYLCYCLOTETRASILOXANEMETHOXYBENZENECHLOROBENZENETERTBUTYLBENZENENITROBENZENET2981531815K,methoxybenzene,589.0,1.50865,10.1016/j.jct.2018.09.021,COC1=CC=CC=C1,1,0
2951,4/21/2017,Ophthalmology,IMMEDIATESEQUENTIALVSDELAYEDSEQUENTIALBILATERALCATARACTSURGERY,Retinal,589.0,1.2,10.1016/j.ophtha.2017.03.034,CC1=C(C(CCC1)(C)C)C=CC(=CC=CC(=CC=O)C)C,1,0
2953,4/16/2009,Journal of Molecular Liquids,ASTUDYDIELECTRICPROPERTIESREFRACTIVEINDICESANILINEBENZENETOLUENEOXYLENEPXYLENE29815K,aniline,589.0,2.4724,10.1016/j.molliq.2009.04.002,C1=CC=C(C=C1)N,0,0
2955,2/1/2008,J. Mater. Chem.,High refractive index polyimide–nanocrystalline-titania hybrid optical materials,titania,589.0,1.943,10.1039/B717069F,O=[Ti]=O,3,1
2956,11/26/2007,Superlattices and Microstructures,COPPERCONTAININGNANOPOROUSFILMS,silica,589.0,1.15,10.1016/j.spmi.2007.10.009,O=[Si]=O,0,0
2957,5/13/1998,Solid State Communications,SUBPICOSECONDCARRIERDYNAMICSINGAASSTUDIEDOPTICALHETERODYNEDETECTION,GaAs,589.0,1.4,10.1016/S0038-1098(97)00230-5,[Ga]#[As],2,0
2958,11/3/2017,Renewable and Sustainable Energy Reviews,REVIEWNANOSTRUCTUREDNIOTHINFILMDEPOSITIONUSINGSPRAYPYROLYSISTECHNIQUE,NiO,589.0,2.1818,10.1016/j.rser.2017.10.041,C1=CC(=CN=C1)C(=O)O,2,0
2959,2/28/2014,Chemical Engineering Science,LAMPEMISSIONQUARTZSLEEVEMODELLINGINSLURRYPHOTOCATALYTICREACTORS,Quartz,589.0,1.47522,10.1016/j.ces.2014.02.023,O=[Si]=O,1,0
2961,10/22/2014,International Communications in Heat and Mass Transfer,OPTICALPROPERTIESMETALOXIDESBASEDNANOFLUIDS,Al2O3,1050.0,1.7539,10.1016/j.icheatmasstransfer.2014.10.010,[O-2].[O-2].[O-2].[Al+3].[Al+3],0,0
2962,2/13/2010,Sensors and Actuators A: Physical,ELECTROMAGNETICFIELDSDISTRIBUTIONINMULTILAYERTHINFILMSTRUCTURESORIGINSENSITIVITYENHANCEMENTINSURFACEPLASMONRESONANCESENSORS,Silver,589.0,1.49,10.1016/j.sna.2010.02.005,[Ag],0,0
2963,5/1/2017,Journal of Molecular Liquids,VOLUMETRICACOUSTICSPECTROSCOPICSTUDY1BUTYL3METHYLIMIDAZOLIUMTRIFLUOROMETHANESULFONATEALKOXYALKANOLSDIFFERENTTEMPERATURES,DEGMEE,589.0,1.4183,10.1016/j.molliq.2017.04.129,CCOCCOCCO,0,0
2964,5/30/2013,The Journal of Chemical Thermodynamics,DENSITIESREFRACTIVEINDICESVISCOSITIESNNDIETHYLETHANOLAMMONIUMCHLORIDEGLYCEROLETHYLENEGLYCOLDEEPEUTECTICSOLVENTSAQUEOUSSOLUTIONS,H2O,589.0,1.38797,10.1016/j.jct.2013.05.041,O,0,0
2965,5/13/2003,Spectrochimica Acta Part A: Molecular and Biomolecular Spectroscopy,SPECTROSCOPICSTUDYANTILEISHMANIALDRUGINCUBATEDINPROMASTIGOTESLEISHMANIAMEXICANA,Ethanol,589.0,1.3651,10.1016/S1386-1425(03)00136-7,CCO,0,0
2967,1/24/2000,Colloids and Surfaces A: Physicochemical and Engineering Aspects,ARHODAMINEACYANINEDYEWATERSURFACESTUDIEDBYLASERINDUCEDFLUORESCENCEMICROSCOPY,Dimethyl sulfoxide,589.0,1.478,10.1016/S0927-7757(99)00383-0,CS(=O)C,1,0
2968,8/13/2018,Sensors and Actuators B: Chemical,SURFACEPLASMONRESONANCEBIOSENSORBASEDGRAPHENEOXIDESILVERCOATEDPOLYMERCLADDINGSILICAFIBER,silver,589.0,1.341,10.1016/j.snb.2018.08.065,[Ag],0,0
2969,4/18/2006,Journal of Luminescence,OPTICALPROPERTIESHO3DOPEDNOVELOXYFLUORIDEGLASSES,LaF3,589.0,1.86,10.1016/j.jlumin.2006.02.017,F[La](F)F,0,0
2973,12/25/2004,Optics & Laser Technology,LASERBASEDOPTICALFACILITYFORDETERMINATIONREFRACTIVEINDEXLIQUIDS,Acetone,589.0,1.35783,10.1016/j.optlastec.2004.10.005,CC(=O)C,1,0
2974,11/29/2000,Journal of Organometallic Chemistry,THERMOCHROMISMSOLVATOCHROMISMNONIONICPOLARPOLYSILANES,H2O,299.6,1.3325,10.1016/S0022-328X(00)00433-2,O,0,0
2975,11/7/2011,International Journal of Pharmaceutics,AEROSOLIZEDSEMIFLUORINATEDALKANESEXCIPIENTSSUITABLEFORINHALATIVEDRUGDELIVERYAPILOTSTUDY,EtOH,589.0,1.3325,10.1016/j.ijpharm.2011.10.051,CCO,0,0
2977,2/15/2009,Inorganica Chimica Acta,CONDUCTOMETRICVOLTAMMETRICSTUDIESBISTRIPHENYLPHOSPHINERUTHENIUMIICOMPLEXCISRUCL2LPPH32L22PYRIDYLQUINOXALINE,DMSO,589.0,1.4658,10.1016/j.ica.2009.02.005,CS(=O)C,0,0
2979,9/21/2017,Journal of Non-Crystalline Solids,CORRELATIONBETWEENSTRUCTURALOPTICALELECTRICALPROPERTIESINMIXEDALKALIFLUOROBORATEGLASSESCONTAININGVANADIUMIONS,fluoroborate,589.0,2.488,10.1016/j.jnoncrysol.2017.08.031,[B-](F)(F)(F)F,0,0
2980,10/4/2012,Physica B: Condensed Matter,STRUCTURALELECTRONICOPTICALRESPONSEIIAVIACOMPOUNDSTHROUGHMODIFIEDBECKEJOHNSONPOTENTIAL,BaPo,589.0,3.15728,10.1016/j.physb.2012.09.050,[Ba].[Po],1,0
2981,2/28/2017,The Journal of Chemical Thermodynamics,THERMODYNAMICBEHAVIORETHANOLBUTYLPYRIDINIUMTETRAFLUOROBORATEBINARYSOLUTIONINCRITICALREGION,ethanol,632.8,1.3809,10.1016/j.jct.2017.02.014,CCO,0,0
2982,11/17/2007,Fluid Phase Equilibria,MEASUREMENTCORRELATIONBINARYVAPORLIQUIDEQUILIBRIAISOMERICBUTANOLS14DIOXANE,2-Methyl-1-propanol,589.0,1.3939,10.1016/j.fluid.2007.11.002,CC(C)CO,1,0
2983,4/30/2016,Journal of Molecular Liquids,ULTRASONICSPEEDSVISCOSITIESREFRACTIVEINDICESFTIRSPECTROSCOPICSTUDIESOXYGENATEALIPHATICAROMATICHYDROCARBONS29815K30815K,1-Propanol,589.0,1.401,10.1016/j.molliq.2016.04.011,CCCO,1,0
2985,6/4/2016,Sensors and Actuators A: Physical,LIQUIDREFRACTOMETERBASEDMIRRORLESSFIBEROPTICDISPLACEMENTSENSOR,Sucrose,589.0,1.3672,10.1016/j.sna.2016.05.040,C(C1C(C(C(C(O1)OC2(C(C(C(O2)CO)O)O)CO)O)O)O)O,1,0
2990,2/1/2011,Journal of Inorganic Biochemistry,NEWADVANCESINSTUDYINTERACTIONCRPHEN2DPPZ3COMPLEXBIOLOGICALMODELSASSOCIATIONTRANSPORTINGPROTEINS,Cr(III),589.0,1.3,10.1016/j.jinorgbio.2010.10.018,[Cr+3],2,0
2992,2/6/2019,Optics & Laser Technology,SPECTROCHEMICALSTUDYMOLDAVITESRIESIMPACTSTRUCTUREGERMANYUSINGLIBS,CaO,589.0,2.41,10.1016/j.optlastec.2019.01.028,O=[Ca],1,0
2993,8/20/2012,Lab on a Chip,An electrokinetically tunable optofluidic bi-concave lens  ,ethanol,589.0,1.412,10.1039/C2LC40406K,CCO,2,1
2995,9/8/2015,Applied Surface Science,Substrate effect of laser surface sub-micro patterning by means of self-assembly SiO2 microsphere array,silica,589.0,3.158,10.1016/j.apsusc.2015.09.066,O=[Si]=O,3,0
2996,12/11/2014,Fluid Phase Equilibria,SOLIDLIQUIDEQUILIBRIAINQUINARYSYSTEMLICLKCLRBCLMGCL2H2OT323K,KI,589.0,1.4348,10.1016/j.fluid.2014.12.021,[K+].[I-],0,0
2997,6/22/2011,Spectrochimica Acta Part A: Molecular and Biomolecular Spectroscopy,EXPERIMENTALTHEORETICALSTUDYEXITEDSTATEAMINOSTYRYLTERPYRIDINEDERIVATIVESHYDROGENBONDINGEFFECTS,"1,4-Dioxane",589.0,1.42,10.1016/j.saa.2011.06.011,C1COCCO1,1,0
3002,7/10/1998,Optical Materials,OPTICALELECTRONEGATIVITYREFRACTIVEINDEXMATERIALS,PbTe,589.0,3.89,10.1016/S0925-3467(97)00171-7,[Te]=[Pb],1,0
3007,3/9/2018,The Journal of Supercritical Fluids,EXTRACTIONBARUDIPTERYXALATAVOGELSEEDOILUSINGCOMPRESSEDSOLVENTSTECHNOLOGY,Propane,589.0,1.469,10.1016/j.supflu.2018.03.004,CCC,0,0
3009,6/22/2015,Journal of Alloys and Compounds,Thickness dependence of dispersion parameters of the MoOx thin films prepared using the vacuum evaporation technique,MoO3,589.0,2.5,10.1016/j.jallcom.2015.06.164,O=[Mo](=O)=O,3,0
3011,6/1/2018,Ceramics International,Gahnite white colour glazes in ZnO–R2O–RO–Al2O3–SiO2 system,SnO2,589.0,2.04,10.1016/j.ceramint.2018.05.265,O=[Sn]=O,3,0
3013,12/11/2002,Optical Materials,EQUIVALENCEBETWEENCLAUSIUSMOSSOTTIOPTICALELECTRONEGATIVITYRELATIONS,MgO,589.0,1.74,10.1016/S0925-3467(02)00231-8,O=[Mg],1,0
3014,12/30/2015,Journal of Pharmaceutical Sciences,UTILIZINGDYNAMICLIGHTSCATTERINGAPROCESSANALYTICALTECHNOLOGYFORPROTEINFOLDINGAGGREGATIONMONITORINGINVACCINEMANUFACTURING,Urea,589.0,1.333,10.1002/jps.23746,C(=O)(N)N,0,0
3019,7/2/2013,International Journal of Greenhouse Gas Control,THERMODYNAMICPROMOTIONCARBONDIOXIDECLATHRATEHYDRATEFORMATIONBYTETRAHYDROFURANCYCLOPENTANEMIXTURES,THF,589.0,1.348104,10.1016/j.ijggc.2013.05.022,C1CCOC1,0,0
3021,12/19/2000,Ceramics International,DISPERSIONBEHAVIORSICNNANOPOWDERSINORGANICLIQUIDS,n-Octanol,589.0,1.4295,10.1016/S0272-8842(00)00044-4,CCCCCCCCO,0,0
3022,3/16/2016,Physical Chemistry Chemical Physics,Molecular interactions between ammonium-based ionic liquids and molecular solvents: current progress and challenges  ,Methylammonium formate,589.0,1.4542,10.1039/C6CP00199H,C[NH3+].C(=O)[O-],1,1
3023,8/6/2007,J. Environ. Monit.,Grain-size analysis of volcanic ash for the rapid assessment of respiratory health hazard,SiO2,589.0,1.61,10.1039/B710583P,O=[Si]=O,3,1
3024,10/11/2011,Chemical Science,Practical computation of electronic excitation in solution: vertical excitation model  ,Acrolein,589.0,2.19,10.1039/C1SC00313E,C=CC=O,1,1
3026,4/30/2016,Journal of Molecular Liquids,ULTRASONICSPEEDSVISCOSITIESREFRACTIVEINDICESFTIRSPECTROSCOPICSTUDIESOXYGENATEALIPHATICAROMATICHYDROCARBONS29815K30815K,1-Propanol,589.0,1.455,10.1016/j.molliq.2016.04.011,CCCO,0,0
3030,12/17/2001,Vacuum,COMPOSITIONSTRUCTURESILICONCARBIDEALLOYSOBTAINEDBYHOTWIREHOTWIREPLASMAASSISTEDTECHNIQUES,C2H4,589.0,2.3,10.1016/S0042-207X(01)00296-2,C=C,0,0
3032,2/28/2017,The Journal of Chemical Thermodynamics,THERMODYNAMICBEHAVIORETHANOLBUTYLPYRIDINIUMTETRAFLUOROBORATEBINARYSOLUTIONINCRITICALREGION,ethanol,632.8,1.4304,10.1016/j.jct.2017.02.014,CCO,0,0
3034,6/7/2016,Journal of Molecular Liquids,SOLVATOCHROMISMINTRAMOLECULARHYDROGENBONDINGASSISTEDDIPOLEMOMENTPHENYL1HYDROXY2NAPHTHOATEINGROUNDEXCITEDSTATES,2-Propanol,589.0,1.3772,10.1016/j.molliq.2016.06.019,CC(C)O,0,0
3036,5/2/2013,Journal of Physics and Chemistry of Solids,PHASETRANSITIONBCTSPINELSTRUCTUREINCDAL2SE4OPTICALPROPERTIES,Spinel,589.0,2.58,10.1016/j.jpcs.2013.04.010,O=[Al-]=O.O=[Al-]=O.[Mg+2],1,0
3037,12/11/2014,RSC Advances,Photophysics of lumichrome in anionic and cationic micellar media  ,DTAB,589.0,5.18,10.1039/C4RA14998J,CCCCCCCCCCCC[N+](C)(C)C.[Br-],1,1
3039,7/14/2004,Spectrochimica Acta Part A: Molecular and Biomolecular Spectroscopy,EFFECTSPRESSURESOLVENTSINFRAREDABSORPTIONINTENSITYOHSTRETCHINGMODEPHENOLINSOLUTIONS,carbon tetrachloride,589.0,1.4595,10.1016/j.saa.2004.02.029,C(Cl)(Cl)(Cl)Cl,1,0
3040,4/7/2003,Journal of Crystal Growth,Experimental extract and empirical formulas of refractive indices of GaAs and AlAs at high temperature by HRXRD and optical reflectivity measurement,GaAs,589.0,3.8558,10.1016/S0022-0248(02)02207-8,[Ga]#[As],3,0
3041,11/24/2011,Optics Communications,MONOLITHICALLYINTEGRATEDTUNABLEDUALWAVELENGTHPHOTODETECTORFLATTOPRESPONSE,GaAs,589.0,3.53,10.1016/j.optcom.2011.11.019,[Ga]#[As],0,0
3043,3/11/1999,Journal of Non-Crystalline Solids,FLUOROPHOSPHATECLADDINGGLASSESFORFLUORIDEGLASSFIBERS,Fluorophosphate,589.0,1.5499999999999998,10.1016/S0022-3093(97)00092-6,[O-]P(=O)([O-])F,0,0
3044,9/11/2004,Chemical Physics,COEXISTENCECURVESAMPLITUDESCALINGCRITICALSOLUTIONSCYCLOALKANEINNMETHYL2PYRROLIDONE,methylcyclopentane,632.8,1.4214,10.1016/j.chemphys.2004.07.046,CC1CCCC1,0,0
3045,4/19/2009,Optics and Lasers in Engineering,USHAPEDOPTICALFIBERSENSORBASEDMULTIPLETOTALINTERNALREFLECTIONSINHETERODYNEINTERFEROMETRY,alcohol,589.0,1.353,10.1016/j.optlaseng.2009.03.010,CCO,0,0
3046,1/26/2011,The Journal of Chemical Thermodynamics,ISOBARICVAPORLIQUIDEQUILIBRIA1ETHYL3METHYLIMIDAZOLIUMETHYLSULFATEPLUSPROPIONALDEHYDEVALERALDEHYDEEXPERIMENTALDATAPREDICTION,Propionaldehyde,589.0,1.4789,10.1016/j.jct.2011.01.008,CCC=O,1,0
3047,7/3/2012,Lab on a Chip,Lab-in-a-tube: on-chip integration of glass optofluidic ring resonators for label-free sensing applications  ,glucose,589.0,1.3369,10.1039/C2LC40275K,C(C1C(C(C(C(O1)O)O)O)O)O,1,1
3049,5/9/2016,Applied Surface Science,EFFECTAMORPHOUSSILICONSURFACEHYDROGENATIONMORPHOLOGYWETTABILITYIMPLICATIONADSORPTIONPROTEINS,Si1H,630.0,1.57,10.1016/j.apsusc.2016.05.013,[SiH],0,0
3050,9/19/2008,The Journal of Chemical Thermodynamics,MIXINGPROPERTIESTRIS2HYDROXYETHYLMETHYLAMONIUMMETHYLSULFATEWATERMETHANOL29815KDATATREATMENTUSINGSEVERALCORRELATIONEQUATIONS,methanol,589.0,1.47693,10.1016/j.jct.2008.09.009,CO,0,0
3052,2/14/2013,Journal of Molecular Liquids,MOLECULARINTERACTIONCOSOLUBILIZATIONORGANICPOLLUTANTSECOTOXICITYAPOTENTIALCARCINOGENICFUELADDITIVEMTBEINWATER,MTBE,589.0,1.37456,10.1016/j.molliq.2013.01.022,CC(C)(C)OC,1,0
3053,8/17/2012,Solid State Sciences,TEMPERATUREDEPENDENCEREFRACTIVEINDEXELECTRONICPOLARIZABILITYROTEO2GLASSESRMGBAZN,BaO,589.0,2.0615,10.1016/j.solidstatesciences.2012.08.005,O=[Ba],0,0
3054,12/3/2008,Journal of Luminescence,OPTICALSTUDYPLANARWAVEGUIDESBASEDOXIDIZEDPOROUSSILICONIMPREGNATEDLASERDYES,silicon,445.0,1.78,10.1016/j.jlumin.2008.11.013,[Si],0,0
3055,12/10/2016,Journal of the European Ceramic Society,SURFACEMODIFICATIONAL2O3DICARBOXYLICACIDSFORPREPARATIONUVCURABLECERAMICSUSPENSIONS,Adipic acid,589.0,1.3939,10.1016/j.jeurceramsoc.2016.12.013,C(CCC(=O)O)CC(=O)O,1,0
3059,7/10/1998,Optical Materials,OPTICALELECTRONEGATIVITYREFRACTIVEINDEXMATERIALS,TiO2,589.0,2.886,10.1016/S0925-3467(97)00171-7,O=[Ti]=O,1,0
3060,7/22/2015,Fluid Phase Equilibria,EXPERIMENTALISOBARICVAPORLIQUIDEQUILIBRIUMSUBATMOSPHERICLOCALATMOSPHERICPRESSURESVOLUMETRICPROPERTIESMOLARREFRACTIVITY2931531315KWATERTRIETHYLENEGLYCOL,TEG,589.0,1.46216,10.1016/j.fluid.2015.07.030,C(COCCOCCO)O,0,0
3062,4/30/2016,Journal of Molecular Liquids,ULTRASONICSPEEDSVISCOSITIESREFRACTIVEINDICESFTIRSPECTROSCOPICSTUDIESOXYGENATEALIPHATICAROMATICHYDROCARBONS29815K30815K,n-Hexane,589.0,1.49792,10.1016/j.molliq.2016.04.011,CCCCCC,1,0
3063,11/1/2016,The Journal of Chemical Thermodynamics,LIQUIDLIQUIDPHASEEQUILIBRIUMHEATCAPACITYBINARYSOLUTION2PROPANOL1OCTYL3METHYLIMIDAZOLIUMHEXAFLUOROPHOSPHATE,2-propanol,632.8,1.3776,10.1016/j.jct.2016.10.047,CC(C)O,0,0
3065,2/6/2019,Journal of Food Composition and Analysis,CHARACTERIZATIONSUGARCOMPOSITIONINCHINESEROYALJELLYBYIONCHROMATOGRAPHYPULSEDAMPEROMETRICDETECTION,Maltotriose,589.0,1.4,10.1016/j.jfca.2019.01.003,"C(C1C(C(C(C(O1)OC2C(OC(C(C2O)O)OC3C(OC(C(C3O)O)O)CO)CO)O)O)O)O
C(C1C(C(C(C(O1)OC2C(OC(C(C2O)O)OC3C(OC(C(C3O)O)O)CO)CO)O)O)O)O
C(C1C(C(C(C(O1)OC2C(OC(C(C2O)O)OC3C(OC(C(C3O)O)O)CO)CO)O)O)O)O
C(C1C(C(C(C(O1)OC2C(OC(C(C2O)O)OC3C(OC(C(C3O)O)O)CO)CO)O)O)O)O
C(C1C(C(C(C(O1)OC2C(OC(C(C2O)O)OC3C(OC(C(C3O)O)O)CO)CO)O)O)O)O
C(C1C(C(C(C(O1)OC2C(OC(C(C2O)O)OC3C(OC(C(C3O)O)O)CO)CO)O)O)O)O
C(C1C(C(C(C(O1)OC2C(OC(C(C2O)O)OC3C(OC(C(C3O)O)O)CO)CO)O)O)O)O",1,0
3067,12/11/2014,Fluid Phase Equilibria,SOLIDLIQUIDEQUILIBRIAINQUINARYSYSTEMLICLKCLRBCLMGCL2H2OT323K,KI,589.0,1.4366,10.1016/j.fluid.2014.12.021,[K+].[I-],0,0
3068,12/8/2013,Applied Clay Science,CHARACTERIZATIONTERAHERTZFREQUENCYOPTICALCONSTANTSMONTMORILLONITE,Montmorillonite,589.0,2.24,10.1016/j.clay.2013.11.006,O.[O-2].[O-2].[O-2].O=[Si]=O.O=[Si]=O.O=[Si]=O.O=[Si]=O.[Al+3].[Al+3],1,0
3072,3/29/2010,Journal of the Taiwan Institute of Chemical Engineers,COMPARATIVESTUDYSEPARATIONCHARACTERIZATIONHIGHMELTINGPOINTMACROMICROCRYSTALLINEWAXES,Butylacetate,589.0,1.4313,10.1016/j.jtice.2009.09.003,"CCCCCC(=O)[O-]
CCCCCC(=O)O",0,0
3074,9/20/2018,New J. Chem.,Synthesis and properties of ionic liquids based on mecoprop,C4H9,589.0,1.526,10.1039/C8NJ03435D,CC(C)[CH2],0,1
3075,9/16/2014,Journal of Luminescence,PREPARATIONCHARACTERIZATIONPYRROMETHENE567DYEDOPEDPOLYMERSAMPLESUSINGGAMMAIRRADIATIONPOLYMERIZATIONMETHODGIPM,HEMA,589.0,1.52,10.1016/j.jlumin.2014.08.032,CC(=C)C(=O)OCCO,1,0
3083,4/4/2018,Journal of Non-Crystalline Solids,DIFFERENTPROPERTYSTUDIESNETWORKIMPROVEMENTCDODOPEDALKALIBORATEGLASS,CdO,589.0,2.332,10.1016/j.jnoncrysol.2018.03.051,O=[Cd],0,0
3085,1/6/2016,The Journal of Chemical Thermodynamics,PHYSICOCHEMICALPROPERTIES135TRIMETHYL135TRIS333TRIFLUOROPROPYLCYCLOTRISILOXANEVARIOUSAROMATICHYDROCARBONST3081532315K,nitrobenzene,589.0,1.37871,10.1016/j.jct.2015.12.025,C1=CC=C(C=C1)[N+](=O)[O-],1,0
3088,12/27/2012,Journal of King Saud University - Science,STRUCTURALOPTICALPROPERTIESZNOTHINFILMSPREPAREDDIFFERENTRFSPUTTERINGPOWER,ZnO,589.0,2.009,10.1016/j.jksus.2012.12.004,O=[Zn],1,0
3089,2/24/2006,Simulation Modelling Practice and Theory,USINGBRDFFORRADIANCELUMINANCECALCULATION,opaline,589.0,1.5,10.1016/j.simpat.2005.12.001,O=[Ce]=O,0,0
3090,3/28/2003,Surface and Coatings Technology,CHARACTERIZATIONLOWDIELECTRICCONSTANTSIOCTHINFILMSDEPOSITEDBYPECVDFORINTERLAYERDIELECTRICSMULTILEVELINTERCONNECTION,SiOF,589.0,1.42,10.1016/S0257-8972(03)00233-0,O(F)[Si],1,0
3091,5/9/2008,Optical Materials,CORRELATIONBETWEENOPTICALELECTRONEGATIVITYREFRACTIVEINDEXTERNARYCHALCOPYRITESSEMICONDUCTORSINSULATORSOXIDESALKALIHALIDES,PbSe,589.0,3.82,10.1016/j.optmat.2008.03.010,C1CC(=O)N(C1=O)OC(=O)CCCC2=C3C=CC4=CC=CC5=C4C3=C(C=C5)C=C2,1,0
3092,5/3/2006,Journal of Petroleum Science and Engineering,VARIATIONSINWETTINGBEHAVIORMIXEDWETCORESRESULTINGPROBEOILSOLVENCYEXPOSURESYNTHETICOILBASEDMUDEMULSIFIERS,Toluene,589.0,1.4945,10.1016/j.petrol.2006.03.006,CC1=CC=CC=C1,1,0
3095,2/12/2018,Optics Communications,EXPERIMENTALDEMONSTRATIONHIGHSENSITIVITYFORSILVERRECTANGULARGRATINGCOUPLEDSURFACEPLASMONRESONANCESPRSENSING,glucose,589.0,1.355,10.1016/j.optcom.2018.02.010,C(C1C(C(C(C(O1)O)O)O)O)O,0,0
3097,8/12/2011,Optical Materials,SPECTROSCOPICELLIPSOMETRYANALYSESTHINFILMSINDIFFERENTENVIRONMENTSINNOVATIVEREVERSESIDEAPPROACHALLOWINGMULTIANGLEMEASUREMENTS,ethanol,589.0,2.035,10.1016/j.optmat.2011.07.014,CCO,1,0
3098,3/29/2003,Journal of Photochemistry and Photobiology A: Chemistry,SPECTRALLUMINESCENTSOLVATOCHROMICPROPERTIESANTICANCERDRUGCAMPTOTHECIN,Iso-propanol,589.0,1.3747,10.1016/S1010-6030(03)00098-4,CC(C)O,1,0
3099,6/6/2012,The Journal of Chemical Thermodynamics,LIQUIDLIQUIDCOEXISTENCECURVESBENZONITRILENPENTADECANEBENZONITRILENHEPTADECANEINCRITICALREGION,n-Pentadecane,589.0,1.4301,10.1016/j.jct.2012.05.030,CCCCCCCCCCCCCCC,1,0
3103,6/6/2000,Synthetic Metals,ELLIPSOMETRICATOMICFORCEMICROSCOPICINVESTIGATIONSPOLYPARAPHENYLENEVINYLENEPOLYPHENYLQUINOXALINETHINFILMS,Silicon,589.0,1.456,10.1016/S0379-6779(99)00318-5,[Si],1,0
3105,3/6/2006,Bioorganic & Medicinal Chemistry,SYNTHESISBIODISTRIBUTION11CR107474ANEWRADIOLABELED2ADRENOCEPTORANTAGONIST,5-HT,589.0,3.0,10.1016/j.bmc.2006.02.029,C1=CC2=C(C=C1O)C(=CN2)CCN,1,0
3109,11/1/2017,Superlattices and Microstructures,SUSPENDEDLIGHTEMITTINGDIODEFEATURINGABOTTOMDIELECTRICDISTRIBUTEDBRAGGREFLECTOR,Ta2O5,589.0,2.146,10.1016/j.spmi.2017.10.037,[O-2].[O-2].[O-2].[O-2].[O-2].[Ta+5].[Ta+5],2,0
3110,11/1/2007,Current Applied Physics,ACOMPARATIVEMORPHOLOGICALSTUDYELECTRONBEAMCODEPOSITEDBINARYOPTICALTHINFILMSHFO2SIO2ZRO2SIO2,ZrO2,550.0,2.004,10.1016/j.cap.2007.10.061,O=[Zr]=O,0,0
3111,10/20/2010,Journal of Non-Crystalline Solids,STRUCTURALOPTICALPROPERTIESTHINFILMSPREPAREDSURFACEMODIFIEDZRO2,TiO2-ZrO2,589.0,1.595,10.1016/j.jnoncrysol.2010.09.034,O=[Ti]=O.O=[Zr]=O,0,0
3112,4/7/2016,Optik,SLOWLIGHTGENERATIONVIASTIMULATEDBRILLOUINSCATTERINGINLIQUIDFILLEDPHOTONICCRYSTALFIBERS,silica,589.0,1.446,10.1016/j.ijleo.2016.04.017,O=[Si]=O,2,0
3113,3/20/2004,Colloids and Surfaces A: Physicochemical and Engineering Aspects,COLLOIDALPROPERTIESBENZYLPENICILLIN,Cloxacillin,589.0,3.36,10.1016/j.colsurfa.2004.01.005,CC1=C(C(=NO1)C2=CC=CC=C2Cl)C(=O)NC3C4N(C3=O)C(C(S4)(C)C)C(=O)O,1,0
3117,3/28/2015,Fluid Phase Equilibria,ATMOSPHERICDENSITIESINTERFACIALTENSIONSFOR1ALKANOL1BUTANOL1OCTANOLWATERETHERMTBEETBEDIPETAMETHPWATERDEMIXEDMIXTURES,1-Heptanol,589.0,1.42384,10.1016/j.fluid.2015.03.040,CCCCCCCO,0,0
3118,3/26/2019,The Journal of Chemical Thermodynamics,LIQUIDLIQUIDEQUILIBRIUMHEATCAPACITYFORCRITICALBINARYSOLUTIONNDECANEBENZONITRILE,n-decane,632.8,1.4481,10.1016/j.jct.2019.03.035,CCCCCCCCCC,0,0
3119,2/18/2019,Solar Energy,ENHANCEMENTPLASMONICTRANSMITTANCEPOROUSGOLDTHINFILMSVIAGOLDMETALOXIDEBILAYERSFORSOLARENERGYSAVINGAPPLICATIONS,NiO,589.0,2.09,10.1016/j.solener.2019.02.025,C1=CC(=CN=C1)C(=O)O,1,0
3120,5/31/2010,Vacuum,EFFECTSOXYGENFLOWRATEMICROSTRUCTUREOPTICALPROPERTIESALUMINUMOXIDEFILMSDEPOSITEDBYELECTRONBEAMEVAPORATIONTECHNIQUE,oxygen,1200.0,1.751,10.1016/j.vacuum.2010.05.017,O=O,0,0
3122,7/30/2007,Solid-State Electronics,RADIATIVELINEWIDTHASINGLEIMPURITYMOLECULEINABIREFRINGENTCRYSTAL,Fluorene,589.0,1.525,10.1016/j.sse.2007.06.004,C1C2=CC=CC=C2C3=CC=CC=C31,1,0
3124,2/8/2003,Journal of Luminescence,COMPARATIVESTUDYSINGULARITYINOPTICALPROPERTIESCONGRUENTDOPEDLINBO3CRYSTALS,LiNbO3,589.0,4.6,10.1016/S0022-2313(02)00507-0,[Li+].[O-][Nb](=O)=O,2,0
3127,1/6/2016,The Journal of Chemical Thermodynamics,PHYSICOCHEMICALPROPERTIES135TRIMETHYL135TRIS333TRIFLUOROPROPYLCYCLOTRISILOXANEVARIOUSAROMATICHYDROCARBONST3081532315K,nitrobenzene,589.0,1.36984,10.1016/j.jct.2015.12.025,C1=CC=C(C=C1)[N+](=O)[O-],1,0
3129,4/19/2001,Journal of Photochemistry and Photobiology A: Chemistry,PHOTOPHYSICALAGGREGATIONPROPERTIESALONGCHAINSQUARYLIUMINDOCYANINEDYE,Heptane,635.5,1.3876,10.1016/S1010-6030(01)00405-1,CCCCCCC,0,0
3130,6/25/2010,Energy Conversion and Management,CATALYTICPYROLYSISLDPELEADSVALUABLERESOURCERECOVERYREDUCTIONWASTEPROBLEMS,SiO2,589.0,1.404,10.1016/j.enconman.2010.06.016,O=[Si]=O,0,0
3131,9/19/2008,The Journal of Chemical Thermodynamics,MIXINGPROPERTIESTRIS2HYDROXYETHYLMETHYLAMONIUMMETHYLSULFATEWATERMETHANOL29815KDATATREATMENTUSINGSEVERALCORRELATIONEQUATIONS,methanol,589.0,1.46407,10.1016/j.jct.2008.09.009,CO,0,0
3132,1/14/2003,Astroparticle Physics,COSMICRAYPROTONHELIUMSPECTRAMEASUREDCAPRICE98BALLOONEXPERIMENT,Helium,589.0,3.73,10.1016/S0927-6505(02)00267-0,[He],1,0
3135,10/31/2006,Thin Solid Films,MODELINGNONSTOICHIOMETRICSILICONOXIDESOBTAINEDBYPLASMAENHANCEDCHEMICALVAPOURDEPOSITIONPROCESS,Silicon,589.0,1.754,10.1016/j.tsf.2006.09.032,[Si],0,0
3136,5/12/1999,Optics Communications,DISPERSIONEQUATIONCOEFFICIENTSFORREFRACTIVEINDEXBIREFRINGENCECALCITEQUARTZCRYSTALS,calcite,1042.0,1.47985,10.1016/S0030-4018(99)00091-7,C(=O)([O-])[O-].[Ca+2],0,0
3137,7/3/2017,Chemical Society Reviews,Tip-enhanced Raman spectroscopy for surfaces and interfaces ,AlF3,589.0,1.4,10.1039/C7CS00206H,F[Al](F)F,2,1
3140,7/24/2001,Nuclear Instruments and Methods in Physics Research Section B: Beam Interactions with Materials and Atoms,MEDIUMENERGYIONBEAMANALYSISMODIFICATIONLANGMUIRBLODGETTTHINFILMS,magenta,589.0,1.5,10.1016/0168-583X(94)00662-8,CC1=CC(=C(C2=CC=C(C=C2)N)C3=CC=C(C=C3)N)C=CC1=N.Cl,2,0
3141,10/23/2015,Optical Materials,RACETRACKMICRORESONATORSBASEDRIDGEWAVEGUIDESMADEPOROUSSILICA,silica,1550.0,1.22,10.1016/j.optmat.2015.10.017,O=[Si]=O,0,0
3142,5/29/2015,Journal of Molecular Liquids,THERMODYNAMICSTUDYASPIRININPRESENCEIONICLIQUID1HEXYL3METHYLIMIDAZOLIUMBROMIDEINACETONITRILET2881531815K,MeCN,589.0,1.3507,10.1016/j.molliq.2015.05.032,CC#N,0,0
3146,1/26/2017,Journal of Molecular Liquids,DIELECTRICSTUDYPRIMARYALKANEDIOLSC3C4C51PENTANOLISOMERS,"1,3-Propanediol",589.0,1.4384,10.1016/j.molliq.2017.01.086,C(CO)CO,1,0
3148,1/26/2011,The Journal of Chemical Thermodynamics,ISOBARICVAPORLIQUIDEQUILIBRIA1ETHYL3METHYLIMIDAZOLIUMETHYLSULFATEPLUSPROPIONALDEHYDEVALERALDEHYDEEXPERIMENTALDATAPREDICTION,Propionaldehyde,589.0,1.4532,10.1016/j.jct.2011.01.008,CCC=O,1,0
3149,3/29/2011,Physical Chemistry Chemical Physics,Evaluation of a quantitative structure–property relationship ( QSPR ) for predicting mid-visible refractive index of secondary organic aerosol ( SOA ) ,Diethyl pimelate,589.0,1.43,10.1039/C0CP02270E,CCOC(=O)CCCCCC(=O)OCC,1,1
3153,7/9/1999,Solid State Ionics,IONICITYBINARYOXIDESSILICATES,GeO2,589.0,2.0325,10.1016/S0167-2738(99)00083-1,O=[Ge]=O,0,0
3156,3/7/2019,Scientific Reports,Research on the Hong-Ou-Mandel interference with two independent sources,BBO,589.0,1.45,10.1038/s41598-019-40720-5,C1COCCN1CCCN2C(=O)C3=CC=CC4=C3C(=CC=C4)C2=O,2,2
3157,1/5/2005,The Journal of Chemical Thermodynamics,PHYSICALPROPERTIESANISOLENALKANESTEMPERATURESBETWEEN2931530315K,Octane,589.0,1.3951,10.1016/j.jct.2004.09.021,CCCCCCCC,1,0
3158,2/24/1999,Thin Solid Films,PERFORMANCESEXHIBITEDBYLARGEAREAITOLAYERSPRODUCEDBYRFMAGNETRONSPUTTERING,CO,589.0,2.09,10.1016/S0040-6090(98)01393-5,[Co],0,0
3159,6/29/2016,Optik,CHARACTERIZATIONANALYSISWHEATLIKECDSNANOSTRUCTURESUNDERTEMPERATUREEFFECTFORSOLARCELLSAPPLICATIONS,CdS,589.0,2.18,10.1016/j.ijleo.2016.06.109,S=[Cd],0,0
3161,12/9/2011,Fluid Phase Equilibria,SOLUBILITYCAPROLACTAMINDIFFERENTORGANICSOLVENTS,2-Propanol,589.0,2.2546,10.1016/j.fluid.2011.12.004,CC(C)O,0,0
3162,5/28/2013,The Journal of Chemical Thermodynamics,THERMOPHYSICALSTUDYMETHYLLEVULINATE,methyllevulinate,589.0,1.416553,10.1016/j.jct.2013.05.025,CC(=O)CCC(=O)OC,0,0
3163,9/6/2009,Journal of Non-Crystalline Solids,EFFECTHYDROXYLIMPURITYTEMPERATURECOEFFICIENTREFRACTIVEINDEXSYNTHETICSILICAGLASSES,silica,1013.975,1.450763,10.1016/j.jnoncrysol.2009.08.004,O=[Si]=O,0,0
3164,2/2/2007,Surface and Coatings Technology,AMORPHOUSTIO2FILMSHIGHREFRACTIVEINDEXDEPOSITEDBYPULSEDBIASARCIONPLATING,TiO2,550.0,2.38,10.1016/j.surfcoat.2007.01.043,O=[Ti]=O,0,0
3168,7/16/2007,Computational Materials Science,MODELFORCALCULATINGREFRACTIVEINDEXAIIIVSEMICONDUCTOR,CdTe,589.0,3.4606,10.1016/j.commatsci.2007.05.023,[Cd]=[Te],1,0
3169,5/13/2003,Fluid Phase Equilibria,PVTXMEASUREMENTSSYSTEMBENZENE135TRIMETHYLBENZENETEMPERATURES2981532815KPRESSURESUP40MPA,Benzene,589.0,1.49792,10.1016/S0378-3812(03)00079-7,C1=CC=CC=C1,1,0
3170,2/8/2013,Ophthalmology,ORALDOCOSAHEXAENOICACIDINPREVENTIONEXUDATIVEAGERELATEDMACULARDEGENERATION,EPA,589.0,3.68,10.1016/j.ophtha.2013.01.005,CCC=CCC=CCC=CCC=CCC=CCCCC(=O)O,1,0
3171,6/7/2011,Soft Matter,Hyperdiffusive dynamics in conjugated polymer blends and fullerene absorbing solutions ,chlorobenzene,589.0,1.52,10.1039/C1SM05519D,C1=CC=C(C=C1)Cl,2,1
3172,10/13/2016,Journal of Molecular Liquids,ASSESSMENTNONCOVALENTINTERACTIONBETWEENINSULINANTIBIOTICSINAQUEOUSSOLUTIONTHROUGHULTRASONICSTUDIESINSILICODOCKINGANALYSIS,Levofloxacin,589.0,3.798,10.1016/j.molliq.2016.10.051,CC1COC2=C3N1C=C(C(=O)C3=CC(=C2N4CCN(CC4)C)F)C(=O)O,0,0
3173,3/16/2016,Physical Chemistry Chemical Physics,Molecular interactions between ammonium-based ionic liquids and molecular solvents: current progress and challenges  ,Ethylammonium glycolate,589.0,1.4542,10.1039/C6CP00199H,CC[NH3+].C(C(=O)[O-])O,1,1
3174,1/6/2016,The Journal of Chemical Thermodynamics,PHYSICOCHEMICALPROPERTIES135TRIMETHYL135TRIS333TRIFLUOROPROPYLCYCLOTRISILOXANEVARIOUSAROMATICHYDROCARBONST3081532315K,anisole,589.0,1.50341,10.1016/j.jct.2015.12.025,COC1=CC=CC=C1,1,0
3175,9/22/2018,Optics and Lasers in Engineering,LONGRANGESURFACEPLASMONRESONANCESENSINGAPPLICATIONSAREVIEW,SiO2,589.0,1.451,10.1016/j.optlaseng.2018.09.013,O=[Si]=O,0,0
3176,7/18/2017,Scientific Reports,Plasmonically Enhanced Reflectance of Heat Radiation from Low-Bandgap Semiconductor Microinclusions,InP,589.0,1.11,10.1038/s41598-017-05630-4,P#[In],2,2
3177,7/24/2014,Food Hydrocolloids,PHYSICOCHEMICALCHARACTERIZATIONANTIMICROBIALACTIVITYFOODGRADEEMULSIONSNANOEMULSIONSINCORPORATINGESSENTIALOILS,4-terpineol,633.0,1.465,10.1016/j.foodhyd.2014.07.012,CC1=CCC(CC1)(C(C)C)O,0,0
3178,1/10/2012,Journal of Industrial and Engineering Chemistry,LIQUIDLIQUIDEQUILIBRIATHERMOPHYSICALPROPERTIESFOR1METHYL2PYRROLIDINONEHETEROCYCLICNITROGENCOMPOUNDSHEXADECANESYSTEMS29815K,NMP,589.0,1.5778,10.1016/j.jiec.2011.11.143,CN1CCCC1=O,0,0
3179,4/16/2009,Journal of Molecular Liquids,ASTUDYDIELECTRICPROPERTIESREFRACTIVEINDICESANILINEBENZENETOLUENEOXYLENEPXYLENE29815K,Aniline,589.0,2.229,10.1016/j.molliq.2009.04.002,C1=CC=C(C=C1)N,1,0
3180,11/7/2007,Inorganica Chimica Acta,SYNTHESISSPECTRALPROPERTIESZRIVHFIVPHTHALOCYANINESDIKETONATESAXIALLIGANDS,Toluene,688.0,1.497,10.1016/j.ica.2007.11.003,CC1=CC=CC=C1,0,0
3190,2/28/2003,Phys. Chem. Chem. Phys.,Tricriticality in the ternary system 3-methylpyridine/water/NaBr? The coexistence curves,NaBr,589.0,1.39173,10.1039/B212337A,[Na+].[Br-],0,1
3191,6/2/2014,Optics Communications,IMPROVEDDETECTINGSENSITIVITYLONGPERIODFIBERGRATINGSBYPOLYELECTROLYTEMULTILAYERSEFFECTFILMSTRUCTURES,Triethanolamine,1522.5,1.4852,10.1016/j.optcom.2014.05.046,C(CO)N(CCO)CCO,0,0
3192,10/17/2013,Journal of Molecular Liquids,DENSITIESVISCOSITIESREFRACTIVEINDICESEXCESSPROPERTIESORTHOMETACHLOROANILINE2ALKOXYETHANOLS30315K,m-Chloroaniline,589.0,1.406,10.1016/j.molliq.2013.09.035,C1=CC(=CC(=C1)Cl)N,1,0
3195,8/18/2015,Chemical Communications,Highly transparent and flexible polyimide/ZrO 2 nanocomposite optical films with a tunable refractive index and Abbe number  ,ZrO2,589.0,1.897,10.1039/C5CC05301C,O=[Zr]=O,1,1
3199,6/28/2018,Optics & Laser Technology,LLYSINEDOPEDOXALICACIDSINGLECRYSTALSAPOTENTIALPHASEMATCHABLEORGANICMATERIALFOROPTICALLIMITINGAPPLICATIONS,Oxalic acid,589.0,3.8,10.1016/j.optlastec.2018.05.045,C(=O)(C(=O)O)O,2,0
3201,6/3/2017,Journal of Molecular Liquids,MECHANISTICCONFORMATIONALSTUDIESINTERACTIONANESTHETICSEVOFLURANEHUMANSERUMALBUMINBYMULTISPECTROSCOPICMETHODS,sevoflurane,589.0,1.06,10.1016/j.molliq.2017.05.154,C(OC(C(F)(F)F)C(F)(F)F)F,0,0
3202,4/30/2016,Journal of Molecular Liquids,ULTRASONICSPEEDSVISCOSITIESREFRACTIVEINDICESFTIRSPECTROSCOPICSTUDIESOXYGENATEALIPHATICAROMATICHYDROCARBONS29815K30815K,1-Propanol,589.0,1.439,10.1016/j.molliq.2016.04.011,CCCO,0,0
3203,11/26/2009,Physica B: Condensed Matter,ROOMTEMPERATUREGROWTHNANOCRYSTALLINEANATASETIO2THINFILMSBYDCMAGNETRONSPUTTERING,TiO2,589.0,2.26,10.1016/j.physb.2009.11.061,O=[Ti]=O,0,0
3206,1/31/2018,Journal of Psychiatric Research,DULOXETINELOADEDMICROEMULSIONSYSTEMIMPROVEBEHAVIORALACTIVITIESBYUPREGULATINGSEROTONINNOREPINEPHRINEINBRAINFORTREATMENTDEPRESSION,Duloxetine,589.0,2.5,10.1016/j.jpsychires.2018.01.015,CNCCC(C1=CC=CS1)OC2=CC=CC3=CC=CC=C32,1,0
3207,12/24/2009,Spectrochimica Acta Part A: Molecular and Biomolecular Spectroscopy,ATRFTIRSPECTROSCOPYINREGION550230CM1FORIDENTIFICATIONINORGANICPIGMENTS,Cadmium yellow,589.0,2.415,10.1016/j.saa.2009.12.056,S=[Cd],1,0
3211,8/24/2013,Materials Science in Semiconductor Processing,PREPARATIONCHARACTERIZATIONAPPLICATIONRFSPUTTERDEPOSITEDBORONDOPEDSILICONDIOXIDETHINFILMS,BSG,589.0,1.46,10.1016/j.mssp.2013.07.031,[B-](CNS(=O)(=O)CC1=CC=C(C=C1)C(=O)O)(O)(O)O,0,0
3212,1/26/2001,Infrared Physics & Technology,PHYSICOCHEMICALPARAMETERSALKALIHALIDESUSINGOPTICALELECTRONEGATIVITY,CsI,589.0,1.844,10.1016/S1350-4495(00)00053-0,[I-].[Cs+],0,0
3214,7/20/2014,Solar Energy,OPTICALMORPHOLOGICALELECTRICALSTUDIESTHERMALLYVACUUMEVAPORATEDCDTETHINFILMSFORPHOTOVOLTAICAPPLICATIONS,CdTe,400.0,2.277,10.1016/j.solener.2014.06.031,[Cd]=[Te],0,0
3215,1/26/2017,Journal of Molecular Liquids,DIELECTRICSTUDYPRIMARYALKANEDIOLSC3C4C51PENTANOLISOMERS,Active amyl alcohol,589.0,1.4086,10.1016/j.molliq.2017.01.086,CCC(C)CO,1,0
3216,3/11/2011,Phys. Chem. Chem. Phys.,Evaluation of a quantitative structure–property relationship (QSPR) for predicting mid-visible refractive index of secondary organic aerosol (SOA),2-Ethyl-1-butene,589.0,1.397,10.1039/C0CP02270E,CCC(=C)CC,0,1
3218,7/16/2007,Computational Materials Science,MODELFORCALCULATINGREFRACTIVEINDEXAIIIVSEMICONDUCTOR,CuCl,589.0,2.19,10.1016/j.commatsci.2007.05.023,Cl[Cu],1,0
3219,3/2/2018,Plant Foods for Human Nutrition,Nutritional Value of Commercial Protein-Rich Plant Products,Copper,589.0,2.1,10.1007/s11130-018-0660-7,[Cu],1,2
3220,7/26/2008,Spectrochimica Acta Part A: Molecular and Biomolecular Spectroscopy,STATESELECTIVEENERGYTRANSFERER3EU3INBI2O3GEO2GA2O3NA2OGLASSES,Eu2O3,589.0,2.0081,10.1016/j.saa.2008.07.021,[O-2].[O-2].[O-2].[Eu+3].[Eu+3],0,0
3222,10/21/2014,Fluid Phase Equilibria,ACHEMICALSTRUCTUREBASEDMODELFORESTIMATIONREFRACTIVEINDICESORGANICCOMPOUNDS,4-methoxybenzylisocyanate,589.0,1.433,10.1016/j.fluid.2014.10.005,COC1=CC=C(C=C1)CN=C=O,0,0
3224,7/25/2013,Arabian Journal of Chemistry,ULTRASONICVOLUMETRICVISCOMETRICSTUDIESLACTOSEINMIXEDSOLVENTDMFH2O298308318K,lactose,589.0,1.3954,10.1016/j.arabjc.2013.07.018,C(C1C(C(C(C(O1)OC2C(OC(C(C2O)O)O)CO)O)O)O)O,0,0
3225,2/1/2011,Analyst,Use of thermally annealed multilayer gold nanoparticle films in combination analysis of localized surface plasmon resonance sensing and MALDI mass spectrometry,1-propanol,589.0,1.4395,10.1039/C0AN00826E,CCCO,3,1
3226,12/27/2012,Journal of King Saud University - Science,STRUCTURALOPTICALPROPERTIESZNOTHINFILMSPREPAREDDIFFERENTRFSPUTTERINGPOWER,ZnO,589.0,1.946,10.1016/j.jksus.2012.12.004,O=[Zn],1,0
3227,2/7/2018,RSC Adv.,Preparation of silica coatings with continuously adjustable refractive indices and wettability properties <i>via</i> sol–gel method,TEOS,589.0,1.132,10.1039/C7RA12817G,CCO[Si](OCC)(OCC)OCC,3,1
3228,2/24/2017,Journal of Luminescence,STRUCTURALTHERMALOPTICALINVESTIGATIONSDY3DOPEDB2O3WO3ZNOLI2ONA2OGLASSESFORWARMWHITELIGHTEMITTINGAPPLICATIONS,Dy2O3,589.0,1.689,10.1016/j.jlumin.2017.02.049,[O-2].[O-2].[O-2].[Dy+3].[Dy+3],1,0
3229,11/5/2004,Journal of Controlled Release,POLYAMIDOAMINEDENDRIMERSOPHTHALMICVEHICLESFOROCULARDELIVERYPILOCARPINENITRATETROPICAMIDE,Phosphate,589.0,1.336,10.1016/j.jconrel.2004.09.015,[O-]P(=O)([O-])[O-],0,0
3230,6/7/2006,Food and Chemical Toxicology,GENERATIONFORMALDEHYDEINCIGARETTESOVERVIEWRECENTEXPERIMENTS,Acrolein,589.0,4.1,10.1016/j.fct.2006.05.017,C=CC=O,1,0
3232,9/19/2018,The Journal of Chemical Thermodynamics,VOLUMETRICREFRACTIVEPROPERTIES1357TETRAVINYL1357TETRAMETHYLCYCLOTETRASILOXANEMETHOXYBENZENECHLOROBENZENETERTBUTYLBENZENENITROBENZENET2981531815K,nitrobenzene,589.0,1.46589,10.1016/j.jct.2018.09.021,C1=CC=C(C=C1)[N+](=O)[O-],1,0
3233,7/1/2010,Atmospheric Environment,EVALUATIONAEROSOLOPTICALSCHEMEINCHEMISTRYTRANSPORTMODELCHIMERE,Nitrate,589.0,1.53,10.1016/j.atmosenv.2010.06.034,[N+](=O)([O-])[O-],1,0
3236,10/28/2015,Soft Matter,Nanoporous block copolymer films using highly selective solvents and non-solvent extraction  ,Butanol,589.0,1.27,10.1039/C5SM01867F,CCCCO,1,1
3238,3/18/2008,Food Chemistry,FASTSIMULTANEOUSANALYSISCAFFEINETRIGONELLINENICOTINICACIDSUCROSEINCOFFEEBYLIQUIDCHROMATOGRAPHYMASSSPECTROMETRY,Nicotinic acid,589.0,4.0,10.1016/j.foodchem.2008.03.012,C1=CC(=CN=C1)C(=O)O,1,0
3241,1/30/2015,Food Hydrocolloids,RETENTIONTRANSANETHOLEBYSINGLEDOUBLELAYEREDFILMSBASEDGELATINE,C10H12O,589.0,1.561,10.1016/j.foodhyd.2015.01.016,CC=CC1=CC=C(C=C1)OC,0,0
3242,12/22/2006,Physica B: Condensed Matter,ELECTRONICPOLARIZABILITYOPTICALBASICITYLANTHANIDEOXIDES,Gd2O3,589.0,1.979,10.1016/j.physb.2006.11.015,[O-2].[O-2].[O-2].[Gd+3].[Gd+3],0,0
3243,7/16/2007,Computational Materials Science,MODELFORCALCULATINGREFRACTIVEINDEXAIIIVSEMICONDUCTOR,CuI,589.0,2.35,10.1016/j.commatsci.2007.05.023,[Cu+],0,0
3244,4/4/2014,RSC Advances,Facile synthesis of chitosan-capped ZnS quantum dots as an eco-friendly fluorescence sensor for rapid determination of bisphenol A in water and plastic samples  ,epoxy resin,589.0,4.4,10.1039/C3RA47868H,CC(C)(C1=CC=C(C=C1)O)C2=CC=C(C=C2)O.C=CC(=O)O.C1C(O1)CCl,1,1
3245,4/16/2009,Journal of Molecular Liquids,ASTUDYDIELECTRICPROPERTIESREFRACTIVEINDICESANILINEBENZENETOLUENEOXYLENEPXYLENE29815K,Aniline,589.0,1.583031,10.1016/j.molliq.2009.04.002,C1=CC=C(C=C1)N,1,0
3247,11/1/2016,The Journal of Chemical Thermodynamics,LIQUIDLIQUIDPHASEEQUILIBRIUMHEATCAPACITYBINARYSOLUTION2PROPANOL1OCTYL3METHYLIMIDAZOLIUMHEXAFLUOROPHOSPHATE,2-propanol,632.8,1.3742,10.1016/j.jct.2016.10.047,CC(C)O,0,0
3248,8/24/2012,Colloids and Surfaces B: Biointerfaces,SYSTEMATICINVESTIGATIONINTERACTIONBOVINESERUMALBUMINZNONANOPARTICLESUSINGFLUORESCENCESPECTROSCOPY,ZnO,589.0,1.91,10.1016/j.colsurfb.2012.08.023,O=[Zn],0,0
3250,11/18/2008,Biophysical Journal,MECHANICSLIVINGCELLSMEASUREDBYLASERTRACKINGMICRORHEOLOGY,Latrunculin A,589.0,3.0,10.1016/S0006-3495(00)76725-7,CC1CCC2CC(CC(O2)(C3CSC(=O)N3)O)OC(=O)C=C(CCC=CC=C1)C,1,0
3251,7/12/2017,Journal of Molecular Liquids,HYDROTHERMALTUNINGMORPHOLOGYCRYSTALLITESIZEZEOLITENANOSTRUCTURESFORSIMULTANEOUSADSORPTIONPHOTOCATALYTICDEGRADATIONMETHYLENEBLUEDYE,Alumina,589.0,2.51,10.1016/j.molliq.2017.07.033,O=[Al]O[Al]=O,1,0
3254,12/13/2018,Nanoscale,Tunable colloidal quantum dot distributed feedback lasers integrated on a continuously chirped surface grating  ,quartz,589.0,1.77,10.1039/C8NR07854H,O=[Si]=O,2,1
3255,6/13/2000,Surface and Coatings Technology,REFRACTIVEINDEXPROFILESINLINBO3WAVEGUIDEFORMEDBY32MEVIONS,LiNbO3,589.0,3.2,10.1016/S0257-8972(00)00618-6,[Li+].[O-][Nb](=O)=O,2,0
3256,10/21/2014,Fluid Phase Equilibria,ACHEMICALSTRUCTUREBASEDMODELFORESTIMATIONREFRACTIVEINDICESORGANICCOMPOUNDS,Disilylmethane,589.0,1.4115,10.1016/j.fluid.2014.10.005,C([SiH3])[SiH3],0,0
3259,8/31/2009,Microelectronic Engineering,DEPOSITIONNANOCRYSTALLINETIO2THINFILMSILICONUSINGSOLGELTECHNIQUECHARACTERIZATION,TiO2,589.0,2.34,10.1016/j.mee.2009.08.025,O=[Ti]=O,2,0
3260,11/12/2014,Dalton Transactions,Femtosecond spectroscopy and TD-DFT calculations of CuCl 4 2− excited states  ,2-chlorobutane,589.0,1.396,10.1039/C4DT01409J,CCC(C)Cl,2,1
3261,11/18/2009,Journal of Molecular Liquids,PHOTOPHYSICSCATIONICDYESINAQUEOUSMICELLARDISPERSIONSSURFACTANTSINDIFFERENTSOLVENTS,CTAB,589.0,1.51,10.1016/j.molliq.2009.11.006,CCCCCCCCCCCCCCCC[N+](C)(C)C.[Br-],1,0
3262,2/8/2016,Solar Energy,WINDOWOPTIMIZATIONENABLINGBROADBANDDOUBLELAYERANTIREFLECTIONCOATINGFORGAASPSIGETANDEMSILICON,MgO,589.0,1.77,10.1016/j.solener.2016.01.019,O=[Mg],1,0
3263,6/7/2007,Fuel Processing Technology,SEPARATIONDIFFERENTPARAFFINWAXGRADESUSINGTWOCOMPARATIVEDEOILINGTECHNIQUES,Ethyl acetate,589.0,1.4249,10.1016/j.fuproc.2007.04.011,CCOC(=O)C,1,0
3265,1/13/2012,Materials Chemistry and Physics,INVESTIGATIONRELATIONSHIPSBETWEENABSORPTIONBANDENERGIESTLCRYSTALLINEENVIRONMENT,NaBr,589.0,1.64,10.1016/j.matchemphys.2011.12.030,[Na+].[Br-],0,0
3266,1/18/2002,Journal of Asian Earth Sciences,EVOLUTIONMAYURBHANJGRANITEPLUTONEASTERNSINGHBHUMINDIAACASESTUDYPETROGENESISATYPEGRANITEINBIMODALASSOCIATION,K2O,589.0,4.43,10.1016/S1367-9120(02)00002-0,[O-2].[K+].[K+],1,0
3270,9/20/2009,Fluid Phase Equilibria,PHYSICALPROPERTIESPHASEEQUILIBRIASYSTEMISOPROPYLACETATEISOPROPANOL1OCTYL3METHYLIMIDAZOLIUMBISTRIFLUOROMETHYLSULFONYLIMIDE,isopropylacetate,589.0,1.39172,10.1016/j.fluid.2009.09.015,"CC(C)CC(=O)[O-]
CC(C)CC(=O)O",0,0
3271,2/19/2018,Chemical Society Reviews,Micro-optics for microfluidic analytical applications ,PDMS,589.0,1.33,10.1039/C5CS00649J,C[Si](C)(C)O[Si](C)(C)O[Si](C)(C)C,2,1
3272,4/3/2007,Thin Solid Films,GROWTHAMULTILAYERGARNETCRYSTALDOUBLECLADWAVEGUIDESTRUCTUREBYPULSEDLASERDEPOSITION,Gd3Sc2Ga3O12,1060.0,1.94,10.1016/j.tsf.2007.03.143,[O-2].[O-2].[O-2].[O-2].[O-2].[O-2].[O-2].[O-2].[O-2].[O-2].[O-2].[O-2].[Sc+3].[Sc+3].[Ga+3].[Ga+3].[Ga+3].[Gd+3].[Gd+3].[Gd+3],0,0
3275,9/10/2003,Spectrochimica Acta Part A: Molecular and Biomolecular Spectroscopy,INFRAREDINTENSITYINDIELECTRICMEDIABYELECTROSTATICMODEL,CS2,589.0,1.6295,10.1016/S1386-1425(03)00241-5,C(=S)=S,0,0
3277,5/29/2015,Journal of Molecular Liquids,THERMODYNAMICSTUDYASPIRININPRESENCEIONICLIQUID1HEXYL3METHYLIMIDAZOLIUMBROMIDEINACETONITRILET2881531815K,MeCN,589.0,1.3526,10.1016/j.molliq.2015.05.032,CC#N,0,0
3278,2/2/2010,Optical Materials,NOVELMETHACRYLATEDDIAMONDOIDPRODUCEHIGHREFRACTIVEINDEXPOLYMER,Styrene,589.0,1.59,10.1016/j.optmat.2010.01.018,C=CC1=CC=CC=C1,1,0
3280,7/16/2007,Computational Materials Science,MODELFORCALCULATINGREFRACTIVEINDEXAIIIVSEMICONDUCTOR,GaSb,589.0,3.2909,10.1016/j.commatsci.2007.05.023,[Ga+3].[Sb],1,0
3281,1/28/2015,Food Chemistry,QUALITYCHEMICALPROFILESMONOVARIETALNORTHMOROCCANOLIVEOILSPICHOLINEMAROCAINECULTIVARREGISTRATIONDATABASEDEVELOPMENTGEOGRAPHICALDISCRIMINATION,Campesterol,589.0,2.89,10.1016/j.foodchem.2015.01.101,CC(C)C(C)CCC(C)C1CCC2C1(CCC3C2CC=C4C3(CCC(C4)O)C)C,1,0
3283,12/10/2002,Solid State Ionics,STRUCTURALREFRACTOMETRYAL2O3TYPEALUMINATESGALLATES,CaO,589.0,1.837,10.1016/S0167-2738(98)00091-5,O=[Ca],0,0
3285,11/25/2015,Physics Procedia,NUMERICALSTUDYAMULTISTAGEDIELECTRICLASERDRIVENACCELERATOR,SiO2,589.0,1.528,10.1016/j.phpro.2015.11.009,O=[Si]=O,2,0
3286,1/16/2002,Materials Research Bulletin,THERMALLYSTABLECHROMOPHORESFORNONLINEAROPTICALAPPLICATIONS,N-methyl-2-pyrrolidone,444.0,1.4684,10.1016/S0025-5408(02)00670-0,CN1CCCC1=O,0,0
3288,10/17/2013,Journal of Molecular Liquids,DENSITIESVISCOSITIESREFRACTIVEINDICESEXCESSPROPERTIESORTHOMETACHLOROANILINE2ALKOXYETHANOLS30315K,2-Ethoxyethanol,589.0,1.8447,10.1016/j.molliq.2013.09.035,CCOCCO,1,0
3289,5/28/2016,Journal of Molecular Liquids,MOLECULARINTERACTIONSINSILICONERUBBERNANOHYDROXYLAPATITESYSTEMINSOLUTIONPHASEPROBEDBYULTRASONICTECHNIQUE,Xylene,589.0,1.497,10.1016/j.molliq.2016.05.086,CC1=CC=CC=C1C,1,0
3290,10/12/2012,Spectrochimica Acta Part A: Molecular and Biomolecular Spectroscopy,SOLVENTINFLUENCEELECTRONICABSORPTIONSPECTRAEAS16DIPHENYL135HEXATRIENEDPH,Pyridine,589.0,1.51,10.1016/j.saa.2012.09.059,C1=CC=NC=C1,0,0
3291,4/16/2009,Journal of Molecular Liquids,ASTUDYDIELECTRICPROPERTIESREFRACTIVEINDICESANILINEBENZENETOLUENEOXYLENEPXYLENE29815K,Toluene,589.0,2.376,10.1016/j.molliq.2009.04.002,CC1=CC=CC=C1,0,0
3292,10/30/2018,Journal of Non-Crystalline Solids,STRUCTURALTHERMALLUMINESCENTPROPERTIESGERMANATEGLASSCONTAININGHEAVILYDY2O3CONTENT,GeO2,589.0,1.616,10.1016/j.jnoncrysol.2018.10.037,O=[Ge]=O,0,0
3293,7/10/2017,The Journal of Chemical Thermodynamics,LIQUIDLIQUIDEQUILIBRIUMHEATCAPACITYMEASUREMENTSBINARYSOLUTIONETHANOL1BUTYL3METHYLIMIDAZOLIUMHEXAFLUOROPHOSPHATE,ethanol,632.8,1.3572,10.1016/j.jct.2017.07.014,CCO,0,0
3294,8/4/2011,Journal of Non-Crystalline Solids,SYNTHESISPHYSICALPROPERTIESGLASSESINSB2O3PBCL2MOO3SYSTEM,PbCl2,589.0,2.199,10.1016/j.jnoncrysol.2011.07.012,Cl[Pb]Cl,0,0
3296,6/10/2009,Materials Chemistry and Physics,OPTIMUMREFRACTIVEINDEXPOLYCOMPONENTPARTICULATESYSTEMSFORMEASUREMENTPARTICLESIZEDISTRIBUTIONBYLASERDIFFRACTIONMETHODANALYZER,calcite,589.0,1.51,10.1016/j.matchemphys.2009.05.035,C(=O)([O-])[O-].[Ca+2],2,0
3297,11/15/2012,Food Chemistry,FRUITQUALITYBIOACTIVECOMPOUNDSRELEVANTHUMANHEALTHSWEETCHERRYPRUNUSAVIUMLCULTIVARSGROWNINITALY,Shikimic acid,589.0,3.29,10.1016/j.foodchem.2012.11.024,C1C(C(C(C=C1C(=O)O)O)O)O,1,0
3298,11/14/2017,Scientific Reports,Generating Localized Plasmonic Fields on an Integrated Photonic Platform using Tapered Couplers for Biosensing Applications,silicon dioxide,589.0,1.326,10.1038/s41598-017-15675-0,O=[Si]=O,2,2
3300,9/19/2018,The Journal of Chemical Thermodynamics,VOLUMETRICREFRACTIVEPROPERTIES1357TETRAVINYL1357TETRAMETHYLCYCLOTETRASILOXANEMETHOXYBENZENECHLOROBENZENETERTBUTYLBENZENENITROBENZENET2981531815K,nitrobenzene,589.0,1.52399,10.1016/j.jct.2018.09.021,C1=CC=C(C=C1)[N+](=O)[O-],1,0
3303,6/23/2016,Antiviral Research,IMPACTGLYCOPROTEINBGENOTYPENATURALLYOCCURRINGORFUL56POLYMORPHISMSUPONSUSCEPTIBILITYCLINICALHUMANCYTOMEGALOVIRUSISOLATESLETERMOVIR,Ganciclovir,589.0,1.9,10.1016/j.antiviral.2016.06.008,C1=NC2=C(N1COC(CO)CO)N=C(NC2=O)N,1,0
3306,6/26/2004,European Journal of Pharmaceutics and Biopharmaceutics,APPLYINGPATTERNRECOGNITIONMETHODSSTRUCTUREPROPERTYCORRELATIONSDETERMINEDRUGCARRIERPOTENTIALNICOTINICACIDANALOGIZEDIHYDROPYRIDINE,Dihydropyridine,589.0,1.679,10.1016/j.ejpb.2004.05.003,C1C=CC=CN1,0,0
3310,12/11/2014,RSC Advances,Photophysics of lumichrome in anionic and cationic micellar media  ,DTAB,589.0,1.07,10.1039/C4RA14998J,CCCCCCCCCCCC[N+](C)(C)C.[Br-],1,1
3312,11/24/2018,Journal of the Taiwan Institute of Chemical Engineers,Investigation of optical and dielectric properties of CsPbI3 inorganic lead iodide perovskite thin film,CsPbI3,589.0,2.46,10.1016/j.jtice.2018.11.001,[I-].[I-].[I-].[Cs+].[Pb+2],3,0
3316,10/13/2014,Applied Mathematical Modelling,POSTCOMBUSTIONCHAMBERSTEELMAKINGPLANTSROLEAMBIENTAIRINREACTANTEXHAUSTFUMES,CO,589.0,2.4,10.1016/j.apm.2014.09.016,[Co],1,0
3317,4/26/2018,Measurement,PLASTICOPTICALFIBERIMMUNOSENSORFORFASTDETECTIONSULFATEREDUCINGBACTERIA,sucrose,589.0,1.3337,10.1016/j.measurement.2018.04.088,C(C1C(C(C(C(O1)OC2(C(C(C(O2)CO)O)O)CO)O)O)O)O,2,0
3318,9/13/2004,Solid State Ionics,CORRELATIONBETWEENOPTICALELECTRONEGATIVITYMOLARREFRACTIONIONICITYDENSITYBINARYOXIDESSILICATESMINERALS,Ca2SiO4,589.0,1.717,10.1016/j.ssi.2004.07.041,[O-][Si]([O-])([O-])[O-].[Ca+2].[Ca+2],1,0
3320,9/11/2004,Chemical Physics,COEXISTENCECURVESAMPLITUDESCALINGCRITICALSOLUTIONSCYCLOALKANEINNMETHYL2PYRROLIDONE,methylcyclopentane,632.8,1.4753,10.1016/j.chemphys.2004.07.046,CC1CCCC1,0,0
3321,12/18/2015,Fluid Phase Equilibria,AQUEOUSTWOPHASESYSTEMPOLYETHYLENEGLYCOL4000FERROUSSULFATEDIFFERENTTEMPERATURES,FeSO4,589.0,1.35564,10.1016/j.fluid.2015.12.014,[O-]S(=O)(=O)[O-].[Fe+2],0,0
3322,6/4/2007,Journal of Luminescence,SPECTROPHOTOMETRICSTUDIESINTERACTIONBETWEENPAZUFLOXACINMESILATEHUMANSERUMALBUMINLYSOZYME,Lys,589.0,1.315,10.1016/j.jlumin.2007.05.008,C(CCN)CC(C(=O)O)N,0,0
3323,9/19/2018,The Journal of Chemical Thermodynamics,VOLUMETRICREFRACTIVEPROPERTIES1357TETRAVINYL1357TETRAMETHYLCYCLOTETRASILOXANEMETHOXYBENZENECHLOROBENZENETERTBUTYLBENZENENITROBENZENET2981531815K,tert-butyl benzene,589.0,1.4695,10.1016/j.jct.2018.09.021,CC(C)(C)C1=CC=CC=C1,1,0
3325,3/29/2011,Physical Chemistry Chemical Physics,Evaluation of a quantitative structure–property relationship ( QSPR ) for predicting mid-visible refractive index of secondary organic aerosol ( SOA ) ,Cyclohexene,589.0,1.447,10.1039/C0CP02270E,C1CCC=CC1,1,1
3327,6/23/2010,Physical Chemistry Chemical Physics,Solvatochromic shifts of single-walled carbon nanotubes in nonpolar microenvironments  ,1-Chlorohexane,589.0,1.42,10.1039/B927053A,CCCCCCCl,1,1
3330,7/6/2018,Journal of Molecular Liquids,OZONESOLVATOCHROMISMINSELECTEDSOLVENTS,pentane,589.0,1.3575,10.1016/j.molliq.2018.07.021,CCCCC,0,0
3332,7/10/2017,The Journal of Chemical Thermodynamics,LIQUIDLIQUIDEQUILIBRIUMHEATCAPACITYMEASUREMENTSBINARYSOLUTIONETHANOL1BUTYL3METHYLIMIDAZOLIUMHEXAFLUOROPHOSPHATE,ethanol,632.8,1.3748,10.1016/j.jct.2017.07.014,CCO,0,0
3333,10/14/2014,RSC Adv.,"2,4-Dinitrobenzenesulfonic acid in an efficient Brønsted acid-catalyzed controlled/living ring-opening polymerization of ε-caprolactone",ArCH2O,589.0,3.75,10.1039/C4RA09579K,C=O.[Ar],3,1
3335,1/16/2019,Chemical Data Collections,EXPLORINGSPECTRALFEATURESQUANTUMCHEMICALCOMPUTATIONSANOVELBIOLOGICALLYACTIVEHETEROCYCLICCLASSCOMPOUND2MEFPBADYEEXPERIMENTALTHEORETICALAPPROACH,DMF,589.0,1.4,10.1016/j.cdc.2019.100182,CN(C)C=O,1,0
3336,4/29/2010,Physica B: Condensed Matter,EXCITONSPECTRAENERGYBANDSTRUCTURECUALS2CRYSTALS,CuAlS2,589.0,3.813,10.1016/j.physb.2010.04.052,[Al+3].[S-2].[S-2].[Cu+2],1,0
3337,7/20/2005,Applied Surface Science,INVESTIGATIONSIO2SI3N4FILMSPREPAREDSAPPHIREBYRFMAGNETRONREACTIVESPUTTERING,Si3N4,589.0,1.99,10.1016/j.apsusc.2005.06.021,N12[Si]34N5[Si]16N3[Si]25N46,1,0
3338,3/15/2010,Journal of Colloid and Interface Science,CDTENANOCRYSTALPOLYMERCOMPOSITETHINFILMWITHOUTFLUORESCENCERESONANCEENERGYTRANSFERBYUSINGPOLYMERNANOSPHERESNANOCRYSTALCARRIERS,CdTe,589.0,2.6500000000000004,10.1016/j.jcis.2010.03.022,[Cd]=[Te],0,0
3339,6/15/2004,Journal of Fluorine Chemistry,SOLUBILITYDIOXYGENINSEVENFLUORINATEDLIQUIDS,Perfluorooctane,589.0,1.2666,10.1016/j.jfluchem.2004.03.013,C(C(C(C(C(F)(F)F)(F)F)(F)F)(F)F)(C(C(C(F)(F)F)(F)F)(F)F)(F)F,0,0
3340,8/18/2015,Chemical Communications,Highly transparent and flexible polyimide/ZrO 2 nanocomposite optical films with a tunable refractive index and Abbe number  ,TiO2,589.0,1.983,10.1039/C5CC05301C,O=[Ti]=O,1,1
3341,11/26/2014,Fuel,MEASUREMENTCORRELATIONPREDICTIONBIODIESELBLENDSVISCOSITY,benzene,589.0,1.4577,10.1016/j.fuel.2014.11.041,C1=CC=CC=C1,1,0
3342,7/15/2009,The Journal of Chemical Thermodynamics,VOLUMETRICPROPERTIESPYRIDINE2PICOLINE3PICOLINE4PICOLINETEMPERATURES2981532815KPRESSURESUP40MPA,Pyridine,589.0,1.507,10.1016/j.jct.2009.07.006,C1=CC=NC=C1,1,0
3343,11/14/2003,Polymer,CHANGESINMISCIBILITYBINARYTERNARYBLENDSSAMECHEMICALCOMPONENTSCOMPOSITIONS,DMPC,589.0,2.47,10.1016/j.polymer.2003.10.027,"CCCCCCCCCCCCCC(=O)OCC(COP(=O)([O-])OCC[N+](C)(C)C)OC(=O)CCCCCCCCCCCCC
CCCCCCCCCCCCCC(=O)OCC(COP(=O)([O-])OCC[N+](C)(C)C)OC(=O)CCCCCCCCCCCCC",1,0
3344,1/6/2016,The Journal of Chemical Thermodynamics,PHYSICOCHEMICALPROPERTIES135TRIMETHYL135TRIS333TRIFLUOROPROPYLCYCLOTRISILOXANEVARIOUSAROMATICHYDROCARBONST3081532315K,nitrobenzene,589.0,1.41513,10.1016/j.jct.2015.12.025,C1=CC=C(C=C1)[N+](=O)[O-],1,0
3345,3/27/2017,The Journal of Supercritical Fluids,ASSESSMENTSUBCRITICALPROPANEULTRASOUNDASSISTEDSOXHLETEXTRACTIONOILSWEETPASSIONFRUITPASSIFLORAALATACURTISSEEDS,Propane,589.0,1.4743,10.1016/j.supflu.2017.03.021,CCC,0,0
3347,10/13/2016,Journal of Molecular Liquids,ASSESSMENTNONCOVALENTINTERACTIONBETWEENINSULINANTIBIOTICSINAQUEOUSSOLUTIONTHROUGHULTRASONICSTUDIESINSILICODOCKINGANALYSIS,Levofloxacin,589.0,3.7711,10.1016/j.molliq.2016.10.051,CC1COC2=C3N1C=C(C(=O)C3=CC(=C2N4CCN(CC4)C)F)C(=O)O,1,0
3352,9/19/2018,The Journal of Chemical Thermodynamics,VOLUMETRICREFRACTIVEPROPERTIES1357TETRAVINYL1357TETRAMETHYLCYCLOTETRASILOXANEMETHOXYBENZENECHLOROBENZENETERTBUTYLBENZENENITROBENZENET2981531815K,chlorobenzene,589.0,1.52168,10.1016/j.jct.2018.09.021,C1=CC=C(C=C1)Cl,1,0
3353,4/3/2015,Spectrochimica Acta Part A: Molecular and Biomolecular Spectroscopy,INTERACTIONQUININESULFATEANIONICMICELLESSODIUMDODECYLSULFATEATIMERESOLVEDFLUORESCENCESPECTROSCOPYDIFFERENTPH,Acetonitrile,589.0,1.3284,10.1016/j.saa.2015.03.115,CC#N,0,0
3354,2/3/2018,Superlattices and Microstructures,OPTICALSPECTRACOMPOSITESILVERPOROUSSILICONAGPSINANOSTRUCTUREBASEDPERIODICALLATTICE,silicon,589.0,3.47,10.1016/j.spmi.2018.01.028,[Si],2,0
3357,12/24/2010,Spectrochimica Acta Part A: Molecular and Biomolecular Spectroscopy,HIGHLYSENSITIVESENSINGZINCIIBYDEVELOPMENTCHARACTERIZATIONAPVCBASEDFLUORESCENTCHEMICALSENSOR,THF,94.0,1.41,10.1016/j.saa.2010.12.065,C1CCOC1,0,0
3358,1/26/2011,Surface and Coatings Technology,CHARACTERIZATIONREACTIVELYSPUTTEREDPERMEATIONBARRIERMATERIALSPOLYMERSUBSTRATES,Al2O3,589.0,1.65,10.1016/j.surfcoat.2011.01.045,[O-2].[O-2].[O-2].[Al+3].[Al+3],1,0
3360,7/16/2015,Cell,CLARIFYINGTISSUECLEARING,Sucrose,589.0,1.44,10.1016/j.cell.2015.06.067,C(C1C(C(C(C(O1)OC2(C(C(C(O2)CO)O)O)CO)O)O)O)O,1,0
3361,9/23/2015,J. Mater. Chem. C,A new twist on cholesteric films by using reactive mesogen particles,dodecane,589.0,1.42,10.1039/C5TC02920A,CCCCCCCCCCCC,3,1
3362,1/26/2011,Optics Communications,OPTICALABSORPTIONDISPERSIONCHARACTERIZATIONSCUGASE2THINFILMSPREPAREDBYFLASHEVAPORATIONTECHNIQUE,CuGaSe2,589.0,2.8,10.1016/j.optcom.2011.01.018,[Cu+2].[Ga].[Se-2].[Se-2],0,0
3363,1/26/2017,Journal of Molecular Liquids,DIELECTRICSTUDYPRIMARYALKANEDIOLSC3C4C51PENTANOLISOMERS,"1,4-Butanediol",589.0,1.4446,10.1016/j.molliq.2017.01.086,C(CCO)CO,1,0
3364,11/15/2006,Sensors and Actuators A: Physical,UTILISATIONPATTERNRECOGNITIONTECHNIQUESINTERPRETCOMPLEXDATAAMULTIPOINTOPTICALFIBREETHANOLCONCENTRATIONSENSORSYSTEM,Silica,589.0,1.471,10.1016/j.sna.2006.10.035,O=[Si]=O,1,0
3365,6/16/2012,Spectrochimica Acta Part A: Molecular and Biomolecular Spectroscopy,FLUORESCENTTURNONDETECTIONASSAYWATERBASED42DIMETHYLAMINOETHYLOXYNOCTADECYL18NAPHTHALIMIDEAGGREGATIONINDUCEDEMISSIONENHANCEMENT,Acetone,362.0,1.359,10.1016/j.saa.2012.06.017,CC(=O)C,0,0
3368,4/27/2015,The Journal of Chemical Thermodynamics,LIQUIDLIQUIDPHASEEQUILIBRIUMCRITICALBEHAVIORBINARYSOLUTIONHEAVYWATER26DIMETHYLPYRIDINE,D2O,632.8,1.4058,10.1016/j.jct.2015.04.010,O,0,0
3370,4/16/2009,Journal of Molecular Liquids,ASTUDYDIELECTRICPROPERTIESREFRACTIVEINDICESANILINEBENZENETOLUENEOXYLENEPXYLENE29815K,aniline,589.0,2.509,10.1016/j.molliq.2009.04.002,C1=CC=C(C=C1)N,0,0
3371,9/25/2010,Thin Solid Films,SOLGELPREPARATIONNEARINFRAREDBROADBANDEMITTINGER3DOPEDSIO2TA2O5NANOCOMPOSITEFILMS,SiO2-Ta2O5,632.8,1.5078,10.1016/j.tsf.2010.09.035,[O-2].[O-2].[O-2].[O-2].[O-2].O=[Si]=O.[Ta+5].[Ta+5],0,0
3372,2/1/2002,Journal of Molecular Structure: THEOCHEM,ATHEORETICALEXPERIMENTALSTUDYSOLUBILITYDISSOLUTIONRATESTRUCTUREDIPOLARMOMENTFLAVONEINETHANOL,flavone,589.0,1.85284,10.1016/S0166-1280(02)00027-1,C1=CC=C(C=C1)C2=CC(=O)C3=CC=CC=C3O2,0,0
3375,3/22/2016,Journal of Materials Chemistry A,Light management: porous 1-dimensional nanocolumnar structures as effective photonic crystals for perovskite solar cells  ,SiO2,589.0,1.31,10.1039/C5TA08743K,O=[Si]=O,2,1
3376,12/25/2008,Spectrochimica Acta Part A: Molecular and Biomolecular Spectroscopy,NOVELMEASUREMENTSREFRACTIVEINDEXDENSITYMIDINFRAREDINTEGRATEDBANDSTRENGTHSFORSOLIDO2N2ONO2N2O4MIXTURES,NO2,589.0,1.548,10.1016/j.saa.2008.12.030,N(=O)[O],1,0
3378,3/22/2014,Journal of Biotechnology,THERMODYNAMICINVESTIGATIONZ33ANTIBODYINTERACTIONLEADSSELECTIVEPURIFICATIONHUMANANTIBODIES,FITC,589.0,1.72,10.1016/j.jbiotec.2014.03.023,C1=CC2=C(C=C1N=C=S)C(=O)OC23C4=C(C=C(C=C4)O)OC5=C3C=CC(=C5)O,1,0
3379,8/13/2014,TrAC Trends in Analytical Chemistry,TITANIUMDIOXIDENANOTUBESSORBENTSINMICROEXTRACTIONTECHNIQUES,Nickel,589.0,2.6,10.1016/j.trac.2014.06.015,[Ni],1,0
3385,12/11/2014,RSC Advances,Photophysics of lumichrome in anionic and cationic micellar media  ,DTAB,589.0,5.07,10.1039/C4RA14998J,CCCCCCCCCCCC[N+](C)(C)C.[Br-],1,1
3386,7/30/2015,Optik,FLATTOPPEDHOLLOWLASERBEAMSCANOBTAINEDBYUSINGMULTICOREPHOTONICCRYSTALFIBERMIXEDGEO2,silicon dioxide,589.0,1.450018,10.1016/j.ijleo.2015.07.124,O=[Si]=O,2,0
3387,12/17/2013,Spectrochimica Acta Part A: Molecular and Biomolecular Spectroscopy,DETERMINATIONGROUNDEXCITEDSTATEDIPOLEMOMENTSDIPOLARLASERDYESBYSOLVATOCHROMICSHIFTMETHOD,Butanol,589.0,1.291,10.1016/j.saa.2013.12.031,CCCCO,1,0
3388,6/1/2010,Dyes and Pigments,ASENSITIVESELECTIVEFLUORESCENTSENSORFORDETERMINATIONMERCURYIIBASEDANOVELTRIAZINETHIONEDERIVATIVE,THF,318.0,1.407,10.1016/j.dyepig.2010.05.014,C1CCOC1,0,0
3391,4/21/2015,Optik,DESIGNOPTICALLOGICGATESINPHOTONICCRYSTALWAVEGUIDES,silicon,589.0,3.5,10.1016/j.ijleo.2015.03.003,[Si],2,0
3394,6/23/2016,Antiviral Research,IMPACTGLYCOPROTEINBGENOTYPENATURALLYOCCURRINGORFUL56POLYMORPHISMSUPONSUSCEPTIBILITYCLINICALHUMANCYTOMEGALOVIRUSISOLATESLETERMOVIR,Ganciclovir,589.0,1.2,10.1016/j.antiviral.2016.06.008,C1=NC2=C(N1COC(CO)CO)N=C(NC2=O)N,1,0
3395,9/2/2013,Fluid Phase Equilibria,LIQUIDLIQUIDCOEXISTENCECURVESXNITROBENZENE1X2METHYLPENTANEXNITROBENZENE1XISOOCTANEINCRITICALREGION,nitrobenzene,632.8,1.3918,10.1016/j.fluid.2013.08.025,C1=CC=C(C=C1)[N+](=O)[O-],0,0
3396,8/10/1999,Chemical Physics Letters,SOLVENTPOLARITYSCALEFLUORESCENCESPECTRAADANSYLMONOMERCOPOLYMERIZABLEINAQUEOUSMEDIA,dioxane,336.7,1.42,10.1016/S0009-2614(99)00495-9,C1COCCO1,0,0
3397,3/31/2007,Thin Solid Films,ITODEPOSITEDBYPYROSOLFORPHOTOVOLTAICAPPLICATIONS,H2O,589.0,1.795,10.1016/j.tsf.2007.03.097,O,0,0
3398,10/11/2011,Chemical Science,Practical computation of electronic excitation in solution: vertical excitation model  ,Pyridine,589.0,2.29,10.1039/C1SC00313E,C1=CC=NC=C1,1,1
3400,6/13/2009,Physica B: Condensed Matter,BANDPARAMETERSFORCADMIUMZINCCHALCOGENIDECOMPOUNDS,ZnSe,589.0,2.51,10.1016/j.physb.2009.06.046,[Zn]=[Se],0,0
3401,12/3/2002,Polymer Degradation and Stability,INFLUENCEUVIRRADIATIONPOLYVINYLCHLORIDEMODIFIEDBYIRONCOBALTCHLORIDES,FeCl3,589.0,3.0,10.1016/S0141-3910(02)00286-0,Cl[Fe](Cl)Cl,1,0
3404,9/19/2008,The Journal of Chemical Thermodynamics,MIXINGPROPERTIESTRIS2HYDROXYETHYLMETHYLAMONIUMMETHYLSULFATEWATERMETHANOL29815KDATATREATMENTUSINGSEVERALCORRELATIONEQUATIONS,methanol,589.0,1.41404,10.1016/j.jct.2008.09.009,CO,0,0
3405,4/11/2016,Journal of Taibah University for Science,QSARANALYSISTOXICITYPHENOLSTHIOPHENOLSUSINGMLRANN,phenol,589.0,1.577,10.1016/j.jtusci.2016.03.002,C1=CC=C(C=C1)O,0,0
3406,6/17/2011,Journal of the European Ceramic Society,RHEOLOGYUVCURABLECOLLOIDALSILICADISPERSIONSFORRAPIDPROTOTYPINGAPPLICATIONS,4-Hydroxybutylacrylate,589.0,1.454,10.1016/j.jeurceramsoc.2011.05.004,C=CC(=O)OCCCCO,1,0
3407,9/25/2015,Complementary Therapies in Clinical Practice,EFFECTSQUINCESYRUPCLINICALSYMPTOMSCHILDRENSYMPTOMATICGASTROESOPHAGEALREFLUXDISEASEADOUBLEBLINDRANDOMIZEDCONTROLLEDCLINICALTRIAL,Omeprazole,589.0,4.57,10.1016/j.ctcp.2015.09.005,CC1=CN=C(C(=C1OC)C)CS(=O)C2=NC3=C(N2)C=C(C=C3)OC,1,0
3409,9/14/2015,Optik,HIGHQUALITYCONTROLLABLEHOLLOWBEAMGENERATIONBYALIQUIDCOREOPTICALFIBER,CS2,589.0,1.62,10.1016/j.ijleo.2015.09.071,C(=S)=S,2,0
3410,9/19/2018,The Journal of Chemical Thermodynamics,VOLUMETRICREFRACTIVEPROPERTIES1357TETRAVINYL1357TETRAMETHYLCYCLOTETRASILOXANEMETHOXYBENZENECHLOROBENZENETERTBUTYLBENZENENITROBENZENET2981531815K,chlorobenzene,589.0,1.48228,10.1016/j.jct.2018.09.021,C1=CC=C(C=C1)Cl,1,0
3411,3/4/2011,Optical Materials,LUMINESCENCEDECAYTRENDSFORNIRTRANSITION4I1324IL5215MINER3DOPEDLBTGLASSES,TeO2,589.0,1.76,10.1016/j.optmat.2011.02.003,O=[Te]=O,1,0
3413,2/2/2011,Journal of Alloys and Compounds,OPTICALPROPERTIESYB3DOPEDPHOSPHATELASERGLASSES,P2O5,589.0,1.512,10.1016/j.jallcom.2011.01.148,O=P12OP3(=O)OP(=O)(O1)OP(=O)(O2)O3,0,0
3414,7/12/2017,Pharmaceutical Research,"The Differential Absorption of a Series of P-Glycoprotein Substrates in Isolated Perfused Lungs from Mdr1a/1b Genetic Knockout Mice can be Attributed to Distinct Physico-Chemical Properties: an Insight into Predicting Transporter-Mediated, Pulmonary Specific Disposition",Salbutamol,589.0,1.41,10.1007/s11095-017-2220-5,CC(C)(C)NCC(C1=CC(=C(C=C1)O)CO)O,1,2
3415,8/13/2018,Sensors and Actuators B: Chemical,SURFACEPLASMONRESONANCEBIOSENSORBASEDGRAPHENEOXIDESILVERCOATEDPOLYMERCLADDINGSILICAFIBER,Silver,589.0,1.34755,10.1016/j.snb.2018.08.065,[Ag],1,0
3417,7/5/2011,Food Research International,CHEMICALEVALUATIONTHERMALBEHAVIORBRAZILNUTOILOBTAINEDBYDIFFERENTEXTRACTIONPROCESSES,CO2,589.0,1.458,10.1016/j.foodres.2011.06.038,C(=O)=O,1,0
3418,2/3/2011,Journal of Luminescence,SYSTEMATICSTUDYRELATIONSHIPSBETWEENENERGYLEVELSTL01TL2CENTERSCRYSTALLINEENVIRONMENT,KCl,589.0,1.488,10.1016/j.jlumin.2011.01.007,[Cl-].[K+],0,0
3423,11/30/2000,Fluid Phase Equilibria,VAPORLIQUIDEQUILIBRIAFORBIS222TRIFLUOROETHYLETHERSEVERALORGANICCOMPOUNDSCONTAININGOXYGEN,Ethyl acetate,589.0,1.36981,10.1016/S0378-3812(00)00419-2,CCOC(=O)C,1,0
3429,5/18/2011,Thin Solid Films,THERMALCONDUCTIVITYSOUNDVELOCITYMEASUREMENTSPLASMAENHANCEDCHEMICALVAPORDEPOSITEDASICHTHINFILMS,SiC,673.0,2.32,10.1016/j.tsf.2011.05.014,[C-]#[Si+],0,0
3431,6/20/2015,Spectrochimica Acta Part A: Molecular and Biomolecular Spectroscopy,MOLECULARINTERACTIONSFLAVONOIDSPEPSININSIGHTSSPECTROSCOPICMOLECULARDOCKINGSTUDIES,Genistein,589.0,1.06,10.1016/j.saa.2015.06.059,C1=CC(=CC=C1C2=COC3=CC(=CC(=C3C2=O)O)O)O,1,0
3432,3/2/2012,Spectrochimica Acta Part A: Molecular and Biomolecular Spectroscopy,SENSITIVEMEASUREMENTOPTICALNONLINEARITYINAMORPHOUSCHALCOGENIDEMATERIALSINNANOSECONDREGIME,YVO4,589.0,1.9,10.1016/j.saa.2012.02.093,[O-2].[O-2].[O-2].[O-2].[V].[Y+3],1,0
3435,5/29/2015,Journal of Molecular Liquids,THERMODYNAMICSTUDYASPIRININPRESENCEIONICLIQUID1HEXYL3METHYLIMIDAZOLIUMBROMIDEINACETONITRILET2881531815K,MeCN,589.0,1.3575,10.1016/j.molliq.2015.05.032,CC#N,0,0
3436,6/25/2010,Energy Conversion and Management,CATALYTICPYROLYSISLDPELEADSVALUABLERESOURCERECOVERYREDUCTIONWASTEPROBLEMS,ZnO,589.0,1.456,10.1016/j.enconman.2010.06.016,O=[Zn],1,0
3437,11/16/2010,Optical Materials,INTENSITYPARAMETERSTM3DOPEDSC2O3TRANSPARENTCERAMICLASERMATERIAL,Sc2O3,589.0,1.9668,10.1016/j.optmat.2010.10.032,[O-2].[O-2].[O-2].[Sc+3].[Sc+3],0,0
3438,8/22/2013,"Nuclear Instruments and Methods in Physics Research Section A: Accelerators, Spectrometers, Detectors and Associated Equipment",PERFORMANCESTUDYWAVELENGTHSHIFTINGACRYLICPLASTICFORCHERENKOVLIGHTDETECTION,silica,486.1,1.46313,10.1016/j.nima.2013.08.029,O=[Si]=O,0,0
3440,9/24/2018,Ceramics International,Influences of annealing temperature on anti-reflective performance of amorphous Ta2O5 thin films,Ta2O5,589.0,2.11,10.1016/j.ceramint.2018.09.237,[O-2].[O-2].[O-2].[O-2].[O-2].[Ta+5].[Ta+5],3,0
3442,10/3/2013,Computational Materials Science,FIRSTPRINCIPLESTUDYMF2MMGCASRBARACOMPOUNDS,CaF2,589.0,1.37,10.1016/j.commatsci.2013.09.010,[F-].[F-].[Ca+2],0,0
3444,11/20/2014,Nanoscale,Atomic layer deposition-based tuning of the pore size in mesoporous thin films studied by in situ grazing incidence small angle X-ray scattering ,titania,589.0,2.45,10.1039/C4NR05049E,O=[Ti]=O,2,1
3447,4/9/2007,Tribology International,TRIBOLOGICALCHARACTERISTICSSELFASSEMBLEDMONOLAYERSILOXANEBONDINGSISURFACE,Tetradecyltrichlorosilane,589.0,1.455,10.1016/j.triboint.2007.02.017,CCCCCCCCCCCCCC[Si](Cl)(Cl)Cl,0,0
3449,4/19/2001,Journal of Photochemistry and Photobiology A: Chemistry,PHOTOPHYSICALAGGREGATIONPROPERTIESALONGCHAINSQUARYLIUMINDOCYANINEDYE,Dioxane,652.0,1.4224,10.1016/S1010-6030(01)00405-1,C1COCCO1,0,0
3453,2/21/2009,Thin Solid Films,CHEMICALDEPOSITIONAL2O3THINFILMSSISUBSTRATES,Al2O3,589.0,1.58,10.1016/j.tsf.2009.02.085,[O-2].[O-2].[O-2].[Al+3].[Al+3],0,0
3455,7/29/2012,Journal of Molecular Liquids,DENSITIESVISCOSITIESREFRACTIVEINDICESEXCESSPROPERTIESANILINEOANISIDINE2ALKOXYETHANOLS30315K,o-Anisidine,589.0,1.417,10.1016/j.molliq.2012.07.025,COC1=CC=CC=C1N,1,0
3456,10/13/2016,Journal of Molecular Liquids,ASSESSMENTNONCOVALENTINTERACTIONBETWEENINSULINANTIBIOTICSINAQUEOUSSOLUTIONTHROUGHULTRASONICSTUDIESINSILICODOCKINGANALYSIS,Levofloxacin,589.0,1.3357,10.1016/j.molliq.2016.10.051,CC1COC2=C3N1C=C(C(=O)C3=CC(=C2N4CCN(CC4)C)F)C(=O)O,1,0
3458,5/31/2002,Journal of Geodynamics,SIMULTANEOUSINVERSIONGRAVITYHEATFLOWDATACONSTRAINTSTHERMALREGIMERHEOLOGYEVOLUTIONCANADIANSHIELDCRUST,Shield,589.0,3.0,10.1016/S0264-3707(01)00082-5,C1=CC(=NC(=C1Cl)C(=O)O)Cl,0,0
3461,4/10/2012,Journal of Materials Chemistry,New perylene-doped polymeric thin films for efficient and long-lasting lasers ,quartz,589.0,1.4583,10.1039/C2JM16745J,O=[Si]=O,2,1
3462,3/17/2012,Solar Energy Materials and Solar Cells,EFFICIENTNEARINFRAREDQUANTUMSPLITTINGINYVO4HO3FORPHOTOVOLTAICS,YVO4,589.0,2.02,10.1016/j.solmat.2012.03.001,[O-2].[O-2].[O-2].[O-2].[V].[Y+3],2,0
3463,4/11/2011,Analyst,Plasmonic properties of silver nanostructures coated with an amorphous silicon–carbon alloy and their applications for sensitive sensing of DNA hybridization ,butanol,589.0,1.333,10.1039/C0AN01022G,CCCCO,2,1
3464,8/17/2010,Biophysical Journal,MAPPINGDYNAMICPROTEININTERACTIONSINSULINSECRETORYGRANULEBEHAVIORTIRFFRET,silica,589.0,1.37,10.1016/j.bpj.2010.06.014,O=[Si]=O,2,0
3465,11/12/2008,Biophysical Journal,CONFORMATIONALCHANGESORIENTATIONHUMICOLALANUGINOSALIPASEASOLIDHYDROPHOBICSURFACEINSITUINTERFACEFOURIERTRANSFORMINFRAREDATTENUATEDTOTALREFLECTIONSTUDY,silicon,589.0,1.3,10.1016/S0006-3495(02)75612-9,[Si],2,0
3466,6/2/2016,Ecotoxicology and Environmental Safety,COMPARATIVEECOTOXICOLOGYSTUDYTWONEOTERICSOLVENTSIMIDAZOLIUMIONICLIQUIDVSGLYCEROLDERIVATIVE,1-butyl-3-methylimidazolium hexafluorophosphate,589.0,1.411,10.1016/j.ecoenv.2016.05.021,CCCCN1C=C[N+](=C1)C.F[P-](F)(F)(F)(F)F,1,0
3468,1/20/2009,Energy Conversion and Management,RECOVERYVALUEADDEDPRODUCTSCATALYTICPYROLYSISWASTETYRE,Al2O3,589.0,1.1015,10.1016/j.enconman.2008.12.017,[O-2].[O-2].[O-2].[Al+3].[Al+3],0,0
3469,10/8/2018,Optik,"Effect of oxygen vacancy on Sb3+, Nb3+ and V3+ doped KTaO3 compounds",KTaO3,589.0,1.94,10.1016/j.ijleo.2018.10.039,[O-][Ta](=O)=O.[K+],3,0
3471,9/21/2007,International Journal of Pharmaceutics,SPECTROSCOPICSTUDIESINTERACTIONAZELNIDIPINEBOVINESERUMALBUMIN,azelnidipine,589.0,1.09,10.1016/j.ijpharm.2007.09.016,CC1=C(C(C(=C(N1)N)C(=O)OC2CN(C2)C(C3=CC=CC=C3)C4=CC=CC=C4)C5=CC(=CC=C5)[N+](=O)[O-])C(=O)OC(C)C,0,0
3472,9/19/2018,The Journal of Chemical Thermodynamics,VOLUMETRICREFRACTIVEPROPERTIES1357TETRAVINYL1357TETRAMETHYLCYCLOTETRASILOXANEMETHOXYBENZENECHLOROBENZENETERTBUTYLBENZENENITROBENZENET2981531815K,chlorobenzene,589.0,1.45601,10.1016/j.jct.2018.09.021,C1=CC=C(C=C1)Cl,1,0
3473,12/11/2009,Icarus,THRESHOLDWAVEGENERATIONTITANSLAKESSEASEFFECTVISCOSITYIMPLICATIONSFORCASSINIOBSERVATIONS,CH4,589.0,1.287,10.1016/j.icarus.2009.12.004,C,0,0
3474,1/14/2003,Astroparticle Physics,COSMICRAYPROTONHELIUMSPECTRAMEASUREDCAPRICE98BALLOONEXPERIMENT,Helium,589.0,1.42,10.1016/S0927-6505(02)00267-0,[He],1,0
3475,12/18/2015,Materials Science and Engineering: B,INVESTIGATIONFUNDAMENTALPHYSICALPROPERTIESCDSIP2APPLICATIONINSOLARCELLDEVICESBYUSINGZNXXSETEBUFFERLAYERS,ZnO,589.0,1.7,10.1016/j.mseb.2015.11.010,O=[Zn],1,0
3476,11/22/2007,Talanta,ENHANCEMENTRESPONSEPOLYDIMETHYLSILOXANEHOLLOWPRISMSTHROUGHAIRMIRRORSFORABSORBANCEBASEDSENSING,PDMS,589.0,1.334,10.1016/j.talanta.2007.11.041,C[Si](C)(C)O[Si](C)(C)O[Si](C)(C)C,2,0
3477,3/3/2006,Fluid Phase Equilibria,EFFECTANIONFLUORINATIONIN1ETHYL3METHYLIMIDAZOLIUMSOLVENTFORLIQUIDEXTRACTIONETHANOLETHYLTERTBUTYLETHER,ETBE,589.0,1.37298,10.1016/j.fluid.2006.01.008,CCOC(C)(C)C,1,0
3478,3/11/2011,Phys. Chem. Chem. Phys.,Evaluation of a quantitative structure–property relationship (QSPR) for predicting mid-visible refractive index of secondary organic aerosol (SOA),Paramethadione,589.0,1.449,10.1039/C0CP02270E,CCC1(C(=O)N(C(=O)O1)C)C,0,1
3479,3/14/2019,Spectrochimica Acta Part A: Molecular and Biomolecular Spectroscopy,SPECTRALFLUORESCENTSTUDYINTERACTIONPOLYMETHINEDYEPROBESBIOLOGICALSURFACTANTSBILESALTS,Dioxane,603.0,1.4224,10.1016/j.saa.2019.03.017,C1COCCO1,0,0
3481,12/26/2012,Journal of Crystal Growth,INFLUENCEDEPOSITIONTEMPERATUREGROWTHMODEOPTICALMECHANICALPROPERTIESZNOFILMSPREPAREDBYALDMETHOD,ZnO,632.0,1.81,10.1016/j.jcrysgro.2012.12.024,O=[Zn],0,0
3482,9/10/1999,Global and Planetary Change,QUATERNARYSTRATIGRAPHYDISTALTEPHRALAYERSINMEDITERRANEANANOVERVIEW,CaO,589.0,1.76,10.1016/S0921-8181(99)00006-5,O=[Ca],1,0
3483,9/26/2001,Chemical Physics,RHODAMINE3BCLO4ELECTRONICTRANSITIONSREACTIONFIELDVIBRATIONALSTRUCTURE,Formamide,589.0,1.447,10.1016/S0301-0104(01)00478-5,C(=O)N,1,0
3485,1/26/2016,RSC Adv.,Recognition and binding of voltage-dependent anion channel-1 with ATP and NADH by spectroscopic analysis and molecular docking,Adenosine 5'-Triphosphate,589.0,1.111,10.1039/C5RA27694B,C1=NC(=C2C(=N1)N(C=N2)C3C(C(C(O3)COP(=O)(O)OP(=O)(O)OP(=O)(O)O)O)O)N,0,1
3488,7/22/2015,Fluid Phase Equilibria,EXPERIMENTALISOBARICVAPORLIQUIDEQUILIBRIUMSUBATMOSPHERICLOCALATMOSPHERICPRESSURESVOLUMETRICPROPERTIESMOLARREFRACTIVITY2931531315KWATERTRIETHYLENEGLYCOL,TEG,589.0,1.44815,10.1016/j.fluid.2015.07.030,C(COCCOCCO)O,0,0
3489,4/30/2016,Journal of Molecular Liquids,ULTRASONICSPEEDSVISCOSITIESREFRACTIVEINDICESFTIRSPECTROSCOPICSTUDIESOXYGENATEALIPHATICAROMATICHYDROCARBONS29815K30815K,1-Propanol,589.0,1.429,10.1016/j.molliq.2016.04.011,CCCO,0,0
3493,10/15/2003,Optics Communications,TWOPHOTONABSORPTION211NMINFUSEDSILICACRYSTALLINEQUARTZALKALIHALIDES,Barium fluoride,589.0,1.5457,10.1016/j.optcom.2003.09.086,[F-].[F-].[Ba+2],1,0
3495,2/25/2000,Solid State Ionics,PREPARATIONINVESTIGATIONSOLGELTIO2MNO,TiO2,589.0,2.55,10.1016/S0167-2738(99)00305-7,O=[Ti]=O,2,0
3498,11/20/2001,Fluid Phase Equilibria,PHASEEQUILIBRIAINSYSTEMS3METHYLPENTANEMETHYLCYCLOHEXANEDIISOPROPYLETHERMETHYLCYCLOHEXANE3METHYLPENTANEDIISOPROPYLETHERMETHYLCYCLOHEXANE1013KPA,Methylcyclohexane,589.0,1.4204,10.1016/S0378-3812(01)00653-7,CC1CCCCC1,1,0
3499,10/31/2001,Fuel,REFRACTIVEINDEXMEASUREMENTSDILUTEDBITUMENSOLUTIONS,Anisole,589.0,1.5788,10.1016/S0016-2361(01)00087-4,COC1=CC=CC=C1,0,0
3502,8/12/2011,Optical Materials,SPECTROSCOPICELLIPSOMETRYANALYSESTHINFILMSINDIFFERENTENVIRONMENTSINNOVATIVEREVERSESIDEAPPROACHALLOWINGMULTIANGLEMEASUREMENTS,ethanol,1000.0,2.035,10.1016/j.optmat.2011.07.014,CCO,0,0
3503,7/6/2017,The Journal of Chemical Thermodynamics,THERMOPHYSICALPROPERTIESOXYGENATEDTHIOPHENEDERIVATIVESEXPERIMENTALDATAMODELLING,2-Thiophenecarboxaldehyde,589.0,1.5853,10.1016/j.jct.2017.07.008,C1=CSC(=C1)C=O,1,0
3504,3/28/2012,The Journal of Chemical Thermodynamics,VOLUMETRICSTERICPROPERTIESHYDROXAMICACIDSINETHANOLDIFFERENTTEMPERATURES,ethanol,589.0,1.3659,10.1016/j.jct.2012.03.019,CCO,0,0
3509,10/22/2013,Fluid Phase Equilibria,SOLUBILITYTIELINEDATAFORAQUEOUSSOLUTIONSBUTYRICACID1OCTANOL2ETHYL1HEXANOLVARIOUSTEMPERATURES,butanoic acid,589.0,1.3977,10.1016/j.fluid.2013.10.022,CCCC(=O)O,0,0
3510,3/11/2011,Phys. Chem. Chem. Phys.,Evaluation of a quantitative structure–property relationship (QSPR) for predicting mid-visible refractive index of secondary organic aerosol (SOA),2-Methyl-1-pentene,589.0,1.392,10.1039/C0CP02270E,CCCC(=C)C,0,1
3511,2/13/2016,Fluid Phase Equilibria,CRITICALPHENOMENAINBROMOBENZENE1HEXYL3METHYLIMIDAZOLIUMBISTRIFLUOROMETHYLSULFONYLIMIDEBINARYSOLUTION,bromobenzene,632.8,1.5356,10.1016/j.fluid.2016.02.011,C1=CC=C(C=C1)Br,0,0
3513,4/6/2007,Spectrochimica Acta Part A: Molecular and Biomolecular Spectroscopy,EFFECTSPRESSURESOLVENTSINFRAREDABSORPTIONINTENSITIESCISTRETCHINGMODESMETHYLETHYLIODIDESINSOLUTIONS,Carbondisulfide,589.0,1.6319,10.1016/j.saa.2007.03.045,C(=S)=S,0,0
3514,12/22/2017,Materials Chemistry and Physics,Enhanced reliability of LEDs encapsulated with surface-modified zirconia/silicone hybrids under thermal shock,ZrO2,589.0,1.567,10.1016/j.matchemphys.2017.12.011,O=[Zr]=O,3,0
3516,11/29/2012,Journal of Materials Chemistry C,A protected annealing process for the production of high quality colloidal oxide  nanoparticles with optimized physical properties ,YVO4,589.0,1.33,10.1039/C2TC00127F,[O-2].[O-2].[O-2].[O-2].[V].[Y+3],2,1
3519,4/27/2018,Nanoscale,A strain induced subwavelength-structure for a haze-free and highly transparent flexible plastic substrate,LiF,589.0,1.39,10.1039/C8NR00998H,[Li+].[F-],3,1
3521,7/22/2015,The Journal of Chemical Thermodynamics,EXPERIMENTALCORRELATIONALSTUDYPHASEEQUILIBRIAINAQUEOUSMIXTURESPHOSPHORICACIDAROMATICHYDROCARBONSVARIOUSTEMPERATURES,Ethylbenzene,589.0,1.493,10.1016/j.jct.2015.07.020,CCC1=CC=CC=C1,0,0
3522,2/2/2012,Sensors and Actuators B: Chemical,ENHANCEDOPTICALELECTRICALGASSENSINGRESPONSESOLGELBASEDNIOAUZNOAUNANOSTRUCTUREDTHINFILMS,ZnO,589.0,2.01,10.1016/j.snb.2012.01.062,O=[Zn],1,0
3523,3/9/2017,Journal of Materials Chemistry C,Chemical and structural investigation of zinc-oxo cluster photoresists for DUV lithography ,ZnOC,589.0,1.5,10.1039/C6TC05201K,C(=O)=[Zn],2,1
3526,6/16/2012,Proceedings of the Combustion Institute,KINETICSFORREACTIONSPHENYLMETHANOLETHANOLCOMPARISONTHEORYEXPERIMENT,C6H5,589.0,2.18,10.1016/j.proci.2012.05.043,C1=CC=[C]C=C1,0,0
3529,1/6/2016,Separation and Purification Technology,OPTIMIZATIONSUPERCRITICALCARBONDIOXIDEEXTRACTIONPHYSICOCHEMICALCYTOTOXICITYPROPERTIESGYNOSTEMMAPENTAPHYLLUMSEEDOILAPOTENTIALSOURCECONJUGATEDLINOLENICACIDS,SC-CO2,589.0,1.5162,10.1016/j.seppur.2016.01.007,C(=O)([O-])[S-],0,0
3531,3/9/2018,Optical Materials,STRUCTURALTHIRDORDERNONLINEAROPTICALPROPERTIESGDDOPEDNIWO4NANOSTRUCTURES,NiWO4,589.0,4.75,10.1016/j.optmat.2018.01.026,[O-][W](=O)(=O)[O-].[Ni+2],1,0
3534,2/6/2012,Applied Surface Science,PHASEEVOLUTIONINZIRCONIATHINFILMSPREPAREDBYPULSEDLASERDEPOSITION,zirconia,589.0,1.88,10.1016/j.apsusc.2012.01.160,O=[Zr]=O,0,0
3535,2/28/2003,Phys. Chem. Chem. Phys.,Tricriticality in the ternary system 3-methylpyridine/water/NaBr? The coexistence curves,NaBr,589.0,1.39192,10.1039/B212337A,[Na+].[Br-],0,1
3536,7/25/2002,Polymer,The research on syntheses and properties of novel epoxy/polymercaptan curing optical resins with high refractive indices,epoxy resin,589.0,1.63,10.1016/S0032-3861(01)00573-0,CC(C)(C1=CC=C(C=C1)O)C2=CC=C(C=C2)O.C=CC(=O)O.C1C(O1)CCl,3,0
3538,2/28/2012,Solar Energy Materials and Solar Cells,IMPROVINGSOLARCELLEFFICIENCYOPTICALLYOPTIMISEDTCOLAYERS,TCO,589.0,1.5,10.1016/j.solmat.2012.01.037,C1CCCC=CCC1,2,0
3539,10/30/2015,Microporous and Mesoporous Materials,IMPACTDEPOSITIONLASERDENSIFICATIONSILICALITE1FILMSOPTICALCHARACTERISTICS,TEOS,630.0,1.403,10.1016/j.micromeso.2015.10.035,CCO[Si](OCC)(OCC)OCC,0,0
3540,5/31/2001,Fluid Phase Equilibria,VAPORLIQUIDEQUILIBRIAFOR1122TETRAFLUOROETHYL222TRIFLUOROETHYLETHERSEVERALORGANICCOMPOUNDSCONTAININGOXYGEN,Ethanol,589.0,1.3593,10.1016/S0378-3812(01)00394-6,CCO,1,0
3541,5/1/2013,Environmental Science: Processes & Impacts,Influences of external vs. core–shell mixing on aerosol optical properties at various relative humidities ,Sulfate,589.0,1.36,10.1039/C3EM30975D,[O-]S(=O)(=O)[O-],1,1
3542,5/9/2008,Optical Materials,CORRELATIONBETWEENOPTICALELECTRONEGATIVITYREFRACTIVEINDEXTERNARYCHALCOPYRITESSEMICONDUCTORSINSULATORSOXIDESALKALIHALIDES,CaO,589.0,1.677,10.1016/j.optmat.2008.03.010,O=[Ca],0,0
3544,6/8/2012,Thermochimica Acta,DIELECTRICREFRACTIVEINDEXMEASUREMENTSFORSYSTEMS1PENTANOLOCTANEDIBUTYLETHERFORDIBUTYLETHEROCTANEDIFFERENTTEMPERATURES,Dibutylether,589.0,3.145,10.1016/j.tca.2012.05.036,CCCCOCCCC,0,0
3548,4/6/2001,Sensors and Actuators B: Chemical,SPRFIBRESENSORSENSITISEDBYFLUOROSILOXANEPOLYMERS,Xylene,589.0,1.496,10.1016/S0925-4005(00)00720-6,CC1=CC=CC=C1C,1,0
3549,9/20/2009,Fluid Phase Equilibria,PHYSICALPROPERTIESPHASEEQUILIBRIASYSTEMISOPROPYLACETATEISOPROPANOL1OCTYL3METHYLIMIDAZOLIUMBISTRIFLUOROMETHYLSULFONYLIMIDE,isopropylacetate,589.0,1.41601,10.1016/j.fluid.2009.09.015,"CC(C)CC(=O)[O-]
CC(C)CC(=O)O",0,0
3550,4/26/2018,Measurement,Plastic optical fiber immunosensor for fast detection of sulfate-reducing bacteria,sucrose,589.0,1.388,10.1016/j.measurement.2018.04.088,C(C1C(C(C(C(O1)OC2(C(C(C(O2)CO)O)O)CO)O)O)O)O,3,0
3552,1/1/2009,The Journal of Chemical Thermodynamics,CRITICALBEHAVIORWATERAOTDECANEMICROEMULSIONVARIOUSMOLARRATIOSWATERAOT,AOT,632.8,1.4027,10.1016/j.jct.2008.12.019,CCCCC(CC)COC(=O)CC(C(=O)OCC(CC)CCCC)S(=O)(=O)[O-].[Na+],0,0
3554,4/30/2016,Journal of Molecular Liquids,ULTRASONICSPEEDSVISCOSITIESREFRACTIVEINDICESFTIRSPECTROSCOPICSTUDIESOXYGENATEALIPHATICAROMATICHYDROCARBONS29815K30815K,1-Propanol,589.0,1.347,10.1016/j.molliq.2016.04.011,CCCO,1,0
3557,10/6/2004,Sensors and Actuators B: Chemical,NANOMETERTHICKSPRSENSORFORGASEOUSHCL,HCl,589.0,3.2,10.1016/j.snb.2004.08.029,Cl,1,0
3560,10/24/2013,Journal of Materials Chemistry C,First principles selection and design of mid-IR nonlinear optical halide crystals  ,SbCl3,589.0,2.0196,10.1039/C3TC31283F,Cl[Sb](Cl)Cl,1,1
3561,11/23/2017,Optik,ACCURATECALCULATIONGOOSHANCHENSHIFTCRITICALANGLEFORCOMPLEXLASERBEAMPROFILESUSINGBEAMPROPAGATIONMETHOD,glucose,589.0,1.3327834,10.1016/j.ijleo.2017.11.184,C(C1C(C(C(C(O1)O)O)O)O)O,0,0
3562,2/6/2014,Sensors and Actuators B: Chemical,AROUTELOWCOSTNANOPLASMONICBIOSENSORINTEGRATEDOPTOFLUIDICPORTABLEPLATFORM,NaCl,589.0,1.3684,10.1016/j.snb.2014.01.110,[Na+].[Cl-],0,0
3563,12/10/2010,Icarus,PRODUCTIONDETECTIONCARBONDIOXIDEIAPETUS,Carbon,589.0,1.83,10.1016/j.icarus.2010.12.007,[C],1,0
3565,7/14/2005,Thin Solid Films,ATOMICLAYERDEPOSITIONHAFNIUMDIOXIDETHINFILMSHAFNIUMTETRAKISDIMETHYLAMIDEWATER,HfO2,580.0,2.049,10.1016/j.tsf.2005.05.050,O=[Hf]=O,0,0
3568,4/24/2000,Materials Science in Semiconductor Processing,SURFACEROUGHENINGSICGACONTAININGSEMICONDUCTORSINREACTIVEPLASMAS,GaP,315.0,3.17,10.1016/S1369-8001(99)00037-2,"C(C(C=O)O)OP(=O)(O)O
C(C(C=O)O)OP(=O)(O)O
C(C(C=O)O)OP(=O)([O-])[O-]",0,0
3570,10/13/2016,Journal of Molecular Liquids,ASSESSMENTNONCOVALENTINTERACTIONBETWEENINSULINANTIBIOTICSINAQUEOUSSOLUTIONTHROUGHULTRASONICSTUDIESINSILICODOCKINGANALYSIS,Ciprofloxacin,589.0,3.2004,10.1016/j.molliq.2016.10.051,C1CC1N2C=C(C(=O)C3=CC(=C(C=C32)N4CCNCC4)F)C(=O)O,1,0
3571,2/24/2006,Optics Communications,SPECTROSCOPICSTUDIESEU3DOPEDCALIBOGLASSEFFECTADDITIONBARIUMCARBONATEENERGYTRANSFERINPRESENCESM3,BaO,589.0,1.59,10.1016/j.optcom.2006.02.008,O=[Ba],0,0
3572,9/19/2018,The Journal of Chemical Thermodynamics,VOLUMETRICREFRACTIVEPROPERTIES1357TETRAVINYL1357TETRAMETHYLCYCLOTETRASILOXANEMETHOXYBENZENECHLOROBENZENETERTBUTYLBENZENENITROBENZENET2981531815K,methoxybenzene,589.0,1.47579,10.1016/j.jct.2018.09.021,COC1=CC=CC=C1,1,0
3575,3/6/2017,Journal of Industrial and Engineering Chemistry,ULTRASOUNDASSISTEDRAREEARTHDOPEDWOLLASTONITENANOPOWDERSLABELINGAGENTFORIMAGINGECCRINELATENTFINGERPRINTSCHEILOSCOPYAPPLICATIONS,CdSiO3,589.0,5.34,10.1016/j.jiec.2017.02.019,[O-][Si](=O)[O-].[Cd+2],0,0
3581,1/29/2019,Ceramics International,DESIGNPREPARATIONDURABLEDOUBLELAYERNONQUARTERWAVEANTIREFLECTIVECOATINGS,Ta2O5,550.0,2.26,10.1016/j.ceramint.2019.01.162,[O-2].[O-2].[O-2].[O-2].[O-2].[Ta+5].[Ta+5],0,0
3583,12/3/2003,Fluid Phase Equilibria,ACOUSTICVOLUMETRICCOMPRESSIBILITYREFRACTIVITYPROPERTIESREDUCTIONPARAMETERSFORERASFLORYMODELSHOMOLOGOUSSERIESAMINES2981532815K,Hexylamine,589.0,1.4081,10.1016/j.fluid.2003.09.007,CCCCCCN,1,0
3587,5/29/2015,Journal of Molecular Liquids,THERMODYNAMICSTUDYASPIRININPRESENCEIONICLIQUID1HEXYL3METHYLIMIDAZOLIUMBROMIDEINACETONITRILET2881531815K,MeCN,589.0,1.3582,10.1016/j.molliq.2015.05.032,CC#N,0,0
3589,1/6/2016,The Journal of Chemical Thermodynamics,PHYSICOCHEMICALPROPERTIES135TRIMETHYL135TRIS333TRIFLUOROPROPYLCYCLOTRISILOXANEVARIOUSAROMATICHYDROCARBONST3081532315K,nitrobenzene,589.0,1.36437,10.1016/j.jct.2015.12.025,C1=CC=C(C=C1)[N+](=O)[O-],1,0
3592,11/27/2014,RSC Advances,Structure and growth mechanism of self-assembled monolayers of metal protoporphyrins and octacarboxylphthalocyanine on silicon dioxide  ,silicon,589.0,1.46,10.1039/C4RA11285G,[Si],2,1
3597,8/24/1999,Journal of Molecular Liquids,STRUCTUREDNESSSUPERCRITICALWATERUP600C100MPAOBTAINEDRELATIVEPERMITTIVITYDATA,glycerol,589.0,3.17,10.1016/S0167-7322(99)00059-8,C(C(CO)O)O,2,0
3599,4/10/2008,Optics and Lasers in Engineering,DIFFUSIONSTUDIESINPOLARIZEDREVERSEOSMOSISPROCESSESBYHOLOGRAPHICINTERFEROMETRY,KNO3,589.0,1.33325,10.1016/j.optlaseng.2008.02.004,[N+](=O)([O-])[O-].[K+],0,0
3600,4/30/2016,Journal of Molecular Liquids,ULTRASONICSPEEDSVISCOSITIESREFRACTIVEINDICESFTIRSPECTROSCOPICSTUDIESOXYGENATEALIPHATICAROMATICHYDROCARBONS29815K30815K,1-Propanol,589.0,1.487,10.1016/j.molliq.2016.04.011,CCCO,1,0
3605,10/28/2004,Journal of Molecular Structure,OPTICALCONSTANTSVIBRATIONALASSIGNMENTFLUOROBENZENEBETWEEN4000400CM125C,fluorobenzene,589.0,1.4336,10.1016/j.molstruc.2004.09.004,C1=CC=C(C=C1)F,0,0
3606,6/16/2016,Optics Communications,FIBERBRAGGGRATINGASSISTEDSURFACEPLASMONRESONANCESENSORGRAPHENEOXIDESENSINGLAYER,Ethanol,589.0,1.358,10.1016/j.optcom.2016.05.081,CCO,0,0
3607,9/19/2018,The Journal of Chemical Thermodynamics,VOLUMETRICREFRACTIVEPROPERTIES1357TETRAVINYL1357TETRAMETHYLCYCLOTETRASILOXANEMETHOXYBENZENECHLOROBENZENETERTBUTYLBENZENENITROBENZENET2981531815K,methoxybenzene,589.0,1.45875,10.1016/j.jct.2018.09.021,COC1=CC=CC=C1,1,0
3612,1/29/2016,Physica E: Low-dimensional Systems and Nanostructures,NONLINEARSATURABLEABSORPTIONNANOSCALEDBI2TE3PMMACOMPOSITEFILM,CS2,589.0,3.9,10.1016/j.physe.2016.01.036,C(=S)=S,2,0
3614,5/7/2013,Lab Chip,Simultaneous measurement of liquid absorbance and refractive index using a compact optofluidic probe,Glycerol,1550.0,3.12,10.1039/C3LC50157D,C(C(CO)O)O,0,1
3615,5/19/2017,Current Applied Physics,FIRSTPRINCIPLESCALCULATIONSELECTRONICOPTICALPROPERTIESFE1XZNXS2ZN1XMGXOALLOYS,FeS2,589.0,3.04,10.1016/j.cap.2017.05.008,[S-][S-].[Fe+2],2,0
3617,6/4/2016,Bioresource Technology,REMOVALFURANPHENOLICCOMPOUNDSSIMULATEDBIOMASSHYDROLYSATESBYBATCHADSORPTIONCONTINUOUSFIXEDBEDCOLUMNADSORPTIONMETHODS,Furfural,589.0,4.38,10.1016/j.biortech.2016.06.007,C1=COC(=C1)C=O,1,0
3621,4/19/2001,International Journal of Heat and Mass Transfer,MASSTRANSFERPROCESSDURINGNACLO3CRYSTALGROWTHPROCESS,NaClO3,589.0,1.3594,10.1016/S0017-9310(00)00353-7,[O-]Cl(=O)=O.[Na+],0,0
3622,4/19/2001,Journal of Photochemistry and Photobiology A: Chemistry,PHOTOPHYSICALAGGREGATIONPROPERTIESALONGCHAINSQUARYLIUMINDOCYANINEDYE,CH2Cl2,637.5,1.4242,10.1016/S1010-6030(01)00405-1,C(Cl)Cl,0,0
3623,9/20/2009,Fluid Phase Equilibria,PHYSICALPROPERTIESPHASEEQUILIBRIASYSTEMISOPROPYLACETATEISOPROPANOL1OCTYL3METHYLIMIDAZOLIUMBISTRIFLUOROMETHYLSULFONYLIMIDE,isopropylacetate,589.0,1.41529,10.1016/j.fluid.2009.09.015,"CC(C)CC(=O)[O-]
CC(C)CC(=O)O",0,0
3625,10/29/2007,Optics Communications,DETERMINATIONTHERMOOPTICCOEFFICIENTINLIQUIDSFIBERBRAGGGRATINGREFRACTOMETER,Ethanol,500.0,3.9,10.1016/j.optcom.2007.10.023,CCO,0,0
3627,12/25/2013,Archivos de la Sociedad Española de Oftalmología (English Edition),HEAVYSILICONEOILDENSIRON68INPROLIFERATIVEVITREORETINOPATHY4YEARSEXPERIENCE,SiO,589.0,1.366,10.1016/j.oftale.2013.11.003,O=[Si],0,0
3631,11/5/2010,The Journal of Chemical Thermodynamics,THERMOPHYSICALPROPERTIESTWOIONICLIQUIDSBASEDBENZYLIMIDAZOLIUMCATION,CH3SO4,589.0,1.53142,10.1016/j.jct.2010.10.024,COS(=O)(=O)[O-],0,0
3632,7/25/2002,,High sensitivity waveguide grating sensor based on radiative losses,TiO2,589.0,2.3442,10.1016/S0956-5663(00)00072-5,O=[Ti]=O,3,0
3637,11/10/2018,Physica E: Low-dimensional Systems and Nanostructures,THIRDORDERNONLINEAROPTICALPROPERTIESCDSEZNSCDSECORESHELLSHELLQUANTUMDOTS,CdSe,589.0,2.402,10.1016/j.physe.2018.11.010,[Se-2].[Cd+2],0,0
3638,3/9/2018,The Journal of Supercritical Fluids,EXTRACTIONBARUDIPTERYXALATAVOGELSEEDOILUSINGCOMPRESSEDSOLVENTSTECHNOLOGY,Ethanol,589.0,1.471,10.1016/j.supflu.2018.03.004,CCO,0,0
3640,12/7/2017,Analytical Methods,Lysozyme-stabilized bimetallic gold/silver nanoclusters as a turn-on fluorescent probe for determination of ascorbic acid and acid phosphatase  ,ethanol,589.0,1.362,10.1039/C7AY02372C,CCO,2,1
3641,9/29/2000,Cell,DEVELOPMENTALREGULATIONVESICLETRANSPORTINDROSOPHILAEMBRYOSFORCESKINETICS,silica,589.0,1.505,10.1016/S0092-8674(00)80947-2,O=[Si]=O,2,0
3642,2/12/2009,Optical Materials,INVESTIGATIONPRDOPEDFLUORIDECRYSTALSPOSSIBLEWHITELIGHTEMITTERS,KY3F10,589.0,1.5,10.1016/j.optmat.2008.12.016,[F-].F[Y](F)F.F[Y](F)F.F[Y](F)F.[K+],0,0
3643,3/2/2017,Nanoscale,Vivid structural colors with low angle dependence from long-range ordered photonic crystal films  ,CdS,589.0,2.5,10.1039/C6NR07523A,S=[Cd],2,1
3644,8/23/1999,Sensors and Actuators A: Physical,PLASMAENHANCEDCHEMICALVAPORDEPOSITIONSILICONOXYNITRIDEOPTIMIZEDFORAPPLICATIONININTEGRATEDOPTICS,SiON,589.0,1.68,10.1016/S0924-4247(98)00325-2,N(=O)[Si],2,0
3645,4/25/2005,Progress in Organic Coatings,STYRENATIONMAHALEBANCHOVYOILS,triglyceride,589.0,1.479,10.1016/j.porgcoat.2005.02.011,C(C(COC=O)OC=O)OC=O,0,0
3646,1/31/2013,The Journal of Chemical Thermodynamics,DENSITYSPEEDSOUNDVISCOSITYREFRACTIVEINDEXSURFACETENSIONNMETHYL2PYRROLIDONEDIETHANOLAMINETRIETHANOLAMINET2931532315K,NMP,589.0,1.4675,10.1016/j.jct.2013.01.020,CN1CCCC1=O,1,0
3651,8/26/2014,Lab on a Chip,"A microfabricated optofluidic ring resonator for sensitive, high-speed detection of volatile organic compounds  ",m-Xylene,589.0,1.494,10.1039/C4LC00739E,CC1=CC(=CC=C1)C,1,1
3655,2/27/2015,Journal of the Taiwan Institute of Chemical Engineers,PREDICTIONREFRACTIVEINDICESIONICLIQUIDSAQUANTITATIVESTRUCTUREPROPERTYRELATIONSHIPBASEDMODEL,Glycine,589.0,1.4522,10.1016/j.jtice.2015.02.003,C(C(=O)O)N,0,0
3656,8/8/2003,Thermochimica Acta,ACOUSTICVOLUMETRICCOMPRESSIBILITYREFRACTIVITYPROPERTIESFLORYSREDUCTIONPARAMETERSHOMOLOGOUSSERIESALKYLALKANOATES2981533315K,Methylpropionate,589.0,1.3667,10.1016/S0040-6031(03)00368-X,CCC(=O)OC,0,0
3658,7/25/2002,Thin Solid Films,Fabrication and characterization of organic semiconductor-based microcavities,TiO2,589.0,2.07,10.1016/S0040-6090(99)00944-X,O=[Ti]=O,3,0
3659,3/10/2000,Journal of Crystal Growth,OPTICALPROPERTIESTHINCVDTUNGSTENOXIDEFILMSBYSPECTROSCOPICELLIPSOMETRY,WO3,589.0,2.47,10.1016/S0022-0248(98)00993-2,O=[W](=O)=O,1,0
3660,5/9/2008,Optical Materials,CORRELATIONBETWEENOPTICALELECTRONEGATIVITYREFRACTIVEINDEXTERNARYCHALCOPYRITESSEMICONDUCTORSINSULATORSOXIDESALKALIHALIDES,HgO,589.0,2.47,10.1016/j.optmat.2008.03.010,C1=CC=C2C(=C1)C=CC(=C2N=NC3=CC=C(C=C3)[Hg]Cl)O,1,0
3661,1/25/2010,The Journal of Chemical Thermodynamics,EVALUATIONPOLYSUBSTITUTEDPYRIDINIUMIONICLIQUIDHMMPYNTF2ASUITABLESOLVENTFORDESULFURIZATIONPHASEEQUILIBRIA,Thiophene,589.0,1.5253,10.1016/j.jct.2010.01.005,C1=CSC=C1,1,0
3662,2/4/2013,Vacuum,PULSEDLASERDEPOSITIONTHINFILMSACTIVELYCOOLEDSUBSTRATES,ZnO,589.0,2.02,10.1016/j.vacuum.2013.01.024,O=[Zn],0,0
3663,5/6/2009,Journal of Luminescence,SPECTROSCOPICINVESTIGATIONMIDINFRAREDLUMINESCENCEPROPERTIESPR3DOPEDLOWPHONONSINGLECRYSTALSCSCDBR3KPB2CL5TL3PBBR5,Tl3PbBr5,1500.0,1.9,10.1016/j.jlumin.2009.04.051,[Br-].[Br-].[Br-].[Br-].[Br-].[Tl+].[Tl+].[Tl+].[Pb+2],0,0
3664,7/29/2012,Journal of Molecular Liquids,DENSITIESVISCOSITIESREFRACTIVEINDICESEXCESSPROPERTIESANILINEOANISIDINE2ALKOXYETHANOLS30315K,aniline,589.0,1.5295,10.1016/j.molliq.2012.07.025,C1=CC=C(C=C1)N,0,0
3665,2/2/2015,Computational Materials Science,FIRSTPRINCIPLESCALCULATIONBANDSTRUCTUREELECTRONICSTATESOPTICALPROPERTIESCRDOPEDZNSDOUBLEWALLNANOTUBES,ZnS,589.0,1.39,10.1016/j.commatsci.2015.01.011,C(CC(=O)OP(=O)(O)O)C(=O)O,0,0
3668,4/22/2005,Biosensors and Bioelectronics,COUNTERPROPAGATINGOPTICALTRAPPINGSYSTEMFORSIZEREFRACTIVEINDEXMEASUREMENTMICROPARTICLES,Silica,589.0,1.363,10.1016/j.bios.2005.03.011,O=[Si]=O,1,0
3669,12/29/2011,Nuclear Instruments and Methods in Physics Research Section B: Beam Interactions with Materials and Atoms,FORMATIONSLABWAVEGUIDESINEULYTINETYPEBGOCAF2CRYSTALSBYIMPLANTATIONMEVNITROGENIONS,Bi4Ge3O12,1550.0,2.0647,10.1016/j.nimb.2011.12.039,[O-2].[O-2].[O-2].[O-2].[O-2].[O-2].[O-2].[O-2].[O-2].[O-2].[O-2].[O-2].[Ge+4].[Ge+4].[Ge+4].[Bi+3].[Bi+3].[Bi+3].[Bi+3],0,0
3673,10/17/2007,Physica B: Condensed Matter,FIRSTPRINCIPLECALCULATIONSSTRUCTURALSTABILITYIIO1XVIXIIZNCDVISSETEORDEREDCHALCOPYRITESEMICONDUCTORS,Zn2OSe,589.0,3.575,10.1016/j.physb.2007.10.013,[O-2].[Zn+2].[Zn+2].[Se-2],0,0
3675,7/25/2008,Solar Energy Materials and Solar Cells,SELFCONSISTENTOPTICALPARAMETERSINTRINSICSILICON300KINCLUDINGTEMPERATURECOEFFICIENTS,silicon,310.0,5.121,10.1016/j.solmat.2008.06.009,[Si],0,0
3678,12/12/2017,Journal of Molecular Liquids,PARTIALMOLARVOLUMESCOMPRESSIBILITIESMETFORMINHYDROCHLORIDEINAQUEOUSNACLSUCROSESOLUTIONS30C,NaCl,589.0,1.3336,10.1016/j.molliq.2017.12.038,[Na+].[Cl-],0,0
3679,9/6/2017,Optical Materials,IMPROVEDOUTCOUPLINGEFFICIENCYORGANICLIGHTEMITTINGDIODESFABRICATEDATIO2PLANARIZATIONLAYEREMBEDDEDSIOXIDENANOSTRUCTURES,TiO2,589.0,1.22,10.1016/j.optmat.2017.04.003,O=[Ti]=O,1,0
3682,6/1/2010,Dyes and Pigments,ASENSITIVESELECTIVEFLUORESCENTSENSORFORDETERMINATIONMERCURYIIBASEDANOVELTRIAZINETHIONEDERIVATIVE,THF,72.0,1.407,10.1016/j.dyepig.2010.05.014,C1CCOC1,0,0
3683,8/3/2009,Journal of Non-Crystalline Solids,ANOVELAPPROACHFORFABRICATIONPLANARWAVEGUIDESHEAVYMETALOXIDEGLASSES,tellurite,632.8,2.022,10.1016/j.jnoncrysol.2009.01.058,[O-][Te](=O)[O-],0,0
3684,4/30/2013,Journal of Molecular Liquids,EXCESSMOLARVOLUMESEXCESSISENTROPICCOMPRESSIBILITIESEXCESSVISCOSITIESRELATIVEPERMITTIVITYMOLARPOLARIZATIONDEVIATIONSFORMETHYLACETATEETHYLACETATEBUTYLACETATEISOAMYLACETATEMETHYLPROPIONATEETHYLPROPIONATEETHYLBUTYRATEMETHYLMETHACRYLATEETHYLMETHACRYLATEBUTYLMETHACRYLATECYCLOHEXANET2981530315K,Butyl methacrylate,589.0,1.4204,10.1016/j.molliq.2013.04.015,CCCCOC(=O)C(=C)C,1,0
3686,11/30/2011,Applied Energy,ACOMPARISON15POLYMERSFORAPPLICATIONINPHOTOVOLTAICMODULESINPVPOWEREDBOATS,PVDF,589.0,1.4,10.1016/j.apenergy.2011.10.042,C=C(F)F,0,0
3687,2/27/2003,Physical Chemistry Chemical Physics,Tricriticality in the ternary system 3-methylpyridine / water /NaBr? The coexistence curves ,NaBr,589.0,1.40098,10.1039/B212337A,[Na+].[Br-],1,1
3688,8/2/2011,Dyes and Pigments,SOLVATOCHROMISMNILEREDINANISOTROPICMEDIA,MBBA,589.0,1.613,10.1016/j.dyepig.2011.07.018,CCCCC1=CC=C(C=C1)N=CC2=CC=C(C=C2)OC,1,0
3689,5/14/2014,Current Applied Physics,INTEGRATEDMACHZEHNDERINTERFEROMETRICBIOSENSORASILICONOXYNITRIDEWAVEGUIDEBYPLASMAENHANCEDCHEMICALVAPORDEPOSITION,SiON,589.0,1.53,10.1016/j.cap.2014.04.016,N(=O)[Si],2,0
3690,9/8/2011,The Journal of Chemical Thermodynamics,DENSITIESSOUNDVELOCITIESREFRACTIVEINDEXESTETRALINNDECANETHERMODYNAMICMODELINGBYPRIGOGINEFLORYPATTERSONMODEL,tetralin,589.0,1.4418,10.1016/j.jct.2011.09.001,C1CCC2=CC=CC=C2C1,0,0
3691,1/30/2009,Journal of Aerosol Science,NEWALGORITHMSAPPLICATIONFORSATELLITEREMOTESENSINGSURFACEPM25AEROSOLABSORPTION,carbon,589.0,1.48,10.1016/j.jaerosci.2009.01.005,[C],1,0
3692,12/24/2018,Journal of Theoretical and Applied Physics,Investigation of the impact of different ARC layers using PC1D simulation: application to crystalline silicon solar cells,TiO2,589.0,2.46,10.1007/s40094-018-0313-0,O=[Ti]=O,1,2
3694,2/12/2018,Optics Communications,EXPERIMENTALDEMONSTRATIONHIGHSENSITIVITYFORSILVERRECTANGULARGRATINGCOUPLEDSURFACEPLASMONRESONANCESPRSENSING,glucose,589.0,1.386,10.1016/j.optcom.2018.02.010,C(C1C(C(C(C(O1)O)O)O)O)O,0,0
3696,6/25/2008,Acta Biomaterialia,EFFECTSINTERMEDIATEDIELECTRICFILMSMULTILAYERSURFACEPLASMONRESONANCEBEHAVIOR,MgF2,589.0,1.3844,10.1016/j.actbio.2008.06.002,[F-].[F-].[Mg+2],0,0
3697,3/20/2014,Optics & Laser Technology,IMPROVINGDETECTIONPERFORMANCEBROADBANDQDIPINDUALBANDS35812MPHOTONICCRYSTALFILTERS,YbF3,589.0,1.48,10.1016/j.optlastec.2014.02.013,F[Yb](F)F,1,0
3700,1/20/2009,Journal of Materials Chemistry,A facile one-pot route to transparent polymer nanocomposites with high ZnS nanophase contents via in situ bulk polymerization ,ZnS,589.0,1.8,10.1039/B818876A,C(CC(=O)OP(=O)(O)O)C(=O)O,2,1
3702,3/3/2014,The Journal of Chemical Thermodynamics,HEATCAPACITIESASYMMETRICCRITICALITYLIQUIDLIQUIDCOEXISTENCECURVESFORDIMETHYLCARBONATENUNDECANENTRIDECANE,dimethylcarbonate,632.8,1.3888,10.1016/j.jct.2014.02.016,COC(=O)OC,0,0
3705,1/15/2001,Chemical Physics,SOLVENTEFFECTSPHOTOPHYSICALPROPERTIESMEROCYANINE540,Propanol,581.0,1.3856,10.1016/S0301-0104(00)00378-5,CCCO,0,0
3707,12/28/2017,Renewable Energy,ANOVELAPPROACHFOREXTRACTIONALGALOILMARINEMACROALGAEULVAFASCIATA,Isopropanol,589.0,1.445,10.1016/j.renene.2017.12.071,CC(C)O,0,0
3708,6/7/2007,Fuel Processing Technology,SEPARATIONDIFFERENTPARAFFINWAXGRADESUSINGTWOCOMPARATIVEDEOILINGTECHNIQUES,ethylacetate,589.0,1.4239,10.1016/j.fuproc.2007.04.011,CCOC(=O)C,0,0
3710,12/19/2012,Thin Solid Films,MLINESPECTROSCOPICSPECTROSCOPICELLIPSOMETRICMICROSCOPICMEASUREMENTSOPTICALWAVEGUIDESFABRICATEDBYMEVENERGYNIONIRRADIATIONFORTELECOMAPPLICATIONS,Bi4Ge3O12,1550.0,2.041,10.1016/j.tsf.2012.11.134,[O-2].[O-2].[O-2].[O-2].[O-2].[O-2].[O-2].[O-2].[O-2].[O-2].[O-2].[O-2].[Ge+4].[Ge+4].[Ge+4].[Bi+3].[Bi+3].[Bi+3].[Bi+3],0,0
3711,2/20/2017,Phys. Chem. Chem. Phys.,H-Bonding controls the emission properties of functionalized carbon nano-dots,Tetrahydrofuran,589.0,1.4,10.1039/C6CP08889A,C1CCOC1,0,1
3712,5/10/2018,International Journal of Greenhouse Gas Control,DEVELOPMENTAFACILERECLAIMINGPROCESSFORDEGRADEDALKANOLAMINEGLYCOLSOLVENTSUSEDFORCO2CAPTURESYSTEMS,MEG,589.0,1.3848,10.1016/j.ijggc.2018.05.004,C(CS)N=C(N)N,0,0
3714,1/12/2017,Thermochimica Acta,ISOBARICPHASEEQUILIBRIUMMORPHOLINE1DECANOLVOLUMETRICPROPERTIESMOLARREFRACTIVITY2931533315KMORPHOLINE1DECANOL1OCTANOLTOLUENESYSTEMAPPLICATIONSPRIGOGINEFLORYPATTERSONTHEORY,1-decanol,589.0,1.43711,10.1016/j.tca.2016.12.010,CCCCCCCCCCO,0,0
3715,11/13/2009,Journal of Cultural Heritage,AMETHODOLOGICALAPPROACHINEVALUATIONEFFICACYTREATMENTSFORDIMENSIONALSTABILISATIONWATERLOGGEDARCHAEOLOGICALWOOD,PEG 1500,589.0,1.362,10.1016/j.culher.2009.04.003,COCCOCCOCCOCCOCCOCCOCCOCCOCCOCCOCCOCCOCCOCCOCCOCCOCCOCCOCCOCCOCCOCCOCCOCCOCCOCCOCCOCCOCCOCCOCCOCCOCCOCCO,1,0
3716,10/20/2008,Biophysical Journal,CHARACTERIZATIONPHYSICALPROPERTIESSUPPORTEDPHOSPHOLIPIDMEMBRANESUSINGIMAGINGELLIPSOMETRYOPTICALWAVELENGTHS,GalCer,589.0,1.5,10.1529/biophysj.106.097071,CCCCCCCCCCCCCCCC(=O)NC(COC1C(C(C(C(O1)CO)O)O)O)C(C=CCCCCCCCCCCCCC)O,2,0
3720,5/28/2012,The Journal of Chemical Thermodynamics,THERMODYNAMICMODELINGEXPERIMENTALSPEEDSSOUNDDENSITIESREFRACTIVEINDEXESTETRALINNDODECANE,tetralin,589.0,1.42925,10.1016/j.jct.2012.05.023,C1CCC2=CC=CC=C2C1,0,0
3721,7/29/2012,Journal of Molecular Liquids,DENSITIESVISCOSITIESREFRACTIVEINDICESEXCESSPROPERTIESANILINEOANISIDINE2ALKOXYETHANOLS30315K,aniline,589.0,1.5725,10.1016/j.molliq.2012.07.025,C1=CC=C(C=C1)N,0,0
3722,11/10/2011,Journal of Industrial and Engineering Chemistry,PHASEBEHAVIORCATALYTICDEACTIVATEDCOMPOUNDSWATER1ETHYL3METHYLIMIDAZOLIUMACETATEEMIMOACIONICLIQUIDT2981532315KP1BAR,Thiophene,589.0,1.5271,10.1016/j.jiec.2011.11.096,C1=CSC=C1,1,0
3724,9/11/2015,Optik,FORMATIONMECHANISMSELFORGANIZEDNANORIPPLESQUARTZSURFACEUSINGFEMTOSECONDLASERPULSES,Quartz,589.0,1.538,10.1016/j.ijleo.2015.08.107,O=[Si]=O,2,0
3725,3/19/2017,The Journal of Chemical Thermodynamics,MOLARSURFACEGIBBSFREEENERGYESTIMATEPOLARITYFORANEWETHERFUNCTIONALIZEDIONICLIQUIDC22O1IMDCA,Glycerol,589.0,1.4746,10.1016/j.jct.2017.03.016,C(C(CO)O)O,1,0
3726,8/16/2000,Fluid Phase Equilibria,PHASEEQUILIBRIAINVOLVEDINEXTRACTIVEDISTILLATION2METHOXY2METHYLPROPANEMETHANOLUSING1BUTANOLENTRAINER,MTBE,589.0,1.3666,10.1016/S0378-3812(00)00364-2,CC(C)(C)OC,1,0
3727,2/13/2016,Fluid Phase Equilibria,CRITICALPHENOMENAINBROMOBENZENE1HEXYL3METHYLIMIDAZOLIUMBISTRIFLUOROMETHYLSULFONYLIMIDEBINARYSOLUTION,bromobenzene,632.8,1.5337,10.1016/j.fluid.2016.02.011,C1=CC=C(C=C1)Br,0,0
3730,9/6/2009,Journal of Non-Crystalline Solids,EFFECTHYDROXYLIMPURITYTEMPERATURECOEFFICIENTREFRACTIVEINDEXSYNTHETICSILICAGLASSES,silica,576.95982,1.459375,10.1016/j.jnoncrysol.2009.08.004,O=[Si]=O,0,0
3732,3/25/2019,Food Chemistry,BINDINGAROMACOMPOUNDSSOYPROTEINISOLATEINAQUEOUSMODELEFFECTPREHEATTREATMENTSOYPROTEINISOLATE,Geraniol,589.0,1.2,10.1016/j.foodchem.2019.03.126,CC(=CCCC(=CCO)C)C,0,0
3736,12/11/2002,Optical Materials,EQUIVALENCEBETWEENCLAUSIUSMOSSOTTIOPTICALELECTRONEGATIVITYRELATIONS,MnO,589.0,2.16,10.1016/S0925-3467(02)00231-8,CC(C)C(C(=O)N1CCCC1C(=O)NC(CC(=O)NS(=O)(=O)C)C(=O)S)NC(=O)C2=CC3=CC=CC=C3C=C2,1,0
3737,1/31/2001,Journal of Fluorine Chemistry,FLUORIDEGLASSRESEARCHINFRANCEFUNDAMENTALSAPPLICATIONS,CNBZn,589.0,1.57,10.1016/S0022-1139(00)00368-7,[B]C#N.[Zn],0,0
3741,9/14/2015,Sensors and Actuators B: Chemical,Characterization of zinc oxide coated optical fiber long period gratings with improved refractive index sensing properties,ZnO,589.0,1.929,10.1016/j.snb.2015.09.061,O=[Zn],3,0
3742,7/25/2002,Analytica Chimica Acta,Nematic liquid crystals as sensitive layers for surface plasmon resonance sensors,n-heptane,589.0,1.387,10.1016/S0003-2670(01)00835-2,CCCCCCC,3,0
3745,8/31/2015,Bioresource Technology,ANEWMAGNESIUMBISULFITEPRETREATMENTMBSPDEVELOPMENTFORBIOETHANOLPRODUCTIONCORNSTOVER,Furfural,589.0,1.76,10.1016/j.biortech.2015.08.090,C1=COC(=C1)C=O,1,0
3747,7/27/2007,Journal of Alloys and Compounds,SPECTROSCOPICPROPERTIESGEO2NB2O5MODIFIEDTELLURITEGLASSESDOPEDER3,tellurite,589.0,1.98,10.1016/j.jallcom.2007.07.072,[O-][Te](=O)[O-],0,0
3749,8/11/2018,Proceedings of the Combustion Institute,INVESTIGATINGROLESOLVENTFORMULATIONSINTEMPERATURECONTROLLEDLIQUIDFEDAEROSOLFLAMESYNTHESISYAGBASEDNANOPARTICLES,Ethanol,589.0,1.3792,10.1016/j.proci.2018.07.068,CCO,1,0
3752,4/12/2012,Thin Solid Films,THERMALPROPERTIESTIO2FILMSGROWNBYATOMICLAYERDEPOSITION,TiO2,60.0,2.367,10.1016/j.tsf.2012.04.008,O=[Ti]=O,0,0
3753,2/27/2016,European Journal of Pharmaceutical Sciences,APPLICABILITYREFRACTOMETRYFORFASTROUTINECHECKINGHOSPITALPREPARATIONS,iodine,589.0,3.0,10.1016/j.ejps.2016.02.014,II,1,0
3755,4/16/2009,Journal of Molecular Liquids,ASTUDYDIELECTRICPROPERTIESREFRACTIVEINDICESANILINEBENZENETOLUENEOXYLENEPXYLENE29815K,aniline,589.0,2.3634,10.1016/j.molliq.2009.04.002,C1=CC=C(C=C1)N,0,0
3758,3/11/2019,Materials Chemistry and Physics,PHYSICALLUMINESCENCEPROPERTIESSAMARIUMDOPEDOXIDEOXYFLUORIDEPHOSPHATEGLASSES,Oxide,589.0,1.657,10.1016/j.matchemphys.2019.03.016,[O-2],1,0
3759,9/19/2018,The Journal of Chemical Thermodynamics,VOLUMETRICREFRACTIVEPROPERTIES1357TETRAVINYL1357TETRAMETHYLCYCLOTETRASILOXANEMETHOXYBENZENECHLOROBENZENETERTBUTYLBENZENENITROBENZENET2981531815K,tert-butyl benzene,589.0,1.45214,10.1016/j.jct.2018.09.021,CC(C)(C)C1=CC=CC=C1,1,0
3762,8/24/2017,Journal of Photochemistry and Photobiology A: Chemistry,PHOTOPHYSICALBEHAVIORSVARIOUSACTIVEFORMSCURCUMININPOLARLOWPOLARENVIRONMENTS,Isooctane,589.0,1.391,10.1016/j.jphotochem.2017.08.050,CC(C)CC(C)(C)C,0,0
3763,11/10/2015,Sensors and Actuators B: Chemical,CORRELATIONBETWEENSTRUCTURALOPTICALPROPERTIESSURFACTANTASSISTEDSOLGELBASEDMESOPOROUSSIO2TIO2HYBRIDNANOPARTICLESFORPHSENSINGOPTOCHEMICALSENSOR,CTAB,589.0,1.45,10.1016/j.snb.2015.11.016,CCCCCCCCCCCCCCCC[N+](C)(C)C.[Br-],1,0
3767,2/21/2012,Lab on a Chip,"Single particle analysis using fluidic, optical and electrophoretic force balance in a microfluidic system ",COOH,589.0,1.6,10.1039/C2LC21017G,CCCC1=C(C=CC(=C1)OC2=CC=CC=C2)OCCC3=CC4=C(N3)C=CC(=C4)CC(=O)O,2,1
3769,11/5/2001,Applied Surface Science,REFRACTIVEINDEXPROFILESMEVPHOSPHORIONIMPLANTEDPLANARWAVEGUIDEINKTP,KTP,589.0,1.7201,10.1016/S0169-4332(01)00546-3,C1=CC=C2C=C(C=CC2=C1)C(=O)C(C3=CC=CC4=CC=CC=C43)P(=O)(O)O,0,0
3772,6/28/2018,Optik,DETECTIONHIGHENERGETICALPHAPARTICLERADIATIONTHROUGHMETALCLADPLANARWAVEGUIDEBASEDSENSOR,SiO2,589.0,1.4546,10.1016/j.ijleo.2018.06.127,O=[Si]=O,1,0
3775,3/5/2018,Optik,APROPOSALFORBIOMEDICALDEVICEMEASUREGUSINHUMANBLOODUSINGMETAMATERIAL,Glucose,589.0,1.337,10.1016/j.ijleo.2018.03.007,C(C1C(C(C(C(O1)O)O)O)O)O,1,0
3776,7/16/2007,Computational Materials Science,MODELFORCALCULATINGREFRACTIVEINDEXAIIIVSEMICONDUCTOR,ZnS,589.0,2.27,10.1016/j.commatsci.2007.05.023,C(CC(=O)OP(=O)(O)O)C(=O)O,1,0
3778,4/21/2015,Physical Chemistry Chemical Physics,The effect of polymer solubilizing side-chains on solar cell stability  ,PCBM,589.0,3.52,10.1039/C5CP01158B,COC(=O)CCCC1(C23C14C5=C6C7=C8C5=C9C1=C5C%10=C%11C%12=C%13C%10=C%10C1=C8C1=C%10C8=C%10C%14=C%15C%16=C%17C(=C%12C%12=C%17C%17=C%18C%16=C%16C%15=C%15C%10=C1C7=C%15C1=C%16C(=C%18C7=C2C2=C%10C(=C5C9=C42)C%11=C%12C%10=C%177)C3=C16)C%14=C%138)C1=CC=CC=C1,1,1
3780,11/27/2001,Journal of Food Engineering,ENTHALPIESMIXINGHEATCAPACITIESVISCOSITIESALCOHOLC1C4OLIVEOILMIXTURES29815K,1-Butanol,589.0,1.39741,10.1016/S0260-8774(01)00045-0,CCCCO,1,0
3783,6/23/2015,Journal of Photochemistry and Photobiology C: Photochemistry Reviews,REVIEWMATERIALDESIGNREACTORENGINEERINGTIO2PHOTOCATALYSISFORCO2REDUCTION,TiO2,436.0,2.9467,10.1016/j.jphotochemrev.2015.06.001,O=[Ti]=O,0,0
3784,4/29/2013,Organic Electronics,THREEPEAKTOPEMITTINGWHITEORGANICEMITTINGDIODESWIDECOLORGAMUTFORDISPLAYAPPLICATION,TmPyPB,589.0,2.5,10.1016/j.orgel.2013.04.013,C1=CC(=CC(=C1)C2=CC(=CC(=C2)C3=CC=CC(=C3)C4=CN=CC=C4)C5=CC=CC(=C5)C6=CN=CC=C6)C7=CN=CC=C7,2,0
3788,1/8/2002,Journal of Petroleum Science and Engineering,CRUDEOILASPHALTENECHARACTERIZATIONFORPREDICTIONWETTINGALTERATION,n-Pentadecane,589.0,1.4314,10.1016/S0920-4105(01)00189-9,CCCCCCCCCCCCCCC,0,0
3790,3/3/2012,Arabian Journal of Chemistry,DENSITYREFRACTIVEINDEXMOLARREFRACTIVITYBINARYLIQUIDMIXTURE2931529815303153081531315K,Acetonitrile,589.0,1.43,10.1016/j.arabjc.2012.02.013,CC#N,1,0
3791,5/28/2013,The Journal of Chemical Thermodynamics,THERMOPHYSICALSTUDYMETHYLLEVULINATE,methyllevulinate,589.0,1.41446,10.1016/j.jct.2013.05.025,CC(=O)CCC(=O)OC,0,0
3803,6/18/2018,Separation and Purification Technology,BIPHASICEXTRACTIONDIFFERENTPOLYSACCHARIDESRADIXSOPHORAETONKINENSISBYMICROWAVEASSISTEDAQUEOUSTWOPHASEEXTRACTIONPROCESSOPTIMIZATIONSTRUCTURALCHARACTERIZATIONMECHANISMEXPLORATION,Glucuronic acid,589.0,1.78,10.1016/j.seppur.2018.06.038,C1(C(C(OC(C1O)O)C(=O)O)O)O,1,0
3804,1/6/2016,The Journal of Chemical Thermodynamics,PHYSICOCHEMICALPROPERTIES135TRIMETHYL135TRIS333TRIFLUOROPROPYLCYCLOTRISILOXANEVARIOUSAROMATICHYDROCARBONST3081532315K,nitrobenzene,589.0,1.39659,10.1016/j.jct.2015.12.025,C1=CC=C(C=C1)[N+](=O)[O-],1,0
3806,12/30/2008,Atmospheric Environment,AEROSOLPHYSICALCHEMICALOPTICALPROPERTIESDURINGROCKYMOUNTAINAIRBORNENITROGENSULFURSTUDY,Fe2O3,589.0,3.01,10.1016/j.atmosenv.2008.12.042,[O-2].[O-2].[O-2].[Fe+3].[Fe+3],0,0
3807,7/17/2013,Journal of Materials Chemistry B,Thin film hydrophilic electroactive polymer coatings for bioelectrodes ,pHEMA,589.0,1.45,10.1039/C3TB20152J,CC(=C)C(=O)OCCO,2,1
3808,7/14/2017,Materials Science and Engineering: B,POSITRONANNIHILATIONSPECTROSCOPYPHOTOLUMINESCENCEINVESTIGATIONLAOFTB3NANOPHOSPHORFABRICATEDVIAULTRASOUNDASSISTEDSONOCHEMICALROUTE,LaOF,589.0,4.39,10.1016/j.mseb.2017.07.001,[O-2].[F-].[La+3],1,0
3809,9/7/2018,Journal of Catalysis,PERFORMANCECOMPARISONNITIO2AUTIO2PHOTOCATALYSTSFORH2PRODUCTIONINDIFFERENTALCOHOLWATERMIXTURES,Glycerol,589.0,1.475,10.1016/j.jcat.2018.08.015,C(C(CO)O)O,0,0
3811,11/7/2007,The Journal of Chemical Thermodynamics,EXCESSMOLARVOLUMESOCTANEBENZENETOLUENE13XYLENE135TRIMETHYLBENZENETEMPERATURESBETWEEN2981532815K,Octane,589.0,1.395,10.1016/j.jct.2007.10.010,CCCCCCCC,1,0
3812,3/17/2004,Vacuum,THERMALSTABILITYSPUTTEREDZIRCONIUMOXIDEFILMS,ZrO2,589.0,1.48,10.1016/j.vacuum.2003.12.127,O=[Zr]=O,2,0
3814,1/23/2002,Journal of Luminescence,SOLVENTEFFECTNONRADIATIVEPROCESSPYRONINBINPROTICAPROTICSOLVENTSYSTEMS,BN,560.0,1.4686,10.1016/S0022-2313(02)00218-1,B#N,0,0
3815,4/21/2018,Journal of Alloys and Compounds,SPECTROSCOPICTRAITSHOLMIUMINMAGNESIUMZINCSULFOPHOSPHATEGLASSHOSTJUDDOFELTEVALUATION,Ho2O3,589.0,2.197,10.1016/j.jallcom.2018.04.218,[O-2].[O-2].[O-2].[Ho+3].[Ho+3],0,0
3816,7/18/2005,Journal of Food Engineering,USETRICHODERMAENZYMATICEXTRACTSVINIFICATIONPALOMINOFINOGRAPESINSHERRYREGION,Tartaric acid,589.0,4.56,10.1016/j.jfoodeng.2005.03.065,"C(C(C(=O)O)O)(C(=O)O)O
C(C(C(=O)O)O)(C(=O)O)O
C(C(C(=O)O)O)(C(=O)O)O",1,0
3818,11/22/2017,Optical Materials,STIMULATEDBRILLOUINSCATTERINGMATERIALSEXPERIMENTALDESIGNAPPLICATIONSAREVIEW,SiCl4,589.0,1.41,10.1016/j.optmat.2017.10.035,[Si](Cl)(Cl)(Cl)Cl,1,0
3819,1/18/2018,Nanoscale,Probing sub-diffraction optical confinement via the polarized Raman spectroscopy of a single-walled carbon nanotube  ,TiO2,589.0,2.67,10.1039/C7NR06543D,O=[Ti]=O,2,1
3820,5/1/2017,Journal of Molecular Liquids,VOLUMETRICACOUSTICSPECTROSCOPICSTUDY1BUTYL3METHYLIMIDAZOLIUMTRIFLUOROMETHANESULFONATEALKOXYALKANOLSDIFFERENTTEMPERATURES,DEGMEE,589.0,1.4204,10.1016/j.molliq.2017.04.129,CCOCCOCCO,0,0
3822,3/2/2018,Plant Foods for Human Nutrition,Nutritional Value of Commercial Protein-Rich Plant Products,Phosphorus,589.0,1.23,10.1007/s11130-018-0660-7,[P],1,2
3827,10/17/2012,Soft Matter,Compound sessile drops  ,Perfluorooctane,589.0,1.77,10.1039/C2SM26637G,C(C(C(C(C(F)(F)F)(F)F)(F)F)(F)F)(C(C(C(F)(F)F)(F)F)(F)F)(F)F,1,1
3828,4/26/2018,Atmospheric Environment,EVALUATIONFORWARDMODELLEDATTENUATEDBACKSCATTERUSINGURBANCEILOMETERNETWORKINLONDONUNDERCLEARSKYCONDITIONS,Carbon,589.0,1.54,10.1016/j.atmosenv.2018.04.045,[C],1,0
3831,4/7/2016,Optik,SLOWLIGHTGENERATIONVIASTIMULATEDBRILLOUINSCATTERINGINLIQUIDFILLEDPHOTONICCRYSTALFIBERS,As2S3,589.0,2.8,10.1016/j.ijleo.2016.04.017,S1[As]2S[As]1S2,1,0
3832,2/25/2016,Journal of Molecular Liquids,STUDYSOLUTESOLVENTINTERACTIONSIN1ETHYL3METHYLIMIDAZOLIUMETHYLSULFATE2ETHOXYETHANOLDENSITYSPEEDSOUNDREFRACTIVEINDEXMEASUREMENTS,2-ethoxyethanol,589.0,1.4058,10.1016/j.molliq.2016.01.096,CCOCCO,1,0
3835,3/3/2012,Arabian Journal of Chemistry,DENSITYREFRACTIVEINDEXMOLARREFRACTIVITYBINARYLIQUIDMIXTURE2931529815303153081531315K,Acetonitrile,589.0,1.3982,10.1016/j.arabjc.2012.02.013,CC#N,1,0
3836,4/4/2013,Journal of Materials Chemistry C,Synthesis of high-quality inverse opals based on magnetic complex oxides : yttrium iron garnet (Y 3 Fe 5 O 12 ) and bismuth ferrite (BiFeO 3 ) ,BFO,589.0,3.0,10.1039/C3TC30335G,CCC(C)C(C(C(=O)NCCCC(C(=O)OCC1=CC=CC=C1)NC(=O)C(C)NC(=O)OCC2=CC3=CC=CC=C3C=C2)O)C(=O)O,2,1
3837,10/4/2012,Physica B: Condensed Matter,STRUCTURALELECTRONICOPTICALRESPONSEIIAVIACOMPOUNDSTHROUGHMODIFIEDBECKEJOHNSONPOTENTIAL,BaSe,589.0,2.82215,10.1016/j.physb.2012.09.050,[Se]=[Ba],1,0
3839,10/9/2017,Fuel,ROLEMETALHALIDESINCOKEFORMATIONDURINGBITUMENUPGRADING,Mg(OH)2,589.0,1.6165,10.1016/j.fuel.2017.09.052,[OH-].[OH-].[Mg+2],0,0
3841,8/2/2005,Fluid Phase Equilibria,DENSITYVISCOSITYREFRACTIVEINDEXELECTRICALCONDUCTIVITYSATURATEDSOLUTIONSLITHIUMHYDROXIDEETHANOLWATERSYSTEM29815KTHERMODYNAMICDESCRIPTIONSOLIDLIQUIDEQUILIBRIUM,LiOH,589.0,1.3735,10.1016/j.fluid.2005.05.022,[Li+].[OH-],0,0
3842,11/30/2000,Fluid Phase Equilibria,COEXISTENCECURVEHFC134ATHERMALCONDUCTIVITYHFC245FA,HFC-134a,589.0,1.0658,10.1016/S0378-3812(00)00429-5,C(C(F)(F)F)F,0,0
3847,10/7/2016,Optics & Laser Technology,ZNOCOATEDFABRYPEROTINTERFEROMETRICOPTICALFIBERFORDETECTIONGASOLINEBLENDVAPORSREFRACTIVEINDEXFRINGEVISIBILITYMANIPULATIONSTUDIES,ZnO,589.0,1.92,10.1016/j.optlastec.2016.09.038,O=[Zn],2,0
3850,10/11/2011,Journal of Molecular Liquids,MOLECULARINTERACTIONSSTRUCTURALEFFECTSMIXINGPENTANOLINPOLYETHYLENEGLYCOLDIACRYLATEPOLYETHYLENEGLYCOLDIMETHACRYLATE,pentanol,589.0,1.432,10.1016/j.molliq.2011.09.018,CCCCCO,0,0
3852,6/22/2017,The Journal of Chemical Thermodynamics,DIELECTRICSTUDYHBONDEDINTERACTIONSINAMYLALCOHOLSKETONESDMSOT29815K,Methyl ethyl ketone,589.0,1.37636,10.1016/j.jct.2017.06.020,CCC(=O)C,1,0
3853,10/13/2016,Journal of Molecular Liquids,ASSESSMENTNONCOVALENTINTERACTIONBETWEENINSULINANTIBIOTICSINAQUEOUSSOLUTIONTHROUGHULTRASONICSTUDIESINSILICODOCKINGANALYSIS,Cefpodoxime,589.0,3.7651,10.1016/j.molliq.2016.10.051,COCC1=C(N2C(C(C2=O)NC(=O)C(=NOC)C3=CSC(=N3)N)SC1)C(=O)O,1,0
3855,7/14/2004,Journal of Controlled Release,ASTUDYMICROEMULSIONSYSTEMSFORTRANSDERMALDELIVERYTRIPTOLIDE,triptolide,589.0,1.4124,10.1016/j.jconrel.2004.06.001,CC(C)C12C(O1)C3C4(O3)C5(CCC6=C(C5CC7C4(C2O)O7)COC6=O)C,0,0
3856,10/16/2014,Surface and Coatings Technology,VARIATIONSINGRADEDORGANOSILICONEMICROWAVEPECVDCOATINGSMODIFYSTRESSIMPROVEDURABILITYPLASTICSUBSTRATES,oxygen,633.0,1.42,10.1016/j.surfcoat.2014.10.022,O=O,0,0
3857,2/17/2016,Optik,PWEAPPROACHOPTICALTHYRISTORFORINVESTIGATIONDOPINGCONCENTRATION,GaSb,589.0,4.02,10.1016/j.ijleo.2016.02.024,[Ga+3].[Sb],1,0
3859,6/22/2018,Thin Solid Films,"Effects of substrate temperature on microstructure, morphology and optical properties of ZnSe:Co films obtained by pulsed laser deposition",ZnSe,589.0,2.45,10.1016/j.tsf.2018.06.048,[Zn]=[Se],3,0
3860,3/25/2019,AEU - International Journal of Electronics and Communications,GAINENHANCEMENTCONFORMALWIDEBANDANTENNAPARASITICELEMENTSLOWINDEXMETAMATERIALFORWIMAXAPPLICATION,MTM,589.0,1.4,10.1016/j.aeue.2019.03.014,CSCC1C(C(C(N1)C2=CNC3=C2N=CN=C3N)O)O,0,0
3862,3/16/2015,The Journal of Chemical Thermodynamics,VOLUMETRICACOUSTICREFRACTOMETRICPROPERTIESTHIOPHENEHEXANECYCLOHEXANESOLUTIONSINPRESENCEIMIDAZOLIUMBASEDIONICLIQUIDST29815K,Thiophene,589.0,1.3722,10.1016/j.jct.2015.03.004,C1=CSC=C1,1,0
3863,7/21/2012,Sensors and Actuators B: Chemical,EVANESCENTWAVEOPTICALMICROSENSORBASEDCHALCOGENIDEGLASS,SiO2,589.0,1.444,10.1016/j.snb.2012.07.056,O=[Si]=O,1,0
3868,7/7/2006,International Journal of Biological Macromolecules,COMPARISONCHARACTERIZATIONBINDINGALPINETINCARDAMONINLYSOZYMEBYSPECTROSCOPICMETHODS,Alpinetin,589.0,1.16,10.1016/j.ijbiomac.2005.11.003,COC1=CC(=CC2=C1C(=O)CC(O2)C3=CC=CC=C3)O,0,0
3869,10/2/2015,Current Applied Physics,HYBRIDFUNCTIONALSTUDYOPTICALPROPERTIESSR2M2O7XNXMNBTAPHOTOCATALYSTSPEROVSKITESLABSTRUCTURES,Sr2Nb2O7,589.0,1.95,10.1016/j.cap.2015.09.016,[O-2].[O-2].[O-2].[O-2].[O-2].[O-2].[O-2].[Sr+2].[Sr+2].[Nb+5].[Nb+5],0,0
3870,10/4/2017,Optical Materials,PHOTOLUMINESCENCEENHANCEDTHIRDORDERNONLINEAROPTICALPROPERTIESINZNOTHINFILMS,ZnO,589.0,1.822,10.1016/j.optmat.2017.07.022,O=[Zn],1,0
3872,12/15/1999,Applied Surface Science,SIONLARGEAREADEPOSITIONADEEPUVFLASHARGONKRYPTONLAMPARRAY,Si-O,589.0,1.686,10.1016/S0169-4332(96)00375-3,O=[Si],2,0
3874,12/27/2005,Chemical Physics Letters,SPONTANEOUSRAMANSCATTERINGBANDWIDTHBROADENINGTELLURITEGLASSESMOO3WO3,tellurite,1550.0,1.9125,10.1016/j.cplett.2005.11.120,[O-][Te](=O)[O-],0,0
3876,8/9/2018,Nanoscale,A strain induced subwavelength-structure for a haze-free and highly transparent flexible plastic substrate  ,WO3,589.0,1.77,10.1039/C8NR00998H,O=[W](=O)=O,2,1
3877,9/19/2018,The Journal of Chemical Thermodynamics,VOLUMETRICREFRACTIVEPROPERTIES1357TETRAVINYL1357TETRAMETHYLCYCLOTETRASILOXANEMETHOXYBENZENECHLOROBENZENETERTBUTYLBENZENENITROBENZENET2981531815K,tert-butyl benzene,589.0,1.4787,10.1016/j.jct.2018.09.021,CC(C)(C)C1=CC=CC=C1,1,0
3879,2/3/2011,Journal of Luminescence,SYSTEMATICSTUDYRELATIONSHIPSBETWEENENERGYLEVELSTL01TL2CENTERSCRYSTALLINEENVIRONMENT,CsCl,589.0,1.631,10.1016/j.jlumin.2011.01.007,[Cl-].[Cs+],0,0
3882,3/17/2010,Sensors and Actuators B: Chemical,DETECTIONVOLATILEORGANICCOMPOUNDSBYINTERFEROMETRICSENSOR,Octane,589.0,1.3914,10.1016/j.snb.2010.03.042,CCCCCCCC,1,0
3883,5/30/2003,Chem. Commun.,Formation of surface-grafted copolymer brushes with continuous composition gradients,PHEMA,589.0,1.512,10.1039/B303823H,CC(=C)C(=O)OCCO,3,1
3884,7/6/2016,Current Opinion in Biotechnology,EXTRACTINGSTRUCTURALFUNCTIONALFEATURESWIDELYDISTRIBUTEDBIOLOGICALCIRCUITSSINGLECELLRESOLUTIONVIATISSUECLEARINGDELIVERYVECTORS,Histodenz,589.0,1.46,10.1016/j.copbio.2016.03.012,CC(=O)N(CC(CO)O)C1=C(C(=C(C(=C1I)C(=O)NCC(CO)O)I)C(=O)NCC(CO)O)I,1,0
3885,7/10/1998,Optical Materials,OPTICALELECTRONEGATIVITYREFRACTIVEINDEXMATERIALS,InSb,589.0,3.95,10.1016/S0925-3467(97)00171-7,[In]#[Sb],1,0
3889,6/20/2013,Thermochimica Acta,PROBINGSOLUTESOLVENTINTERACTIONSBIOACTIVESOLUTESINAQUEOUSBARIUMNITRATESOLUTIONBASISPHYSICOCHEMICALCONTRIVANCES,glycine,589.0,1.3358,10.1016/j.tca.2013.06.017,C(C(=O)O)N,0,0
3890,8/24/2014,Optik,MEASUREMENTIMPURITYCONCENTRATIONINCHALCOGENIDEGLASSESUSINGOPTICALPRINCIPLE,GeS2,589.0,2.14,10.1016/j.ijleo.2014.07.004,S=[Ge]=S,1,0
3891,10/9/2017,Fuel,ROLEMETALHALIDESINCOKEFORMATIONDURINGBITUMENUPGRADING,NaBr,589.0,1.6257,10.1016/j.fuel.2017.09.052,[Na+].[Br-],1,0
3894,2/2/2016,RSC Advances,Recognition and binding of voltage-dependent anion channel-1 with ATP and NADH by spectroscopic analysis and molecular docking ,ATP,589.0,1.137,10.1039/C5RA27694B,C1=NC(=C2C(=N1)N(C=N2)C3C(C(C(O3)COP(=O)(O)OP(=O)(O)OP(=O)(O)O)O)O)N,1,1
3895,7/27/2007,Chemical Society Reviews,Functional inorganic nanofillers for transparent polymers ,GaAs,589.0,4.51,10.1039/B608177K,[Ga]#[As],1,1
3896,12/3/2003,Fluid Phase Equilibria,ACOUSTICVOLUMETRICCOMPRESSIBILITYREFRACTIVITYPROPERTIESREDUCTIONPARAMETERSFORERASFLORYMODELSHOMOLOGOUSSERIESAMINES2981532815K,Propylamine,589.0,1.3854,10.1016/j.fluid.2003.09.007,CCCN,1,0
3898,11/27/2016,Journal of Non-Crystalline Solids,CALCULATIONPHYSICALPROPERTIESGLASSVIAPHASEDIAGRAMAPPROACH,As-Se,589.0,4.83,10.1016/j.jnoncrysol.2016.11.005,[Se],0,0
3901,10/2/2014,The Journal of Chemical Thermodynamics,MIXINGPROPERTIES135TRIMETHYL135TRIS333TRIFLUOROPROPYLCYCLOTRISILOXANEVARIOUSORGANOSILICONCOMPOUNDSDIFFERENTTEMPERATURES,D3F,589.0,1.35409,10.1016/j.jct.2014.09.010,CC1=CC(=C(C=C1Cl)Cl)S(=O)(=O)C2=C(C=C(C=C2[N+](=O)[O-])C(F)(F)F)[N+](=O)[O-],1,0
3902,9/21/2018,Polyhedron,DOUBLE2PHENOXIDOBRIDGEDDINUCLEARPOLYNUCLEARNICKELIICOMPLEXESMAGNETICPROPERTIESDNAPROTEININTERACTION,Ni(II),589.0,1.85,10.1016/j.poly.2018.09.023,[Ni+2],0,0
3906,3/3/2014,The Journal of Chemical Thermodynamics,HEATCAPACITIESASYMMETRICCRITICALITYLIQUIDLIQUIDCOEXISTENCECURVESFORDIMETHYLCARBONATENUNDECANENTRIDECANE,dimethylcarbonate,632.8,1.4042,10.1016/j.jct.2014.02.016,COC(=O)OC,0,0
3907,2/13/2016,Fluid Phase Equilibria,CRITICALPHENOMENAINBROMOBENZENE1HEXYL3METHYLIMIDAZOLIUMBISTRIFLUOROMETHYLSULFONYLIMIDEBINARYSOLUTION,bromobenzene,632.8,1.529,10.1016/j.fluid.2016.02.011,C1=CC=C(C=C1)Br,0,0
3908,8/2/2017,Experiments in Fluids,"A review of solid–fluid selection options for optical-based measurements in single-phase liquid, two-phase liquid–liquid and multiphase solid–liquid flows",Tetralin,589.0,1.546,10.1007/s00348-017-2386-y,C1CCC2=CC=CC=C2C1,1,2
3909,8/13/2013,Optical Materials,EFFICIENCYELECTROOPTICSPINTOORBITALANGULARMOMENTUMCONVERSIONINCRYSTALS,Bi12SiO20,632.8,2.54,10.1016/j.optmat.2013.07.006,[O-2].[O-2].[O-2].[O-2].[O-2].[O-2].[O-2].[O-2].[O-2].[O-2].[O-2].[O-2].[O-2].[O-2].[O-2].[O-2].[O-][Si]([O-])([O-])[O-].[Bi+3].[Bi+3].[Bi+3].[Bi+3].[Bi+3].[Bi+3].[Bi+3].[Bi+3].[Bi+3].[Bi+3].[Bi+3].[Bi+3],0,0
3910,5/8/2006,Optical Materials,DESIGNLOWSCATTERINGIRTRANSPARENTGLASSESBASECONSTANTSTOICHIOMETRYGROUPINGSCONCEPT,PbO,589.0,1.8,10.1016/j.optmat.2006.01.024,O=[Pb],1,0
3912,2/8/2007,Mendeleev Communications,STRUCTURALOPTICALPROPERTIESTITANIAPHOTONICCRYSTALFILMSPREPAREDBYASOLGELMETHOD,TiO,589.0,2.7,10.1016/j.mencom.2007.01.001,O=[Ti],2,0
3913,10/24/2013,Journal of Materials Chemistry C,First principles selection and design of mid-IR nonlinear optical halide crystals  ,CsGeBr3,589.0,2.1585,10.1039/C3TC31283F,[Ge](Br)(Br)Br.[Cs],1,1
3914,7/2/2004,Spectrochimica Acta Part A: Molecular and Biomolecular Spectroscopy,ASTUDYESTIMATIONEXCITEDSTATEDIPOLEMOMENTSDI4BROMOPHENYLCARBAZONECUIIZNIICDIICOMPLEXESSOLVENTEFFECTELECTRONICSPECTRA,benzene,589.0,1.5073,10.1016/j.saa.2003.11.029,C1=CC=CC=C1,0,0
3915,11/7/2007,Inorganica Chimica Acta,SYNTHESISSPECTRALPROPERTIESZRIVHFIVPHTHALOCYANINESDIKETONATESAXIALLIGANDS,Toluene,17.0,1.496,10.1016/j.ica.2007.11.003,CC1=CC=CC=C1,0,0
3917,8/12/2018,Journal of Molecular Liquids,THERMOPHYSICALPROPERTIESIONICLIQUID1ETHYL3METHYLIMIDAZOLIUMETHYLSULFATEINORGANICSOLVENTSDILUTEREGION,EtOH,589.0,1.3599,10.1016/j.molliq.2018.08.059,CCO,1,0
3923,2/5/2018,Optik,THINFILMSBASEDONEDIMENSIONALPHOTONICCRYSTALFORREFRACTIVEINDEXSENSING,glycerol,577.64,1.3981,10.1016/j.ijleo.2018.01.047,C(C(CO)O)O,0,0
3924,6/13/2009,Physica B: Condensed Matter,BANDPARAMETERSFORCADMIUMZINCCHALCOGENIDECOMPOUNDS,CdSe,589.0,2.83,10.1016/j.physb.2009.06.046,[Se-2].[Cd+2],0,0
3925,4/22/2011,Chemical Engineering Journal,DYEADSORPTIONAUTOHYDROLYZEDPINESAWDUSTINBATCHFIXEDBEDSYSTEMS,MgCl2,589.0,1.41,10.1016/j.cej.2011.04.029,[Mg+2].[Cl-].[Cl-],1,0
3928,11/15/2013,Journal of Pharmaceutical and Biomedical Analysis,ANALYSISCARBOHYDRATESINMILKPOWDERBYANEWHEARTCUTTINGTWODIMENSIONALLIQUIDCHROMATOGRAPHYMETHOD,Glucose,589.0,3.7,10.1016/j.jpba.2013.11.006,C(C1C(C(C(C(O1)O)O)O)O)O,1,0
3930,12/22/2016,Optik,ELECTROOPTICALLYTUNEDNONCRITICALLYPHASEMATCHEDSECONDHARMONICGENERATIONNDYAGLASERINLINBO3CRYSTAL,LiNbO3,532.0,2.3251,10.1016/j.ijleo.2016.12.049,[Li+].[O-][Nb](=O)=O,0,0
3932,4/5/2013,Physica B: Condensed Matter,ELECTRONICELASTICACOUSTICOPTICALPROPERTIESCUBICTIO2ADFTAPPROACH,Fluorite,589.0,2.78,10.1016/j.physb.2013.03.039,[F-].[F-].[Ca+2],0,0
3933,12/11/2002,Optical Materials,EQUIVALENCEBETWEENCLAUSIUSMOSSOTTIOPTICALELECTRONEGATIVITYRELATIONS,CdO,589.0,2.47,10.1016/S0925-3467(02)00231-8,O=[Cd],0,0
3936,4/27/2018,Journal of Environmental Management,BUTANOLYSISCOMPARISONPOTASSIUMHYDROXIDEPOTASSIUMTERTBUTOXIDECATALYSTFORBIODIESELPREPARINGRAPESEEDOIL,Glycerol,589.0,1.456,10.1016/j.jenvman.2018.04.100,C(C(CO)O)O,0,0
3938,10/5/2018,Journal of Molecular Liquids,SOLIDLIQUIDLIQUIDLIQUIDEQUILIBRIUMSYSTEMSCOMPOSEDCNMIMCLBRN2468RB2SO4CS2SO4H2O,Rb2SO4,589.0,1.41133,10.1016/j.molliq.2018.10.014,[O-]S(=O)(=O)[O-].[Rb+].[Rb+],0,0
3939,4/30/2016,Journal of Molecular Liquids,ULTRASONICSPEEDSVISCOSITIESREFRACTIVEINDICESFTIRSPECTROSCOPICSTUDIESOXYGENATEALIPHATICAROMATICHYDROCARBONS29815K30815K,Cyclohexane,589.0,1.498,10.1016/j.molliq.2016.04.011,C1CCCCC1,1,0
3940,10/17/2018,Journal of Luminescence,COUMARINDOPEDPCCDSSEZNSNANOCOMPOSITEFILMSAREDUCEDSELFABSORPTIONEFFECTFORLUMINESCENTSOLARCONCENTRATORS,ZnS,624.0,1.69,10.1016/j.jlumin.2018.10.075,C(CC(=O)OP(=O)(O)O)C(=O)O,0,0
3945,4/30/2016,Journal of Molecular Liquids,ULTRASONICSPEEDSVISCOSITIESREFRACTIVEINDICESFTIRSPECTROSCOPICSTUDIESOXYGENATEALIPHATICAROMATICHYDROCARBONS29815K30815K,1-Propanol,589.0,1.46,10.1016/j.molliq.2016.04.011,CCCO,1,0
3946,4/22/2016,International Journal of Biological Macromolecules,INHIBITORYEFFECTSDAIDZEINGENISTEINTRYPSININSIGHTSSPECTROSCOPICMOLECULARDOCKINGSTUDIES,Daidzein,589.0,1.63,10.1016/j.ijbiomac.2016.04.052,C1=CC(=CC=C1C2=COC3=C(C2=O)C=CC(=C3)O)O,0,0
3947,11/7/2007,Inorganica Chimica Acta,SYNTHESISSPECTRALPROPERTIESZRIVHFIVPHTHALOCYANINESDIKETONATESAXIALLIGANDS,Toluene,16.0,1.497,10.1016/j.ica.2007.11.003,CC1=CC=CC=C1,0,0
3949,11/25/2017,Superlattices and Microstructures,TWOSTEPPASSIVATIONFORENHANCEDINGANGANLIGHTEMITTINGDIODESSTEPGRADEDELECTRONINJECTORS,GaN,589.0,2.04,10.1016/j.spmi.2017.11.050,CC(C)C(C(=O)NC(C(C)C)C(=O)OC)NC(=O)C(C)N1CC(C=C(C=C1)C(C)NC(=O)C(C)N)CC2=CC=CC=C2,2,0
3950,1/23/2019,Light Sci Appl,Real-time high-resolution mid-infrared optical coherence tomography,acetate,589.0,1.48,10.1038/s41377-019-0122-5,CC(=O)[O-],3,2
3951,6/10/2017,Contact Lens and Anterior Eye,EFFECTPREVIOUSSOFTCONTACTLENSWEARCORNEALREFRACTIVESURGERYOUTCOMES,NCL,589.0,3.0,10.1016/j.clae.2017.05.009,CC1CCCN(C1)CCC(=O)NC2=CC3=C(C=C2)C=C4C=CC(=CC4=N3)NC(=O)CCN5CCCC(C5)C,1,0
3952,6/6/2012,The Journal of Chemical Thermodynamics,LIQUIDLIQUIDCOEXISTENCECURVESBENZONITRILENPENTADECANEBENZONITRILENHEPTADECANEINCRITICALREGION,n-Pentadecane,589.0,1.5252,10.1016/j.jct.2012.05.030,CCCCCCCCCCCCCCC,1,0
3954,12/6/2013,Thin Solid Films,ALUMINUMOXIDETRIMETHYLALUMINUMWATERBYATOMICLAYERDEPOSITIONTEMPERATUREDEPENDENCERESIDUALSTRESSELASTICMODULUSHARDNESSADHESION,Al2O3,589.0,1.649,10.1016/j.tsf.2013.11.112,[O-2].[O-2].[O-2].[Al+3].[Al+3],0,0
3956,1/5/2016,Solar Energy,FUNCTIONALNANOTEXTUREDTITANIACOATINGSSELFCLEANINGANTIREFLECTIVEPROPERTIESFORPHOTOVOLTAICSURFACES,Titania,1145.0,1.863,10.1016/j.solener.2015.12.012,O=[Ti]=O,0,0
3957,12/24/2010,Phys. Chem. Chem. Phys.,"A shock tube and theoretical study on the pyrolysis of 1,4-dioxane",Hydrogen,589.0,2.58,10.1039/C0CP01541E,[HH],0,1
3958,4/22/1999,Spectrochimica Acta Part A: Molecular and Biomolecular Spectroscopy,SPECTRALINVESTIGATIONSTHERMODYNAMICFUNCTIONS4HYDROXY2MERCAPTO6PROPYLPYRIMIDINE,Ethanol,589.0,1.3773,10.1016/S1386-1425(98)00279-0,CCO,0,0
3959,12/16/2006,Journal of Fluorine Chemistry,SYNTHESISSURFACEPROPERTIESNEWSEMIFLUORINATEDSULFOBETAINESPOTENTIALLYUSABLEFOR2DELECTROPHORESIS,C4F9,589.0,1.443,10.1016/j.jfluchem.2006.12.008,[C-](C(F)(F)F)(C(F)(F)F)C(F)(F)F,2,0
3961,2/21/2018,Superlattices and Microstructures,ESTIMATIONPHOTONICBANDGAPINHOLLOWCORECYLINDRICALMULTILAYERSTRUCTURE,As2Se3,589.0,2.82,10.1016/j.spmi.2018.02.023,[As](=[Se])[Se][As]=[Se],2,0
3963,3/3/2018,The Journal of Chemical Thermodynamics,LIQUIDLIQUIDEQUILIBRIUMHEATCAPACITYTURBIDITYBINARYSOLUTIONNITROBENZENENPENTADECANE,nitrobenzene,632.8,1.4513,10.1016/j.jct.2018.02.008,C1=CC=C(C=C1)[N+](=O)[O-],0,0
3965,5/26/2016,Thermochimica Acta,THERMODYNAMICPROPERTIES1BUTYL3METHYLIMIDAZOLIUMSALICYLATEACTIVEPHARMACEUTICALINGREDIENTIONICLIQUIDAPIILINAQUEOUSSOLUTIONSGLYCINELALANINET2881531815K,glycine,589.0,1.348,10.1016/j.tca.2016.05.013,C(C(=O)O)N,0,0
3966,3/2/2018,Plant Foods for Human Nutrition,Nutritional Value of Commercial Protein-Rich Plant Products,Gly,589.0,5.35,10.1007/s11130-018-0660-7,C(C(=O)O)N,1,2
3967,5/9/2008,Optical Materials,CORRELATIONBETWEENOPTICALELECTRONEGATIVITYREFRACTIVEINDEXTERNARYCHALCOPYRITESSEMICONDUCTORSINSULATORSOXIDESALKALIHALIDES,GaN,589.0,2.33,10.1016/j.optmat.2008.03.010,CC(C)C(C(=O)NC(C(C)C)C(=O)OC)NC(=O)C(C)N1CC(C=C(C=C1)C(C)NC(=O)C(C)N)CC2=CC=CC=C2,1,0
3968,1/26/2011,Surface and Coatings Technology,CHARACTERIZATIONREACTIVELYSPUTTEREDPERMEATIONBARRIERMATERIALSPOLYMERSUBSTRATES,ZnO,589.0,1.93,10.1016/j.surfcoat.2011.01.045,O=[Zn],1,0
3969,10/6/2017,Optik,INVESTIGATIONSTRUCTURALOPTICALELECTRICALPROPERTIESZNSTHINFILMSPREPAREDBYULTRASONICSPRAYTECHNIQUEFORPHOTOVOLTAICAPPLICATIONS,ZnS,589.0,2.11,10.1016/j.ijleo.2017.10.034,C(CC(=O)OP(=O)(O)O)C(=O)O,0,0
3971,12/24/2009,Spectrochimica Acta Part A: Molecular and Biomolecular Spectroscopy,ATRFTIRSPECTROSCOPYINREGION550230CM1FORIDENTIFICATIONINORGANICPIGMENTS,Barium,589.0,1.96,10.1016/j.saa.2009.12.056,[Ba],1,0
3972,3/28/2007,Journal of Molecular Liquids,TEMPERATUREINFLUENCESOLUTIONPROPERTIESETHANOLNALKANEMIXTURES,n-Octane,589.0,1.39505,10.1016/j.molliq.2006.11.012,CCCCCCCC,1,0
3973,4/19/2001,International Journal of Heat and Mass Transfer,MASSTRANSFERPROCESSDURINGNACLO3CRYSTALGROWTHPROCESS,NaClO3,589.0,1.3554,10.1016/S0017-9310(00)00353-7,[O-]Cl(=O)=O.[Na+],0,0
3974,9/6/2009,Journal of Non-Crystalline Solids,EFFECTHYDROXYLIMPURITYTEMPERATURECOEFFICIENTREFRACTIVEINDEXSYNTHETICSILICAGLASSES,silica,576.95982,1.45921,10.1016/j.jnoncrysol.2009.08.004,O=[Si]=O,0,0
3975,3/6/2007,Journal of Luminescence,SPONTANEOUSEMISSIONRATESASINGLEIMPURITYMOLECULEINBIREFRINGENTHOSTCRYSTALSFORELECTRICQUADRUPOLETRANSITIONS,Fluorene,589.0,1.919,10.1016/j.jlumin.2007.02.025,C1C2=CC=CC=C2C3=CC=CC=C31,1,0
3978,12/18/2015,Fluid Phase Equilibria,AQUEOUSTWOPHASESYSTEMPOLYETHYLENEGLYCOL4000FERROUSSULFATEDIFFERENTTEMPERATURES,FeSO4,589.0,1.3565,10.1016/j.fluid.2015.12.014,[O-]S(=O)(=O)[O-].[Fe+2],0,0
3980,4/24/2000,Materials Science in Semiconductor Processing,SURFACEROUGHENINGSICGACONTAININGSEMICONDUCTORSINREACTIVEPLASMAS,GaAs,565.0,3.346,10.1016/S1369-8001(99)00037-2,[Ga]#[As],0,0
3982,9/20/2016,Optical Materials,INFLUENCEMODIFIEROXIDEEMISSIONFEATURESDY3IONINPB3O4ZNOP2O5GLASSES,MgDy,589.0,1.98,10.1016/j.optmat.2016.09.022,[Mg].[Dy],0,0
3984,5/31/2013,Optik,MODELLINGCHALCOGENIDEGLASSBASEDPLASMONICSTRUCTUREFORCHEMICALSENSINGUSINGNEARINFRAREDLIGHT,Methylsalicylate,900.0,1.51735,10.1016/j.ijleo.2013.03.053,COC(=O)C1=CC=CC=C1O,0,0
3986,9/8/2011,The Journal of Chemical Thermodynamics,DENSITIESSOUNDVELOCITIESREFRACTIVEINDEXESTETRALINNDECANETHERMODYNAMICMODELINGBYPRIGOGINEFLORYPATTERSONMODEL,tetralin,589.0,1.4925,10.1016/j.jct.2011.09.001,C1CCC2=CC=CC=C2C1,0,0
3989,1/6/2016,The Journal of Chemical Thermodynamics,PHYSICOCHEMICALPROPERTIES135TRIMETHYL135TRIS333TRIFLUOROPROPYLCYCLOTRISILOXANEVARIOUSAROMATICHYDROCARBONST3081532315K,nitrobenzene,589.0,1.40783,10.1016/j.jct.2015.12.025,C1=CC=C(C=C1)[N+](=O)[O-],1,0
3993,4/20/2016,The Journal of Chemical Thermodynamics,ASYMMETRICCRITICALITYIONICSOLUTIONCONTAINING1HEXYL3METHYLIMIDAZOLIUMTETRAFLUOROBORATE2PROPANOL,2-propanol,632.8,1.3856,10.1016/j.jct.2016.04.016,CC(C)O,0,0
3995,11/19/2015,The Journal of Chemical Thermodynamics,VOLUMETRICPROPERTIES1BUTYL3METHYLIMIDAZOLIUMTETRAFLUOROBORATE2PYRROLIDONET2981532315KATMOSPHERICPRESSURE,2-Pyrrolidone,589.0,1.47649,10.1016/j.jct.2015.11.009,C1CC(=O)NC1,1,0
3996,7/27/2004,Thin Solid Films,STABILIZINGDIELECTRICCONSTANTFLUORINEDOPEDSIO2FILMBYN2ONH3PLASMAPOSTTREATMENT,CF4,589.0,1.449,10.1016/S0040-6090(97)00482-3,C(F)(F)(F)F,0,0
3997,11/11/2004,Ophthalmology,ARANDOMIZEDTRIALATROPINEREGIMENSFORTREATMENTMODERATEAMBLYOPIAINCHILDREN,Atropine,589.0,2.0,10.1016/j.ophtha.2004.04.032,CN1C2CCC1CC(C2)OC(=O)C(CO)C3=CC=CC=C3,1,0
3998,5/2/2012,Applied Radiation and Isotopes,BENCHMARKINGGEANT4FULLSYSTEMSIMULATIONASSOCIATEDALPHAPARTICLEDETECTORFORUSEINADTNEUTRONGENERATOR,Aluminum,589.0,3.92,10.1016/j.apradiso.2012.04.026,[Al],1,0
3999,3/29/2003,Journal of Photochemistry and Photobiology A: Chemistry,SPECTRALLUMINESCENTSOLVATOCHROMICPROPERTIESANTICANCERDRUGCAMPTOTHECIN,Chloroform,420.0,1.4459,10.1016/S1010-6030(03)00098-4,C(Cl)(Cl)Cl,0,0
4000,11/14/2003,Polymer,CHANGESINMISCIBILITYBINARYTERNARYBLENDSSAMECHEMICALCOMPONENTSCOMPOSITIONS,DMPC,589.0,1.69,10.1016/j.polymer.2003.10.027,"CCCCCCCCCCCCCC(=O)OCC(COP(=O)([O-])OCC[N+](C)(C)C)OC(=O)CCCCCCCCCCCCC
CCCCCCCCCCCCCC(=O)OCC(COP(=O)([O-])OCC[N+](C)(C)C)OC(=O)CCCCCCCCCCCCC",1,0
4001,12/2/2017,Applied Surface Science,FACILEFASTSYNTHESISSNS2NANOPARTICLESBYPULSEDLASERABLATIONINLIQUID,Ethanol,1064.0,1.3637,10.1016/j.apsusc.2017.11.243,CCO,0,0
4002,5/21/2008,Thin Solid Films,PULSEDLASERDEPOSITEDTIO2FILMSTAILORINGOPTICALPROPERTIES,TiO2,589.0,2.52,10.1016/j.tsf.2008.05.010,O=[Ti]=O,0,0
4003,2/4/2016,Optics Communications,ANALYTICALMODELFOREFFECTTEMPERATUREVARIATIONPSFCONSISTENCYINWAVEFRONTCODINGINFRAREDIMAGINGSYSTEM,ZnSe,589.0,2.403,10.1016/j.optcom.2016.01.030,[Zn]=[Se],0,0
4004,3/5/2009,Spectrochimica Acta Part A: Molecular and Biomolecular Spectroscopy,SOLVENTPOLARIZABILITYANISOTROPYEFFECTSPHOTOPHYSICALBEHAVIOROXAZINE1APPROPRIATEPOLARIZABILITYINDICATORDYE,Diethylether,645.0,1.829,10.1016/j.saa.2009.02.029,CCOCC,0,0
4007,7/9/1999,Solid State Ionics,IONICITYBINARYOXIDESSILICATES,CaSi2Al2O8,589.0,1.5719,10.1016/S0167-2738(99)00083-1,[O-][Si]([O-])([O-])[O-].[O-][Si]([O-])([O-])[O-].[Al+3].[Al+3].[Ca+2],0,0
4008,5/8/2000,Composites Science and Technology,ANALYSISTHREEDIMENSIONALRESINTRANSFERMOLDFILLINGPROCESS,silica,632.8,1.55365,10.1016/S0266-3538(99)00160-8,O=[Si]=O,0,0
4010,6/7/2006,Food and Chemical Toxicology,GENERATIONFORMALDEHYDEINCIGARETTESOVERVIEWRECENTEXPERIMENTS,Propionaldehyde,589.0,2.17,10.1016/j.fct.2006.05.017,CCC=O,1,0
4013,7/8/2015,Physical Chemistry Chemical Physics,Transformation of photophysical properties from solution to solid state in alkoxy-cyano-diphenylacetylene molecules  ,1-Propanol,589.0,1.387,10.1039/C5CP02762D,CCCO,1,1
4014,10/11/2011,Chemical Science,Practical computation of electronic excitation in solution: vertical excitation model  ,Acrolein,589.0,3.4,10.1039/C1SC00313E,C=CC=O,1,1
4015,5/28/2016,Journal of Molecular Liquids,MOLECULARINTERACTIONSINSILICONERUBBERNANOHYDROXYLAPATITESYSTEMINSOLUTIONPHASEPROBEDBYULTRASONICTECHNIQUE,Toluene,589.0,1.515,10.1016/j.molliq.2016.05.086,CC1=CC=CC=C1,1,0
4016,12/22/2006,Physica B: Condensed Matter,ELECTRONICPOLARIZABILITYOPTICALBASICITYLANTHANIDEOXIDES,Tm2O3,589.0,1.958,10.1016/j.physb.2006.11.015,[O-2].[O-2].[O-2].[Tm+3].[Tm+3],0,0
4020,6/1/2014,Superlattices and Microstructures,DETERMINATIONSUITABLEREFRACTIVEINDEXSOLARCELLSSILICONNITRIDE,NH3,589.0,2.1,10.1016/j.spmi.2014.05.025,N,1,0
4022,7/30/2012,Lab Chip,Optofluidic variable-focus lenses for light manipulation,PDMS,589.0,1.54,10.1039/C2LC40415J,C[Si](C)(C)O[Si](C)(C)O[Si](C)(C)C,3,1
4024,1/14/2019,Microsystems & Nanoengineering,In situ printing of liquid superlenses for subdiffraction-limited color imaging of nanobiostructures in nature,tip,589.0,1.9,10.1038/s41378-018-0040-3,"CCC1C(C=C(C=CC(=O)C(CC(C(C(C(CC(=O)O1)O)C)OC2C(C(C(C(O2)C)O)N(C)C)O)CCN3CCCCC3)C)C)CN4CCCCC4
CCC1C(C=C(C=CC(=O)C(CC(C(C(C(CC(=O)O1)O)C)OC2C(C(C(C(O2)C)O)N(C)C)O)CCN3CCCCC3)C)C)CN4CCCCC4",2,2
4028,10/17/2013,Journal of Molecular Liquids,DENSITIESVISCOSITIESREFRACTIVEINDICESEXCESSPROPERTIESORTHOMETACHLOROANILINE2ALKOXYETHANOLS30315K,2-Ethoxyethanol,589.0,1.4065,10.1016/j.molliq.2013.09.035,CCOCCO,1,0
4029,7/14/2011,Fuel,FINDINGASUITABLETHERMODYNAMICMODELPHASEEQUILIBRIAFORHYDRODEOXYGENATIONREACTIONSMETHYLHEPTANOATE,Toluene,589.0,1.4941,10.1016/j.fuel.2011.06.050,CC1=CC=CC=C1,1,0
4031,5/9/2008,Optical Materials,CORRELATIONBETWEENOPTICALELECTRONEGATIVITYREFRACTIVEINDEXTERNARYCHALCOPYRITESSEMICONDUCTORSINSULATORSOXIDESALKALIHALIDES,NaBr,589.0,2.064,10.1016/j.optmat.2008.03.010,[Na+].[Br-],1,0
4032,9/19/2018,The Journal of Chemical Thermodynamics,VOLUMETRICREFRACTIVEPROPERTIES1357TETRAVINYL1357TETRAMETHYLCYCLOTETRASILOXANEMETHOXYBENZENECHLOROBENZENETERTBUTYLBENZENENITROBENZENET2981531815K,methoxybenzene,589.0,1.48352,10.1016/j.jct.2018.09.021,COC1=CC=CC=C1,1,0
4036,10/29/2014,RSC Advances,A commercial approach for the fabrication of bulk and nano phosphors converted into highly efficient white LEDs  ,Epoxy resin,589.0,1.5,10.1039/C4RA11318G,CC(C)(C1=CC=C(C=C1)O)C2=CC=C(C=C2)O.C=CC(=O)O.C1C(O1)CCl,2,1
4037,5/26/2016,RSC Advances,Conventional elastomers doped with benzophenone derivatives as effective media for all-optical fabrication of tunable diffraction elements  ,PDMS,589.0,1.415,10.1039/C6RA10918G,C[Si](C)(C)O[Si](C)(C)O[Si](C)(C)C,2,1
4041,7/25/2008,Solar Energy Materials and Solar Cells,SELFCONSISTENTOPTICALPARAMETERSINTRINSICSILICON300KINCLUDINGTEMPERATURECOEFFICIENTS,silicon,1070.0,3.55,10.1016/j.solmat.2008.06.009,[Si],0,0
4042,9/1/2009,Icarus,REFRACTIVEINDEXMEASUREMENTSAMMONIAHYDROCARBONICES6328NM,Ammonia,589.0,1.48,10.1016/j.icarus.2009.08.016,N,1,0
4043,9/25/2010,Thin Solid Films,SOLGELPREPARATIONNEARINFRAREDBROADBANDEMITTINGER3DOPEDSIO2TA2O5NANOCOMPOSITEFILMS,SiO2-Ta2O5,632.8,1.5107,10.1016/j.tsf.2010.09.035,[O-2].[O-2].[O-2].[O-2].[O-2].O=[Si]=O.[Ta+5].[Ta+5],0,0
4044,5/9/2008,Optical Materials,CORRELATIONBETWEENOPTICALELECTRONEGATIVITYREFRACTIVEINDEXTERNARYCHALCOPYRITESSEMICONDUCTORSINSULATORSOXIDESALKALIHALIDES,SiC,589.0,2.59,10.1016/j.optmat.2008.03.010,[C-]#[Si+],1,0
4045,7/10/2017,The Journal of Chemical Thermodynamics,LIQUIDLIQUIDEQUILIBRIUMHEATCAPACITYMEASUREMENTSBINARYSOLUTIONETHANOL1BUTYL3METHYLIMIDAZOLIUMHEXAFLUOROPHOSPHATE,ethanol,632.8,1.3623,10.1016/j.jct.2017.07.014,CCO,0,0
4047,2/13/2016,Fluid Phase Equilibria,CRITICALPHENOMENAINBROMOBENZENE1HEXYL3METHYLIMIDAZOLIUMBISTRIFLUOROMETHYLSULFONYLIMIDEBINARYSOLUTION,bromobenzene,632.8,1.5035,10.1016/j.fluid.2016.02.011,C1=CC=C(C=C1)Br,0,0
4048,1/20/2011,Optics and Lasers in Engineering,OPTICALMETHODDIFFERENTIATETEQUILASBASEDANGULARMODULATIONSURFACEPLASMONRESONANCE,alcohol,589.0,1.3543,10.1016/j.optlaseng.2010.12.009,CCO,0,0
4049,2/20/2009,The Journal of Chemical Thermodynamics,MEASUREMENTCORRELATIONPHASEEQUILIBRIAINAQUEOUSTWOPHASESYSTEMSCONTAININGPOLYVINYLPYRROLIDONEDIPOTASSIUMTARTRATEDIPOTASSIUMOXALATEDIFFERENTTEMPERATURES,K2C4H4O6,589.0,1.4396,10.1016/j.jct.2009.02.005,C(C(C(=O)[O-])O)(C(=O)[O-])O.[K+].[K+],0,0
4051,8/20/2012,Dyes and Pigments,ATIMERESOLVEDFLUORESCENCEQUANTUMCHEMICALSTUDYSOLARCELLSENSITIZERD149,CLF,548.0,1.443,10.1016/j.dyepig.2012.07.025,FCl,0,0
4053,8/29/2016,Talanta,STEREOSELECTIVEQUANTIFICATIONTRITICONAZOLEINVEGETABLESBYSUPERCRITICALFLUIDCHROMATOGRAPHY,Triticonazole,589.0,3.34,10.1016/j.talanta.2016.08.077,"CC1(CCC(=CC2=CC=C(C=C2)Cl)C1(CN3C=NC=N3)O)C
CC1(CCC(=CC2=CC=C(C=C2)Cl)C1(CN3C=NC=N3)O)C
CC1(CCC(=CC2=CC=C(C=C2)Cl)C1(CN3C=NC=N3)O)C",1,0
4054,10/3/2002,Powder Technology,MORPHOLOGICALCHARACTERISATIONGIBBSITEALUMINA,alumina,589.0,1.6549999999999998,10.1016/S0032-5910(02)00112-2,O=[Al]O[Al]=O,2,0
4055,3/6/2017,Journal of Industrial and Engineering Chemistry,ULTRASOUNDASSISTEDRAREEARTHDOPEDWOLLASTONITENANOPOWDERSLABELINGAGENTFORIMAGINGECCRINELATENTFINGERPRINTSCHEILOSCOPYAPPLICATIONS,CdSiO3,589.0,1.42,10.1016/j.jiec.2017.02.019,[O-][Si](=O)[O-].[Cd+2],0,0
4056,10/22/2012,Spectrochimica Acta Part A: Molecular and Biomolecular Spectroscopy,SOLVENTEFFECTSABSORPTIONFLUORESCENCESPECTRARHAPONTICINEXPERIMENTALTHEORETICALSTUDIES,Acetonitrile,321.0,1.344,10.1016/j.saa.2012.10.013,CC#N,0,0
4060,12/13/2010,Journal of Pharmaceutical and Biomedical Analysis,LARGEVOLUMEINJECTION1OCTANOLSAMPLEDILUENTINREVERSEDPHASELIQUIDCHROMATOGRAPHYAPPLICATIONINBIOANALYSISFORASSAYINGINDAPAMIDEINWHOLEBLOOD,Indapamide,589.0,1.7,10.1016/j.jpba.2010.12.005,CC1CC2=CC=CC=C2N1NC(=O)C3=CC(=C(C=C3)Cl)S(=O)(=O)N,1,0
4061,10/17/2016,Optics and Lasers in Engineering,INTERFEROMETRICPHASEMICROSCOPYUSINGSLIGHTLYOFFAXISREFLECTIVEPOINTDIFFRACTIONINTERFEROMETER,BK7,589.0,1.5168,10.1016/j.optlaseng.2016.10.011,CCOC1=CC2=C(C=C1)C=C(C=C2)C3=NN(C4=NC=NC(=C34)N)CC5CCNCC5,2,0
4063,10/29/2009,The Journal of Chemical Thermodynamics,SALTINGOUTEFFECTPHASESEPARATIONINAQUEOUSSOLUTIONSTRISODIUMCITRATE1BUTYL3METHYLIMIDAZOLIUMBROMIDE,H2O,589.0,1.336,10.1016/j.jct.2009.10.007,O,0,0
4064,3/16/2015,The Journal of Chemical Thermodynamics,VOLUMETRICACOUSTICREFRACTOMETRICPROPERTIESTHIOPHENEHEXANECYCLOHEXANESOLUTIONSINPRESENCEIMIDAZOLIUMBASEDIONICLIQUIDST29815K,thiophene,589.0,1.3745,10.1016/j.jct.2015.03.004,C1=CSC=C1,0,0
4066,11/12/2011,Sensors and Actuators B: Chemical,COOPTICALSENSINGPROPERTIESNANOCRYSTALLINEZNOAUFILMSEFFECTDOPINGTRANSITIONMETALIONS,ZnO,600.0,1.8,10.1016/j.snb.2011.11.011,O=[Zn],0,0
4072,9/16/2014,Geochimica et Cosmochimica Acta,RAMANSPECTROSCOPICDETERMINATIONCARBONSPECIATIONQUARTZSOLUBILITYINH2ONA2CO3H2ONAHCO3FLUIDS600C153GPA,NaHCO3,589.0,1.356,10.1016/j.gca.2014.09.009,C(=O)(O)[O-].[Na+],0,0
4073,6/12/2017,Optik,DESIGNHIGHLYSENSIBLEPOROUSSHAPEDPHOTONICCRYSTALFIBERSTRONGCONFINEMENTFIELDFOROPTICALSENSING,Ethanol,589.0,1.354,10.1016/j.ijleo.2017.03.123,CCO,2,0
4075,3/5/2018,Optik,APROPOSALFORBIOMEDICALDEVICEMEASUREGUSINHUMANBLOODUSINGMETAMATERIAL,Urea,589.0,1.337,10.1016/j.ijleo.2018.03.007,C(=O)(N)N,1,0
4076,4/30/2016,Journal of Molecular Liquids,ULTRASONICSPEEDSVISCOSITIESREFRACTIVEINDICESFTIRSPECTROSCOPICSTUDIESOXYGENATEALIPHATICAROMATICHYDROCARBONS29815K30815K,1-Propanol,589.0,1.47,10.1016/j.molliq.2016.04.011,CCCO,0,0
4077,5/31/2017,Food Chemistry,PHYSICOCHEMICALPROPERTIESOILSEXTRACTEDIRRADIATEDSACHAINCHIPLUKENETIAVOLUBILISLSEEDS,SIO,589.0,1.475,10.1016/j.foodchem.2017.05.148,O=[Si],0,0
4078,12/25/2008,Optical Materials,DEVELOPMENTCRYOGENICPHONONDETECTORSBASEDCAMOO4ZNWO4SCINTILLATINGCRYSTALSFORDIRECTDARKMATTERSEARCHEXPERIMENTS,CaWO4,589.0,1.93,10.1016/j.optmat.2008.09.018,[O-][W](=O)(=O)[O-].[Ca+2],1,0
4079,1/19/2008,Fluid Phase Equilibria,LIQUIDLIQUIDEQUILIBRIASYSTEMSISOBUTYLACETATEISOBUTYLALCOHOLWATERISOBUTYLACETATEISOBUTYLALCOHOLGLYCEROLDIFFERENTTEMPERATURES,Isobutyl alcohol,589.0,3.4535,10.1016/j.fluid.2008.01.010,CC(C)CO,1,0
4080,8/5/2003,Optics Communications,INFRAREDMODULATIONVIACOUPLINGGRATINGSLYINGIIIVMULTIPLEQUANTUMWELLS,GaAs,589.0,3.27,10.1016/S0030-4018(97)00025-4,[Ga]#[As],2,0
4081,8/11/2015,Journal of Molecular Liquids,THERMOPHYSICALABSORPTIONPROPERTIESBROMINATEDVEGETABLEOIL,BVO,589.0,1.5171,10.1016/j.molliq.2015.07.060,C1=CC=C2C(=C1)C(=O)C3=C(C2=O)N(N=N3)C4=CC(=C(C(=C4)F)C5=CC=CC(=C5)CO)F,0,0
4084,7/22/2015,Fluid Phase Equilibria,EXPERIMENTALISOBARICVAPORLIQUIDEQUILIBRIUMSUBATMOSPHERICLOCALATMOSPHERICPRESSURESVOLUMETRICPROPERTIESMOLARREFRACTIVITY2931531315KWATERTRIETHYLENEGLYCOL,TEG,589.0,1.35527,10.1016/j.fluid.2015.07.030,C(COCCOCCO)O,0,0
4087,5/21/2018,Superlattices and Microstructures,RADIATIONLOSSESINPHOTONICCRYSTALSLABWAVEGUIDEENHANCELEDSEFFICIENCY,InP,1220.0,3.17,10.1016/j.spmi.2018.05.010,P#[In],0,0
4088,2/12/2019,Optik,OPTICALELECTROCHEMICALGASSENSINGAPPLICATIONSCUTETRAPHENYLPORPHYRINTHINFILMS,xylene,532.0,1.6302,10.1016/j.ijleo.2019.02.028,CC1=CC=CC=C1C,0,0
4089,9/5/2001,Journal of Molecular Structure,OPTICALCONSTANTSVIBRATIONALASSIGNMENTLIQUIDBROMOBENZENED5BETWEEN4000400CM125C,bromobenzene-d5,589.0,1.5357,10.1016/S0022-2860(01)00615-9,C1=CC=C(C=C1)Br,0,0
4091,9/21/2017,Journal of Non-Crystalline Solids,ELECTRICALOPTICALPROPERTIESSOLUTIONPHASEDEPOSITEDAS2S3AS2SE3CHALCOGENIDETHINFILMSACOMPARATIVESTUDYTHERMALLYDEPOSITEDFILMS,As2S3,589.0,2.05,10.1016/j.jnoncrysol.2017.09.023,S1[As]2S[As]1S2,0,0
4092,7/7/2006,International Journal of Biological Macromolecules,COMPARISONCHARACTERIZATIONBINDINGALPINETINCARDAMONINLYSOZYMEBYSPECTROSCOPICMETHODS,Alpinetin,589.0,1.1,10.1016/j.ijbiomac.2005.11.003,COC1=CC(=CC2=C1C(=O)CC(O2)C3=CC=CC=C3)O,0,0
4093,10/18/1999,Thin Solid Films,MICROSTRUCTUREOPTICALPROPERTIESAMORPHOUSTIO2SIO2COMPOSITEFILMSSYNTHESIZEDBYHELICONPLASMASPUTTERING,TiO2-SiO2,589.0,1.685,10.1016/S0040-6090(98)01007-4,[O-][Si]([O-])([O-])[O-].[Ti+4],0,0
4094,2/1/2017,Optik,HIGHLYEFFICIENTSEMICONDUCTORGRATINGSTRUCTUREFORSOIOPTICALCIRCUITS,Si-InP,588.0,3.47,10.1016/j.ijleo.2017.01.104,P#[In],0,0
4095,7/3/2015,Ceramics International,RECENTDEVELOPMENTPREPARATIONCERAMICINKSININKJETPRINTING,Triethylamine,589.0,2.34,10.1016/j.ceramint.2015.06.124,CCN(CC)CC,1,0
4096,7/12/2017,Physics Letters A,INFLUENCEPOLARIZATIONMATERIALBROWNIANTHERMALNOISEBINARYGRATINGREFLECTORS,Nb2O5,1550.0,2.2359,10.1016/j.physleta.2017.07.006,O=[Nb](=O)O[Nb](=O)=O,0,0
4100,9/18/2004,The Journal of Chemical Thermodynamics,COEXISTENCECURVESFORQUARTERNARYMICROEMULSIONWATERKCLSODIUMDI2ETHYL1HEXYLSULPHOSUCCINATEDECANEINCRITICALREGION,KCl,632.8,1.3978,10.1016/j.jct.2004.07.026,[Cl-].[K+],0,0
4101,9/19/2008,The Journal of Chemical Thermodynamics,MIXINGPROPERTIESTRIS2HYDROXYETHYLMETHYLAMONIUMMETHYLSULFATEWATERMETHANOL29815KDATATREATMENTUSINGSEVERALCORRELATIONEQUATIONS,methanol,589.0,1.47061,10.1016/j.jct.2008.09.009,CO,0,0
4105,2/6/2019,Optics & Laser Technology,SPECTROCHEMICALSTUDYMOLDAVITESRIESIMPACTSTRUCTUREGERMANYUSINGLIBS,CaO,589.0,2.29,10.1016/j.optlastec.2019.01.028,O=[Ca],1,0
4108,4/27/2015,Nanoscale,Continuous and dynamic spectral tuning of single nanowire lasers with subnanometer resolution using hydrostatic pressure,GaN,589.0,2.8,10.1039/C5NR01855B,CC(C)C(C(=O)NC(C(C)C)C(=O)OC)NC(=O)C(C)N1CC(C=C(C=C1)C(C)NC(=O)C(C)N)CC2=CC=CC=C2,3,1
4109,5/28/2016,Journal of Molecular Liquids,MOLECULARINTERACTIONSINSILICONERUBBERNANOHYDROXYLAPATITESYSTEMINSOLUTIONPHASEPROBEDBYULTRASONICTECHNIQUE,Toluene,589.0,1.507,10.1016/j.molliq.2016.05.086,CC1=CC=CC=C1,1,0
4116,10/12/2009,Journal of Molecular Liquids,VOLUMETRICACOUSTICREFRACTIVEPROPERTIESSEVERALTEMPERATURESDIBUTYLETHER1CHLOROBUTANESYSTEM,1-Chlorobutane,589.0,1.3995,10.1016/j.molliq.2009.10.002,CCCCCl,1,0
4119,5/10/2016,American Journal of Ophthalmology,PREVALENCEFEATURESSEVERITYGLAUCOMATOUSVISUALFIELDLOSSMEASURED102ACHROMATICTHRESHOLDVISUALFIELDTEST,OH,589.0,1.19,10.1016/j.ajo.2016.05.003,[OH-],1,0
4121,9/7/2010,Journal of Photochemistry and Photobiology B: Biology,INVESTIGATIONSINTERACTIONSAURINTRICARBOXYLICACIDBOVINESERUMALBUMINSTEADYSTATETIMERESOLVEDSPECTROSCOPICDOCKINGSTUDIES,ATA,589.0,1.4,10.1016/j.jphotobiol.2010.08.011,"C1=CC(=C(C=C1C(=C2C=CC(=O)C(=C2)C(=O)O)C3=CC(=C(C=C3)O)C(=O)O)C(=O)O)O
C1=CC(=C(C=C1C(=C2C=CC(=O)C(=C2)C(=O)O)C3=CC(=C(C=C3)[O-])C(=O)[O-])C(=O)O)[O-].[NH4+].[NH4+].[NH4+]
C1=CC(=C(C=C1C(=C2C=CC(=O)C(=C2)C(=O)O)C3=CC(=C(C=C3)[O-])C(=O)[O-])C(=O)O)[O-].[NH4+].[NH4+].[NH4+]",2,0
4122,6/23/2016,Antiviral Research,IMPACTGLYCOPROTEINBGENOTYPENATURALLYOCCURRINGORFUL56POLYMORPHISMSUPONSUSCEPTIBILITYCLINICALHUMANCYTOMEGALOVIRUSISOLATESLETERMOVIR,Ganciclovir,589.0,1.3,10.1016/j.antiviral.2016.06.008,C1=NC2=C(N1COC(CO)CO)N=C(NC2=O)N,1,0
4123,11/1/2014,The Journal of Supercritical Fluids,EFFECTBMIMBRSOLUBILITYCARBONDIOXIDEMETHANEINGLYCOLSPRESSURESUP14MPATEMPERATURESRANGING303423K,Ethyleneglycol,589.0,1.112,10.1016/j.supflu.2014.10.027,C(CO)O,0,0
4124,10/11/2005,Optical Materials,SOLUTESOLVENTINTERACTIONINMETHYLMETHACRYLATE2HYDROXYETHYLMETHACRYLATEMONOMERSSOLUTIONS,HEMA,589.0,1.44907,10.1016/j.optmat.2005.08.014,CC(=C)C(=O)OCCO,0,0
4125,11/23/1998,Colloids and Surfaces A: Physicochemical and Engineering Aspects,ELECTROKINETICBEHAVIORSELECTEDALKALIALKALINEEARTHFLUORIDESALTSINORGANICSOLVENTS,Nitroethane,589.0,1.39,10.1016/S0927-7757(98)00385-9,CC[N+](=O)[O-],1,0
4126,10/28/2014,RSC Advances,Interfacial complexation behavior of anionic and cationic cellulose derivatives ,silicon,589.0,3.87,10.1039/C4RA06353H,[Si],2,1
4128,7/29/2012,Journal of Molecular Liquids,DENSITIESVISCOSITIESREFRACTIVEINDICESEXCESSPROPERTIESANILINEOANISIDINE2ALKOXYETHANOLS30315K,o-anisidine,589.0,1.4875,10.1016/j.molliq.2012.07.025,COC1=CC=CC=C1N,0,0
4129,5/23/2017,Journal of Molecular Liquids,SOLVATOCHROMICANALYSISDFTCOMPUTATIONALSTUDYAZOMALEIMIDEDERIVATIVE,2-Butanone,589.0,1.3788,10.1016/j.molliq.2017.05.096,CCC(=O)C,0,0
4130,8/17/2015,Chemical Physics Letters,FEMTOSECONDDYNAMICSPHOTOINDUCEDCISTRANSISOMERIZATIONETHYL31HINDOLE3YLACRYLATE,Dimethylsulfoxide,330.6,1.4793,10.1016/j.cplett.2015.08.025,CS(=O)C,0,0
4131,3/17/2017,Optical Materials,ULTRAFASTCARRIERDYNAMICSTHIRDORDERNONLINEAROPTICALPROPERTIESALUMINUMDOPEDZINCOXIDEAZOTHINFILMS,AZO,589.0,1.99,10.1016/j.optmat.2017.03.009,CC1=C(C=CC(=C1)C2=CC(=C(C=C2)N=NC3=C(C4=CC=CC=C4C(=C3)S(=O)(=O)[O-])O)C)N=NC5=C(C6=CC=CC=C6C(=C5)S(=O)(=O)[O-])O.[Na+].[Na+],0,0
4132,2/8/2013,Polymer Testing,INFLUENCETHIOLENEFUNCTIONALITIESTHIOLENENETWORKSPHOTOPOLYMERIZATIONPHYSICALMECHANICALANDOPTICALPROPERTIES,TMPTA,589.0,1.5078,10.1016/j.polymertesting.2013.01.013,CCC(COC(=O)C=C)(COC(=O)C=C)COC(=O)C=C,0,0
4133,7/20/2018,Journal of Molecular Liquids,EXPERIMENTALCORRELATIONALSTUDYPHASEEQUILIBRIAINAQUEOUSSOLUTIONSPHOSPHORICACIDALCOHOLSDIFFERENTTEMPERATURES,1-Heptanol,589.0,1.4224,10.1016/j.molliq.2018.06.115,CCCCCCCO,1,0
4135,4/27/2015,The Journal of Chemical Thermodynamics,LIQUIDLIQUIDPHASEEQUILIBRIUMCRITICALBEHAVIORBINARYSOLUTIONHEAVYWATER26DIMETHYLPYRIDINE,D2O,632.8,1.4108,10.1016/j.jct.2015.04.010,O,0,0
4136,9/18/2004,The Journal of Chemical Thermodynamics,COEXISTENCECURVESFORQUARTERNARYMICROEMULSIONWATERKCLSODIUMDI2ETHYL1HEXYLSULPHOSUCCINATEDECANEINCRITICALREGION,KCl,632.8,1.1985,10.1016/j.jct.2004.07.026,[Cl-].[K+],0,0
4137,9/13/1999,Journal of Alloys and Compounds,GROWTHOPTICALPROPERTIESREDOPEDBULKFIBERSINGLECRYSTALSBYCZOCHRALSKIMICROPULLINGDOWNMETHODS,YbVO4,633.0,2.036,10.1016/S0925-8388(98)00420-4,[O-2].[O-2].[O-2].[O-2].[V].[Yb+3],0,0
4140,2/28/2017,The Journal of Chemical Thermodynamics,THERMODYNAMICBEHAVIORETHANOLBUTYLPYRIDINIUMTETRAFLUOROBORATEBINARYSOLUTIONINCRITICALREGION,ethanol,632.8,1.3806,10.1016/j.jct.2017.02.014,CCO,0,0
4144,7/30/2003,Journal of Hazardous Materials,OTDRFIBEROPTICALCHEMICALSENSORSYSTEMFORDETECTIONLOCATIONHYDROCARBONLEAKAGE,"1,1,2-Trichloroethane",589.0,1.4714,10.1016/S0304-3894(03)00199-7,C(C(Cl)Cl)Cl,1,0
4145,9/10/2014,Optik,REALIZATIONTEMPERATUREINSEMICONDUCTORUSINGOPTICALPRINCIPLE,Silicon,589.0,3.412,10.1016/j.ijleo.2014.07.078,[Si],1,0
4146,8/29/2012,Journal of Ethnopharmacology,INVITROINVIVOANTIMICROBIALACTIVITYALGERIANHOGGARSALVADORAPERSICALEXTRACTSAGAINSTMICROBIALSTRAINSCHILDRENSORALCAVITY,WC,589.0,3.29,10.1016/j.jep.2012.08.025,C1=CC=C2C(=C1)C(=CN2)CC(C(=O)NC(CS)C(=O)O)N,1,0
4147,2/19/2018,Chemical Society Reviews,Micro-optics for microfluidic analytical applications ,PDMS,589.0,1.42,10.1039/C5CS00649J,C[Si](C)(C)O[Si](C)(C)O[Si](C)(C)C,2,1
4149,9/6/2010,New J. Chem.,pH-stable hyperbranched poly(ethyleneimine)-maltose films for the interaction with phosphate containing drugs,Adenosine 5'-Triphosphate,589.0,1.406,10.1039/C0NJ00447B,C1=NC(=C2C(=N1)N(C=N2)C3C(C(C(O3)COP(=O)(O)OP(=O)(O)OP(=O)(O)O)O)O)N,0,1
4150,7/22/2015,Fluid Phase Equilibria,EXPERIMENTALISOBARICVAPORLIQUIDEQUILIBRIUMSUBATMOSPHERICLOCALATMOSPHERICPRESSURESVOLUMETRICPROPERTIESMOLARREFRACTIVITY2931531315KWATERTRIETHYLENEGLYCOL,TEG,589.0,1.38834,10.1016/j.fluid.2015.07.030,C(COCCOCCO)O,0,0
4154,6/7/2007,Fuel Processing Technology,SEPARATIONDIFFERENTPARAFFINWAXGRADESUSINGTWOCOMPARATIVEDEOILINGTECHNIQUES,Ethyl acetate,589.0,1.4183,10.1016/j.fuproc.2007.04.011,CCOC(=O)C,1,0
4155,8/8/2017,Journal of Photochemistry and Photobiology B: Biology,ECOFRIENDLYGOLDNANOPARTICLESLYSOZYMEINTERACTIONTHERMODYNAMICALPERSPECTIVES,Lys,589.0,1.19,10.1016/j.jphotobiol.2017.08.009,C(CCN)CC(C(=O)O)N,0,0
4157,9/10/2018,Optik,LASERINDUCEDDAMAGETHRESHOLDTA2O5TA2O5SIO2FILMS5321064NM,Ta2O5,589.0,1.93,10.1016/j.ijleo.2018.09.026,[O-2].[O-2].[O-2].[O-2].[O-2].[Ta+5].[Ta+5],1,0
4159,9/19/2010,The Journal of Chemical Thermodynamics,THERMODYNAMICSAQUEOUSSOLUTIONSCONTAININGPOLYNISOPROPYLACRYLAMIDE,NIPAM,589.0,4.67,10.1016/j.jct.2010.09.007,CC(C)NC(=O)C=C,1,0
4160,2/23/2005,Spectrochimica Acta Part A: Molecular and Biomolecular Spectroscopy,SPECTRALANALYSISCU2B2O3ZNOPBOGLASSES,CuO,589.3,2.1588,10.1016/j.saa.2005.01.014,O=[Cu],0,0
4162,11/1/2014,Solar Energy,ANALYSISMEASUREDPHOTOVOLTAICMODULEPERFORMANCEFORFLORIDAOREGONCOLORADOLOCATIONS,Tefzel,589.0,1.526,10.1016/j.solener.2014.10.017,C=C.C(=C(F)F)(F)F,2,0
4166,2/27/2016,European Journal of Pharmaceutical Sciences,APPLICABILITYREFRACTOMETRYFORFASTROUTINECHECKINGHOSPITALPREPARATIONS,NaCl,589.0,1.336787,10.1016/j.ejps.2016.02.014,[Na+].[Cl-],1,0
4170,8/21/2013,Optik,NUMERICALSTUDYPERFORMANCECHARACTERISTICSDEEPVIOLETINGANDQWLASERDIODESALINGANQUATERNARYMULTIQUANTUMBARRIERELECTRONBLOCKINGLAYER,AlN,436.0,2.035,10.1016/j.ijleo.2013.05.080,N#[Al],0,0
4171,3/29/2014,Optical Materials,INFLUENCEAL3IONSSELFUPCONVERSIONINHO3DOPEDLEADSILICATEGLASSES,Ho2O3,588.0,1.647,10.1016/j.optmat.2014.02.027,[O-2].[O-2].[O-2].[Ho+3].[Ho+3],0,0
4173,12/8/2016,Reactive and Functional Polymers,SELENIDECONTAININGHIGHREFRACTIVEINDEXPOLYMERMATERIALADJUSTABLEREFRACTIVEINDEXABBESNUMBER,Selenium,589.0,1.616,10.1016/j.reactfunctpolym.2016.12.007,[Se],0,0
4174,12/23/2015,European Polymer Journal,"Preparation of UV-curable acryl resin for high refractive index based on 1,5-bis(2-acryloylenethyl)-3,4-ethylenedithiothiophene",sulfur,589.0,1.6443,10.1016/j.eurpolymj.2015.12.016,[S],3,0
4177,1/7/2010,Physica B: Condensed Matter,EFFECTANNEALINGTEMPERATURESTRUCTURALOPTICALPROPERTIESZNOTHINFILMSPREPAREDBYRFMAGNETRONSPUTTERING,ZnO,532.0,1.858,10.1016/j.physb.2010.01.039,O=[Zn],0,0
4178,4/18/2009,Fuel Processing Technology,OXIDATIVEDESULPHURIZATIONLIGHTCYCLEOIL,acetonitrile,589.0,1.5305,10.1016/j.fuproc.2009.03.012,CC#N,0,0
4180,8/26/2014,Materials Letters,HIGHBARIUMCONTENTLEADALKALINEFREEGLASSES,Barium,589.0,1.6,10.1016/j.matlet.2014.08.094,[Ba],2,0
4182,5/16/2018,Photonics and Nanostructures - Fundamentals and Applications,Plasmonic nanostructures with waveguiding effect,rutile,589.0,2.584,10.1016/j.photonics.2018.05.003,O=[Ti]=O,3,0
4184,12/10/2016,Journal of the European Ceramic Society,SURFACEMODIFICATIONAL2O3DICARBOXYLICACIDSFORPREPARATIONUVCURABLECERAMICSUSPENSIONS,Succinic acid,589.0,1.6411,10.1016/j.jeurceramsoc.2016.12.013,C(CC(=O)O)C(=O)O,1,0
4185,3/23/2011,Journal of Molecular Liquids,GROUNDEXCITEDSTATEDIPOLEMOMENTSDANSYLAMIDESOLVATOCHROMICSHIFTSABSORPTIONFLUORESCENCESPECTRA,Cyclohexane,589.0,1.424,10.1016/j.molliq.2011.03.008,C1CCCCC1,1,0
4188,10/15/2003,Chemical Physics Letters,Determination of the size and composition of multicomponent ethanol/water droplets by cavity-enhanced Raman scattering,ethanol,589.0,1.366,10.1016/j.cplett.2003.09.048,CCO,3,0
4189,7/21/2006,Spectrochimica Acta Part A: Molecular and Biomolecular Spectroscopy,PHOTOPHYSICALSTUDIESMEROCYANINE540DYEINAQUEOUSMICELLARDISPERSIONSDIFFERENTSURFACTANTSINDIFFERENTSOLVENTS,Tween 20,589.0,1.442,10.1016/j.saa.2006.06.030,CCCCCCCCCCCC(=O)OCCOCC(C1C(C(CO1)OCCO)OCCO)OCCO,1,0
4191,1/21/2014,Journal of Molecular Liquids,PHYSICOCHEMICALCHARACTERIZATIONAQUEOUSTWOPHASESYSTEMSCONTAININGTRITONX102SODIUMSALTSINRANGETEMPERATURE28815K31815K,Na2S2O3,589.0,1.3526,10.1016/j.molliq.2014.01.010,[O-]S(=O)(=S)[O-].[Na+].[Na+],0,0
4193,3/12/2011,Optics Communications,OPTICALFLUORESCENCESPECTROSCOPYEU2O3DOPEDP2O5K2OKFMOAL2O3MMGSRBAGLASSES,fluorophosphate,589.0,1.519,10.1016/j.optcom.2011.02.033,[O-]P(=O)([O-])F,0,0
4196,6/20/2003,Journal of Magnetic Resonance,VARIATIONSCHEMICALSHIFTTMS,Carbon tetrachloride,589.0,1.5011,10.1016/S1090-7807(03)00142-3,C(Cl)(Cl)(Cl)Cl,1,0
4199,9/19/2018,The Journal of Chemical Thermodynamics,VOLUMETRICREFRACTIVEPROPERTIES1357TETRAVINYL1357TETRAMETHYLCYCLOTETRASILOXANEMETHOXYBENZENECHLOROBENZENETERTBUTYLBENZENENITROBENZENET2981531815K,chlorobenzene,589.0,1.4577,10.1016/j.jct.2018.09.021,C1=CC=C(C=C1)Cl,1,0
4200,9/4/2007,Journal of Molecular Structure,NEW16HEPTADIENESPYRIMIDINEBASESATTACHEDSYNTHESESSPECTROSCOPICANALYSES,Chloroform,589.0,1.443,10.1016/j.molstruc.2007.08.026,C(Cl)(Cl)Cl,0,0
4202,10/11/2001,"Journal of the Chemical Society, Dalton Transactions","Lanthanide triple-stranded helical complexes with a substituted 2,6-pyridinedicarboxylate  ",H2SO4,589.0,1.338,10.1039/B104448F,OS(=O)(=O)O,2,1
4205,7/17/2015,Journal of Food Composition and Analysis,BEYONDTRADITIONALBALSAMICVINEGARCOMPOSITIONALSENSORIALCHARACTERISTICSINDUSTRIALBALSAMICVINEGARSREGULATORYREQUIREMENTS,Fructose,589.0,3.0,10.1016/j.jfca.2015.07.001,C1C(C(C(C(O1)(CO)O)O)O)O,1,0
4206,1/16/2019,Food Research International,OVERVIEWPHYSICOCHEMICALCHARACTERISTICSHEALTHPROMOTINGPROPERTIESHONEYDEWHONEY,Cinnamic acid,589.0,2.0,10.1016/j.foodres.2019.01.028,C1=CC=C(C=C1)C=CC(=O)O,1,0
4207,10/21/2014,Fluid Phase Equilibria,ACHEMICALSTRUCTUREBASEDMODELFORESTIMATIONREFRACTIVEINDICESORGANICCOMPOUNDS,3-ethyltetrahydrofuran,589.0,1.491,10.1016/j.fluid.2014.10.005,CCC1CCOC1,0,0
4209,9/17/1999,Journal of Photochemistry and Photobiology A: Chemistry,TIMEDEPENDENTSOLVENTEFFECTST1TNABSORPTIONSPECTRATHIOXANTHONEAPICOSECONDINVESTIGATION,1-propanol,613.0,1.386,10.1016/S1010-6030(99)00117-3,CCCO,0,0
4210,9/4/2008,Fluid Phase Equilibria,PHASEEQUILIBRIAINTERFACIALTENSIONSINSYSTEMSMETHYLTERTBUTYLETHERACETONECYCLOHEXANEMETHYLTERTBUTYLETHERACETONEMETHYLTERTBUTYLETHERCYCLOHEXANE,Cyclohexane,589.0,1.42235,10.1016/j.fluid.2008.08.012,C1CCCCC1,1,0
4212,11/29/2002,J. Mater. Chem.,Synthesis and characterization of poly(methyl silsesquioxane)–titania optical thin films,titania,50.0,1.53,10.1039/B207390K,O=[Ti]=O,0,1
4214,2/16/2013,Current Opinion in Colloid & Interface Science,UNDERSTANDINGSUSPENSIONRHEOLOGYANISOTROPICALLYCHARGEDPLATYMINERALSDIRECTINTERACTIONFORCEMEASUREMENTUSINGAFM,Silica,589.0,1.448,10.1016/j.cocis.2013.02.008,O=[Si]=O,1,0
4216,10/23/2014,Sensors and Actuators B: Chemical,DYEMODIFIEDCARBONNANOTUBESFOROPTICALDETECTIONAMINESVAPOURS,Trimethylamine,589.0,1.369,10.1016/j.snb.2014.10.046,CN(C)C,1,0
4217,1/24/2012,J. Mater. Chem.,Growth of single-crystalline rutile TiO2 nanorod arrays on GaN light-emitting diodes with enhanced light extraction,TiO2,589.0,2.76,10.1039/C2JM14369K,O=[Ti]=O,3,1
4219,7/9/2009,Bioresource Technology,ANAEROBICDIGESTIONGLYCEROLDERIVEDBIODIESELMANUFACTURING,glycerol,589.0,1.444,10.1016/j.biortech.2009.06.017,C(C(CO)O)O,0,0
4220,6/18/2014,CATENA,GRAINSIZEPARTITIONINGINLOESSPALEOSOLSEQUENCEWESTCOASTSOUTHKOREAUSINGWEIBULLFUNCTION,hematite,589.0,1.595,10.1016/j.catena.2014.05.018,[O-2].[O-2].[O-2].[Fe+3].[Fe+3],2,0
4221,1/28/2011,Journal of the European Ceramic Society,INKJETPRINTINGPHOTOCATALYTICALLYACTIVETIO2THINFILMSWATERBASEDPRECURSORSOLUTIONS,TiO2,589.0,1.95,10.1016/j.jeurceramsoc.2010.12.033,O=[Ti]=O,0,0
4225,3/13/2003,Phys. Chem. Chem. Phys.,"On the radiative lifetime, quantum yield and fluorescence decay of Alq in thin filmsElectronic supplementary information (ESI) available: Experimental data. See http://www.rsc.org/suppdata/cp/b2/b211264g/",CHCl3,589.0,1.541,10.1039/B211264G,C(Cl)(Cl)Cl,0,1
4226,6/23/2017,Radiation Physics and Chemistry,STUDYOPTICALPROPERTIESCARBONACEOUSCLUSTERSINDAMADCSOLIDSTATENUCLEARTRACKDETECTORS,carbon,589.0,4.91,10.1016/j.radphyschem.2017.06.016,[C],0,0
4227,3/28/2018,Progress in Aerospace Sciences,ADVANCESCHALLENGESINPERIODICFORCINGTURBULENTBOUNDARYLAYERABODYREVOLUTION,silicon,589.0,1.401,10.1016/j.paerosci.2018.03.005,[Si],2,0
4228,9/25/2014,Nanoscale,Vertically stacked plasmonic nanoparticles in a circular arrangement: a key to colorimetric refractive index sensing  ,silver,589.0,1.56,10.1039/C4NR03562C,[Ag],2,1
4229,12/3/2015,Spectrochimica Acta Part A: Molecular and Biomolecular Spectroscopy,BINDINGINTERACTIONATORVASTATINBOVINESERUMALBUMINSPECTROSCOPICMETHODSMOLECULARDOCKING,atorvastatin,589.0,1.08,10.1016/j.saa.2015.12.003,CC(C)C1=C(C(=C(N1CCC(CC(CC(=O)O)O)O)C2=CC=C(C=C2)F)C3=CC=CC=C3)C(=O)NC4=CC=CC=C4,0,0
4231,7/3/2001,Journal of Molecular Structure: THEOCHEM,SOLVENTEFFECTGROUNDEXCITEDSTATEDIPOLEMOMENTSFLUORESCEIN,fluorescein,306.0,1.3642,10.1016/S0166-1280(01)00513-9,C1=CC=C2C(=C1)C(=O)OC23C4=C(C=C(C=C4)O)OC5=C3C=CC(=C5)O,0,0
4232,3/12/2007,International Journal of Pharmaceutics,STATISTICALCLUSTERANALYSISPHARMACEUTICALSOLVENTS,2-Methyl-1-propanol,589.0,1.396,10.1016/j.ijpharm.2007.03.002,CC(C)CO,0,0
4233,2/9/2008,Physica B: Condensed Matter,SPECTROSCOPICFEATURESPR3ND3SM3ER3IONSINLI2OMONB2O5MOO3WO3B2O3GLASSSYSTEMS,Ln,588.0,1.573,10.1016/j.physb.2008.01.043,"CC(C)CC(C(=O)NC(CC(=O)N)C(=O)O)N
CC(C)CC(C(=O)NC(CC(=O)N)C(=O)O)N",0,0
4234,2/16/2017,Bioelectrochemistry,ELECTRICALACTIVITYCELLOBIOSEDEHYDROGENASEADSORBEDTHIOLSINFLUENCECHARGEHYDROPHOBICITY,thiols,589.0,1.65,10.1016/j.bioelechem.2017.02.001,S,0,0
4236,4/30/2016,Journal of Molecular Liquids,ULTRASONICSPEEDSVISCOSITIESREFRACTIVEINDICESFTIRSPECTROSCOPICSTUDIESOXYGENATEALIPHATICAROMATICHYDROCARBONS29815K30815K,1-Propanol,589.0,1.3792,10.1016/j.molliq.2016.04.011,CCCO,0,0
4237,12/3/2003,Fluid Phase Equilibria,ACOUSTICVOLUMETRICCOMPRESSIBILITYREFRACTIVITYPROPERTIESREDUCTIONPARAMETERSFORERASFLORYMODELSHOMOLOGOUSSERIESAMINES2981532815K,Dibutylamine,589.0,1.4118,10.1016/j.fluid.2003.09.007,CCCCNCCCC,1,0
4238,8/23/2008,Thin Solid Films,OPTICALELECTRICALPROPERTIESNEGATIVELYCHARGEDALUMINIUMOXYNITRIDEFILMS,AlON,630.0,1.7055,10.1016/j.tsf.2008.08.138,CC(C)C1=CC=C(C=C1)NC(=O)N(C)C,0,0
4239,7/19/2004,Journal of Food Composition and Analysis,OPTIMIZATIONDETERMINATIONORGANICACIDSSUGARSINFRUITJUICESBYIONEXCLUSIONLIQUIDCHROMATOGRAPHY,Citric acid,589.0,1.12,10.1016/j.jfca.2004.01.005,C(C(=O)O)C(CC(=O)O)(C(=O)O)O,1,0
4241,1/21/2009,International Journal of Hydrogen Energy,STUDIESSOLVATOCHROMICBEHAVIORMONOAZODERIVATIVESUSINGELECTRONICABSORPTIONSPECTRA,n-Hexane,589.0,1.3748,10.1016/j.ijhydene.2008.12.051,CCCCCC,0,0
4242,10/17/2018,Optical Fiber Technology,FIBEROPTICSPRSENSORFORHUMANIMMUNOGLOBULINGMEASUREMENTBASEDMMFNCFMMFSTRUCTURE,chromium,589.0,1.42,10.1016/j.yofte.2018.10.015,[Cr],1,0
4248,11/13/2001,Journal of Molecular Structure: THEOCHEM,ESTIMATIONEXCITEDSTATEDIPOLEMOMENTSDI4METHYLPHENYLCARBAZONECOIICUIIZNIICOMPLEXESSOLVENTEFFECTULTRAVIOLETABSORPTIONSPECTRA,benzene,589.0,1.5082,10.1016/S0166-1280(01)00753-9,C1=CC=CC=C1,0,0
4249,7/20/2018,RSC Advances,Flexible top-emitting organic light emitting diodes with a functional dielectric reflector on a metal foil substrate  ,SiO2,589.0,1.49,10.1039/C8RA05759A,O=[Si]=O,2,1
4250,9/29/2009,Journal of Colloid and Interface Science,LIGANDSTABILIZEDMETALNANOPARTICLESINORGANICSOLVENT,Dimethylformamide,414.0,1.4282,10.1016/j.jcis.2009.09.049,CN(C)C=O,0,0
4251,5/15/2012,Lab Chip,Lab-in-a-tube: on-chip integration of glass optofluidic ring resonators for label-free sensing applications,glucose,589.0,1.3472,10.1039/C2LC40275K,C(C1C(C(C(C(O1)O)O)O)O)O,0,1
4252,2/4/2013,Vacuum,PULSEDLASERDEPOSITIONTHINFILMSACTIVELYCOOLEDSUBSTRATES,TiO2,589.0,2.54,10.1016/j.vacuum.2013.01.024,O=[Ti]=O,0,0
4253,10/28/2003,Journal of Non-Crystalline Solids,Photoluminescence from organic–inorganic multilayers based on sol–gel derived titania,titania,589.0,2.4,10.1016/j.jnoncrysol.2003.09.030,O=[Ti]=O,3,0
4254,9/25/2015,Complementary Therapies in Clinical Practice,EFFECTSQUINCESYRUPCLINICALSYMPTOMSCHILDRENSYMPTOMATICGASTROESOPHAGEALREFLUXDISEASEADOUBLEBLINDRANDOMIZEDCONTROLLEDCLINICALTRIAL,Omeprazole,589.0,2.0,10.1016/j.ctcp.2015.09.005,CC1=CN=C(C(=C1OC)C)CS(=O)C2=NC3=C(N2)C=C(C=C3)OC,1,0
4256,4/30/2016,Journal of Molecular Liquids,ULTRASONICSPEEDSVISCOSITIESREFRACTIVEINDICESFTIRSPECTROSCOPICSTUDIESOXYGENATEALIPHATICAROMATICHYDROCARBONS29815K30815K,1-Propanol,589.0,1.473,10.1016/j.molliq.2016.04.011,CCCO,0,0
4257,8/25/2011,Quaternary International,CORRELATIONMIDDLEPLEISTOCENECRYSTALRICHTEPHRALAYERSDAISENVOLCANOSOUTHWESTJAPANBASEDCHEMICALCOMPOSITIONREFRACTIVEINDEXMAFICMINERALS,DOP,589.0,1.675,10.1016/j.quaint.2011.08.014,CCCCC(CC)COC(=O)C1=CC=CC=C1C(=O)OCC(CC)CCCC,0,0
4258,1/25/2016,Optical Materials,OPTICALELECTRONICPROPERTIESSEMICONDUCTORSENERGYGAPS,AlN,589.0,2.2,10.1016/j.optmat.2016.01.012,N#[Al],0,0
4259,9/23/2016,Optics & Laser Technology,GROWTHCHARACTERIZATIONBUTYL4HYDROXYBENZOATESINGLECRYSTALBYVERTICALBRIDGMANTECHNIQUEFORTHIRDORDERNONLINEAROPTICALAPPLICATIONS,butyl 4-hydroxybenzoate,589.0,1.6,10.1016/j.optlastec.2016.08.017,CCCCOC(=O)C1=CC=C(C=C1)O,2,0
4262,4/19/2005,Sensors and Actuators B: Chemical,CYCLEPERFORMANCESOLGELOPTICALSENSORBASEDLOCALIZEDSURFACEPLASMONRESONANCESILVERPARTICLES,C2H5OH,589.0,1.37,10.1016/j.snb.2005.03.033,CCO,2,0
4264,9/21/2015,RSC Adv.,Facile solvothermal synthesis of high refractive index ZrO<sub>2</sub> spheres: estimation of the enhanced light extraction efficiency,ZrO2,589.0,2.0,10.1039/C5RA13284C,O=[Zr]=O,3,1
4265,11/28/2017,Journal of Photochemistry and Photobiology A: Chemistry,REFRACTIVEINDEXDEPENDENCESOLVATOCHROMISM,n-Hexadecane,589.0,1.433,10.1016/j.jphotochem.2017.11.048,CCCCCCCCCCCCCCCC,0,0
4266,4/19/2001,Journal of Photochemistry and Photobiology A: Chemistry,PHOTOPHYSICALAGGREGATIONPROPERTIESALONGCHAINSQUARYLIUMINDOCYANINEDYE,Triacetin,639.0,1.43,10.1016/S1010-6030(01)00405-1,CC(=O)OCC(COC(=O)C)OC(=O)C,0,0
4268,12/7/2010,Spectrochimica Acta Part A: Molecular and Biomolecular Spectroscopy,STUDIESELECTRONICABSORPTIONSPECTRAMONOAZODERIVATIVES,Butyl acetate,589.0,1.3719,10.1016/j.saa.2010.11.040,CCCCOC(=O)C,1,0
4269,11/19/2011,Journal of Luminescence,INTERACTIONSBETWEEN42DIMETHYLAMINOETHYLOXYNOCTADECYL18NAPHTHALIMIDESERUMALBUMINSINVESTIGATIONBYSPECTROSCOPICAPPROACH,Acetonitrile,514.0,1.344,10.1016/j.jlumin.2011.11.012,CC#N,0,0
4274,2/28/2017,The Journal of Chemical Thermodynamics,THERMODYNAMICBEHAVIORETHANOLBUTYLPYRIDINIUMTETRAFLUOROBORATEBINARYSOLUTIONINCRITICALREGION,ethanol,632.8,1.3787,10.1016/j.jct.2017.02.014,CCO,0,0
4278,3/21/2008,"Nuclear Instruments and Methods in Physics Research Section A: Accelerators, Spectrometers, Detectors and Associated Equipment",MECHANICALPROPERTIESXRAYIRRADIATEDDLCFILMSCONTAININGSIOXACONSTRUCTIVEELEMENTFORRADIATIONDETECTORS,Quartz,589.0,1.7,10.1016/j.nima.2008.03.053,O=[Si]=O,0,0
4279,6/25/2010,Energy Conversion and Management,CATALYTICPYROLYSISLDPELEADSVALUABLERESOURCERECOVERYREDUCTIONWASTEPROBLEMS,SiO2,589.0,1.562,10.1016/j.enconman.2010.06.016,O=[Si]=O,1,0
4280,8/15/2014,Nanoscale Research Letters,Out-diffused silver island films for surface-enhanced Raman scattering protected with TiO 2 films using atomic layer deposition,TiO2,589.0,2.27,10.1186/1556-276X-9-398,O=[Ti]=O,2,2
4283,9/19/2008,The Journal of Chemical Thermodynamics,STUDYSTATICPERMITTIVITYDENSITYSYSTEMSNNONANEMONOGLYMEDIGLYMEVARIOUSTEMPERATURES,Diglyme,589.0,1.4058,10.1016/j.jct.2008.09.006,COCCOCCOC,1,0
4284,10/4/2012,Physica B: Condensed Matter,STRUCTURALELECTRONICOPTICALRESPONSEIIAVIACOMPOUNDSTHROUGHMODIFIEDBECKEJOHNSONPOTENTIAL,SrSe,589.0,2.83026,10.1016/j.physb.2012.09.050,[Se]=[Sr],0,0
4285,1/25/2016,Optical Materials,OPTICALELECTRONICPROPERTIESSEMICONDUCTORSENERGYGAPS,ZnTe,589.0,2.7,10.1016/j.optmat.2016.01.012,[Zn]=[Te],1,0
4288,6/7/2007,Fuel Processing Technology,SEPARATIONDIFFERENTPARAFFINWAXGRADESUSINGTWOCOMPARATIVEDEOILINGTECHNIQUES,Ethyl acetate,589.0,1.4274,10.1016/j.fuproc.2007.04.011,CCOC(=O)C,1,0
4289,2/10/2011,Journal of Molecular Liquids,EXPERIMENTALCOMPUTATIONALSTUDYVISCOSITYOPTICALDIELECTRICCONSTANTSOLUTIONSPOLYETHYLENEGLYCOL200,Ethanolamine,589.0,1.445,10.1016/j.molliq.2011.02.005,C(CO)N,1,0
4291,6/18/2007,Forensic Science International,EFFECTREANNEALINGDISTRIBUTIONREFRACTIVEINDEXINAWINDSCREENAWINDOWPANE,Window pane,589.0,1.520564,10.1016/j.forsciint.2007.04.229,CCN(CC)C(=O)C1CN(C2CC3=CNC4=CC=CC(=C34)C2=C1)C,1,0
4292,10/12/2009,Journal of Molecular Liquids,VOLUMETRICACOUSTICREFRACTIVEPROPERTIESSEVERALTEMPERATURESDIBUTYLETHER1CHLOROBUTANESYSTEM,Dibutylether,589.0,1.398873,10.1016/j.molliq.2009.10.002,CCCCOCCCC,0,0
4297,2/28/2003,Phys. Chem. Chem. Phys.,Tricriticality in the ternary system 3-methylpyridine/water/NaBr? The coexistence curves,NaBr,589.0,1.39187,10.1039/B212337A,[Na+].[Br-],0,1
4298,10/1/2016,Materials Letters,Refractive-tunable and hydrophobic antireflective coatings by PMHS-modification assisted sol–gel method,PMHS,589.0,1.23,10.1016/j.matlet.2016.09.119,C[SiH](C)O.C[Si](C)(C)C.C[Si](C)(C)O,3,0
4300,4/14/2016,Spectrochimica Acta Part A: Molecular and Biomolecular Spectroscopy,QUANTUMMECHANICALSTUDYSPECTRALANALYSISDERIVATIVESRHODAMINEINSOLUTIONS,RhB,589.0,1.44,10.1016/j.saa.2016.04.027,[B].[Rh],0,0
4305,7/9/2016,Optics & Laser Technology,WAVELENGTHDEPENDENTPOLARIZATIONABSORBERBASEDMULTICLADDINGFIBERGOLDCOATING,silica,589.0,1.478,10.1016/j.optlastec.2016.06.010,O=[Si]=O,2,0
4306,9/13/1999,Journal of Alloys and Compounds,GROWTHOPTICALPROPERTIESREDOPEDBULKFIBERSINGLECRYSTALSBYCZOCHRALSKIMICROPULLINGDOWNMETHODS,CaCO3,589.0,1.658,10.1016/S0925-8388(98)00420-4,C(=O)([O-])[O-].[Ca+2],1,0
4307,4/30/2016,Journal of Molecular Liquids,ULTRASONICSPEEDSVISCOSITIESREFRACTIVEINDICESFTIRSPECTROSCOPICSTUDIESOXYGENATEALIPHATICAROMATICHYDROCARBONS29815K30815K,1-Propanol,589.0,1.443,10.1016/j.molliq.2016.04.011,CCCO,1,0
4308,8/12/2015,Sensing and Bio-Sensing Research,SENSITIVITYLIMITDETECTIONBIOSENSORSBASEDRINGRESONATORS,BS1,589.0,1.66,10.1016/j.sbsr.2015.08.002,C[N+]1(C2CCC1CC(C2)OC3C4=CC=CC=C4CCC5=CC=CC=C35)C,1,0
4309,9/13/2004,Solid State Ionics,CORRELATIONBETWEENOPTICALELECTRONEGATIVITYMOLARREFRACTIONIONICITYDENSITYBINARYOXIDESSILICATESMINERALS,SiO2,589.0,1.423,10.1016/j.ssi.2004.07.041,O=[Si]=O,0,0
4311,3/14/2014,Energy Conversion and Management,REMOVALSILOXANESINSEWAGESLUDGEBYTHERMALTREATMENTGASSTRIPPING,Decamethyl tetrasiloxane,589.0,1.39,10.1016/j.enconman.2014.02.050,C[Si](C)(C)O[Si](C)(C)O[Si](C)(C)O[Si](C)(C)C,1,0
4313,7/22/2014,International Journal of Heat and Mass Transfer,DROPLETBREAKUPMICRONANODISPERSEDCARBONINWATERCOLLOIDALSUSPENSIONSUNDERINTENSERADIATION,carbon,589.0,1.7,10.1016/j.ijheatmasstransfer.2014.06.068,[C],2,0
4315,9/20/2013,J. Mater. Chem. C,First principles selection and design of mid-IR nonlinear optical halide crystals,CsCdBr3,588.0,1.892,10.1039/C3TC31283F,[Br-].[Br-].[Br-].[Cd+2].[Cs+],0,1
4316,11/20/2014,Optical Materials,STUDYSTRUCTUREANTIREFLECTIVEPROPERTIESLAF3HFO2SIO2LAF3HFO2MGF2TRILAYERSFORUVAPPLICATIONS,LaF3,589.0,1.633,10.1016/j.optmat.2014.09.041,F[La](F)F,1,0
4317,12/10/2008,Biophysical Journal,MICROMETERSIZEDSUPPORTEDLIPIDBILAYERARRAYSFORBACTERIALTOXINBINDINGSTUDIESTHROUGHTOTALINTERNALREFLECTIONFLUORESCENCEMICROSCOPY,silicon,589.0,1.81,10.1529/biophysj.104.054346,[Si],2,0
4318,3/1/2013,Physica E: Low-dimensional Systems and Nanostructures,STUDYEFFECTQUANTUMWELLNUMBERPERFORMANCECHARACTERISTICSGANBASEDVERTICALCAVITYSURFACEEMITTINGLASER,GaN,436.0,2.5067,10.1016/j.physe.2013.02.019,CC(C)C(C(=O)NC(C(C)C)C(=O)OC)NC(=O)C(C)N1CC(C=C(C=C1)C(C)NC(=O)C(C)N)CC2=CC=CC=C2,0,0
4319,10/18/2006,Materials Science and Engineering: C,DISSOLUTIONEMBEDDEDGOLDNANOPARTICLESINSOLGELGLASSFILM,CeO2,589.0,5.0,10.1016/j.msec.2006.09.006,O=[Ce]=O,0,0
4320,1/25/2016,Optical Materials,OPTICALELECTRONICPROPERTIESSEMICONDUCTORSENERGYGAPS,GaSb,589.0,3.75,10.1016/j.optmat.2016.01.012,[Ga+3].[Sb],1,0
4323,6/20/2011,Journal of Magnetic Resonance,MODIFICATIONENCAPSULATIONPRESSUREREVERSEMICELLESINLIQUIDETHANE,2-Hexanone,589.0,1.401,10.1016/j.jmr.2011.06.010,CCCCC(=O)C,1,0
4324,4/30/2016,Journal of Molecular Liquids,ULTRASONICSPEEDSVISCOSITIESREFRACTIVEINDICESFTIRSPECTROSCOPICSTUDIESOXYGENATEALIPHATICAROMATICHYDROCARBONS29815K30815K,1-Propanol,589.0,1.448,10.1016/j.molliq.2016.04.011,CCCO,0,0
4328,8/4/2017,Spectrochimica Acta Part A: Molecular and Biomolecular Spectroscopy,COMPUTATIONALSOLVATOCHROMICSTUDYPYRIDINIUMACETYLBENZOYLMETHYLIDPABM,Isobutylalcohol,589.0,1.3954,10.1016/j.saa.2017.08.008,CC(C)CO,0,0
4330,3/3/2012,Journal of the Taiwan Institute of Chemical Engineers,DEHYDRATIONEFFECTIONICLIQUID1PENTYL3METHYLIMIDAZOLIUMBROMIDEAQUEOUSDGLUCOSESOLUTIONSTHERMODYNAMICSTUDY,D-glucose,589.0,1.344,10.1016/j.jtice.2012.01.010,C(C1C(C(C(C(O1)O)O)O)O)O,0,0
4331,11/22/2013,Spectrochimica Acta Part A: Molecular and Biomolecular Spectroscopy,INTERMOLECULARINTERACTIONSINBINARYTERNARYSOLUTIONSTWOCYCLOIMMONIUMCARBOETHOXYANILIDOMETHYLIDS,Formamide,589.0,1.455,10.1016/j.saa.2013.11.026,C(=O)N,0,0
4334,9/25/2018,Chemical Physics Letters,ABLATIONTHRESHOLDMEASUREMENTSSURFACEMODIFICATIONS193NMLASERIRRADIATED4HSIC,Silicon,589.0,2.26,10.1016/j.cplett.2018.09.057,[Si],0,0
4335,4/7/2008,Acta Biomaterialia,OSTEOBLASTRESPONSESDIFFERENTOXIDECOATINGSPRODUCEDBYSOLGELPROCESSTITANIUMSUBSTRATES,Nb2O5,589.0,1.89,10.1016/j.actbio.2008.03.012,O=[Nb](=O)O[Nb](=O)=O,0,0
4336,10/21/2005,Fluid Phase Equilibria,LIQUIDLIQUIDEQULIBRIAMIXTURELINALOOLETHANOLWATERDIFFERENTTEMPERATURES,Linalool,589.0,1.4595,10.1016/j.fluid.2005.09.009,CC(=CCCC(C)(C=C)O)C,1,0
4338,9/21/2018,Thin Solid Films,ANATASEPHASEEVOLUTIONSTABILIZATIONINIONBEAMSPUTTEREDTIO2THINFILMS,TiO2,550.0,2.52,10.1016/j.tsf.2018.09.038,O=[Ti]=O,0,0
4339,5/5/2009,Survey of Ophthalmology,TOPICALOPHTHALMICCYCLOSPORINEPHARMACOLOGYANDCLINICALUSES,Fluorescein,589.0,3.9,10.1016/j.survophthal.2009.02.002,C1=CC=C2C(=C1)C(=O)OC23C4=C(C=C(C=C4)O)OC5=C3C=CC(=C5)O,1,0
4340,2/6/2018,Food Chemistry,INFLUENCEINDIGENOUSMINORCOMPONENTSFATCRYSTALNETWORKFULLYHYDROGENATEDPALMKERNELOILFULLYHYDROGENATEDCOCONUTOIL,TAG,589.0,1.059,10.1016/j.foodchem.2018.02.020,C1C(C(C(C(O1)(CO)O)O)O)O,0,0
4341,6/17/2011,Applied Energy,ELECTRICALTHERMALPERFORMANCESILICONCONCENTRATORSOLARCELLSIMMERSEDINDIELECTRICLIQUIDS,Dimethyl,589.0,1.396,10.1016/j.apenergy.2011.05.037,CC,1,0
4345,2/28/2001,Optical Materials,OPTICALSTRUCTURALANALYSISEU3DOPEDALUMINAPLANARWAVEGUIDESELABORATEDBYSOLGELPROCESS,alumina,543.7,1.582,10.1016/S0925-3467(00)00053-7,O=[Al]O[Al]=O,0,0
4346,7/13/2015,Sensors and Actuators B: Chemical,BACKSCATTERINGINTERFEROMETRYREVISITEDATHEORETICALEXPERIMENTALINVESTIGATION,Glucose,589.0,2.63,10.1016/j.snb.2015.06.121,C(C1C(C(C(C(O1)O)O)O)O)O,1,0
4347,8/4/2006,European Journal of Medicinal Chemistry,NEWPERFLUOROALKYLATEDAMPHIPHILICMETHACRYLATESBEARINGSULFINYLGROUPASMONOMERSFORBIOMEDICALAPPLICATIONSWATERCONTENTANDOXYGENPERMEABILITYOFTHEIRCOPOLYMERSDEGMA,C6F13,589.0,1.431,10.1016/j.ejmech.2006.06.003,[C-](C(C(C(F)(F)F)(F)F)(F)F)(C(F)(F)F)C(F)(F)F,1,0
4350,7/10/1998,Optical Materials,OPTICALELECTRONEGATIVITYREFRACTIVEINDEXMATERIALS,AlAs,589.0,2.57,10.1016/S0925-3467(97)00171-7,[Al]#[As],1,0
4351,2/6/2004,Applied Surface Science,Study of HfO2 thin films prepared by electron beam evaporation,Si3N4,589.0,2.03,10.1016/j.apsusc.2003.12.028,N12[Si]34N5[Si]16N3[Si]25N46,3,0
4352,12/29/2017,Journal of Physics and Chemistry of Solids,FIRSTPRINCIPLESCALCULATIONSDIFFERENT001SURFACETERMINATIONSTHREECUBICPEROVSKITESCSCABR3CSGEBR3CSSNBR3,CsGeBr3,589.0,2.53,10.1016/j.jpcs.2017.12.052,[Ge](Br)(Br)Br.[Cs],1,0
4353,8/20/2012,Lab on a Chip,Dual-core optofluidic chip for independent particle detection and tunable spectral filtering   ,Ethylene Glycol,589.0,1.43,10.1039/C2LC40700K,C(CO)O,2,1
4357,9/2/2013,Fluid Phase Equilibria,LIQUIDLIQUIDCOEXISTENCECURVESXNITROBENZENE1X2METHYLPENTANEXNITROBENZENE1XISOOCTANEINCRITICALREGION,nitrobenzene,632.8,1.3708,10.1016/j.fluid.2013.08.025,C1=CC=C(C=C1)[N+](=O)[O-],0,0
4358,8/28/2015,Energy Procedia,SIOYNXSINXSTACKANTIREFLECTIONCOATINGPIDRESISTANCEFORCRYSTALLINESILICONSOLARCELLS,silicon,589.0,2.04,10.1016/j.egypro.2015.07.061,[Si],2,0
4359,2/25/2000,Journal of Non-Crystalline Solids,UVTRANSMISSIONRADIATIONINDUCEDDEFECTSINPHOSPHATEFLUORIDEPHOSPHATEGLASSES,NaPO3,589.0,1.484,10.1016/S0022-3093(99)00681-X,[O-]P(=O)=O.[Na+],1,0
4360,8/21/2007,Lab Chip,Polymer waveguide backplanes for optical sensor interfaces in microfluidics,PDMS,589.0,1.459,10.1039/B709885P,C[Si](C)(C)O[Si](C)(C)O[Si](C)(C)C,3,1
4365,3/21/2013,Soft Matter,Cascade partial coalescence phenomena at electrolyte–oil interfaces and determination of bounds for the surface potential,toluene,589.0,1.499,10.1039/C3SM27772K,CC1=CC=CC=C1,3,1
4367,5/28/2013,The Journal of Chemical Thermodynamics,THERMOPHYSICALSTUDYMETHYLLEVULINATE,methyllevulinate,589.0,1.410301,10.1016/j.jct.2013.05.025,CC(=O)CCC(=O)OC,0,0
4368,7/20/2016,Spectrochimica Acta Part A: Molecular and Biomolecular Spectroscopy,ENVIRONMENTEFFECTSPECTRALCHARGEDISTRIBUTIONCHARACTERISTICSDRUGSFOLATEDERIVATIVES,Methylamine,589.0,1.37,10.1016/j.saa.2016.07.034,CN,0,0
4369,8/25/2011,Quaternary International,CORRELATIONMIDDLEPLEISTOCENECRYSTALRICHTEPHRALAYERSDAISENVOLCANOSOUTHWESTJAPANBASEDCHEMICALCOMPOSITIONREFRACTIVEINDEXMAFICMINERALS,DOP,589.0,1.659,10.1016/j.quaint.2011.08.014,CCCCC(CC)COC(=O)C1=CC=CC=C1C(=O)OCC(CC)CCCC,1,0
4370,7/10/1998,Optical Materials,OPTICALELECTRONEGATIVITYREFRACTIVEINDEXMATERIALS,AlAs,589.0,2.829,10.1016/S0925-3467(97)00171-7,[Al]#[As],1,0
4371,9/15/2014,Chem. Commun.,A convenient sol–gel approach to the preparation of nano-porous silica coatings with very low refractive indices,silica,589.0,1.1,10.1039/C4CC05397D,O=[Si]=O,3,1
4375,6/28/2011,Fuel Processing Technology,SEPARATIONPARAFFINWAXGRADESUSINGSOLVENTEXTRACTIONTECHNIQUE,EL12,589.0,1.4236,10.1016/j.fuproc.2011.06.002,[Ni],0,0
4378,2/23/2016,Lab on a Chip,Reconfigurable liquid-core/liquid-cladding optical waveguides with dielectrophoresis-driven virtual microchannels on an electromicrofluidic platform  ,benzyl alcohol,589.0,1.5396,10.1039/C5LC01233C,C1=CC=C(C=C1)CO,2,1
4379,5/12/1999,Optics Communications,DISPERSIONEQUATIONCOEFFICIENTSFORREFRACTIVEINDEXBIREFRINGENCECALCITEQUARTZCRYSTALS,quartz,198.0,1.65087,10.1016/S0030-4018(99)00091-7,O=[Si]=O,0,0
4380,7/11/2005,Fluid Phase Equilibria,VAPORLIQUIDEQUILIBRIACARBONDIOXIDEISOPROPYLACETATEDIETHYLCARBONATEETHYLBUTYRATEELEVATEDPRESSURES,Ethyl butyrate,589.0,1.39,10.1016/j.fluid.2005.05.018,CCCC(=O)OCC,1,0
4382,5/6/2004,Talanta,ACRITICALEXAMINATIONSORBENTEXTRACTIONPRECONCENTRATIONSPECTROPHOTOMETRICSENSINGINFLOWINGSYSTEMS,Phosphate,589.0,3.8,10.1016/j.talanta.2004.02.021,[O-]P(=O)([O-])[O-],1,0
4383,3/16/2015,The Journal of Chemical Thermodynamics,VOLUMETRICACOUSTICREFRACTOMETRICPROPERTIESTHIOPHENEHEXANECYCLOHEXANESOLUTIONSINPRESENCEIMIDAZOLIUMBASEDIONICLIQUIDST29815K,thiophene,589.0,1.425,10.1016/j.jct.2015.03.004,C1=CSC=C1,0,0
4385,3/11/2003,Dental Materials,SYNTHESISCHARACTERIZATIONEVALUATIONURETHANEDERIVATIVESBISGMA,Bis-GMA,589.0,1.549,10.1016/S0109-5641(02)00108-2,CC(=C)C(=O)OCC(COC1=CC=C(C=C1)C(C)(C)C2=CC=C(C=C2)OCC(COC(=O)C(=C)C)O)O,1,0
4388,1/7/2014,Materials Chemistry and Physics,SILICONEHYBRIDMATERIALSUSEFULFORENCAPSULATIONLIGHTEMITTINGDIODES,ZrO2,589.0,1.592,10.1016/j.matchemphys.2013.12.009,O=[Zr]=O,1,0
4390,3/29/2011,Physical Chemistry Chemical Physics,Evaluation of a quantitative structure–property relationship ( QSPR ) for predicting mid-visible refractive index of secondary organic aerosol ( SOA ) ,2-Methylnaphthalene,589.0,1.602,10.1039/C0CP02270E,CC1=CC2=CC=CC=C2C=C1,1,1
4391,3/29/2010,Journal of the Taiwan Institute of Chemical Engineers,COMPARATIVESTUDYSEPARATIONCHARACTERIZATIONHIGHMELTINGPOINTMACROMICROCRYSTALLINEWAXES,Tertiary butyl acetate,589.0,1.4283,10.1016/j.jtice.2009.09.003,CC(=O)OC(C)(C)C,1,0
4393,10/13/2016,Journal of Molecular Liquids,ASSESSMENTNONCOVALENTINTERACTIONBETWEENINSULINANTIBIOTICSINAQUEOUSSOLUTIONTHROUGHULTRASONICSTUDIESINSILICODOCKINGANALYSIS,Levofloxacin,589.0,3.7989,10.1016/j.molliq.2016.10.051,CC1COC2=C3N1C=C(C(=O)C3=CC(=C2N4CCN(CC4)C)F)C(=O)O,1,0
4395,4/6/2017,Materials Research Bulletin,EFFECTMETALSEMICONDUCTINGNANOPARTICLESOPTICALPROPERTIESDY3IONSINLEADBORATEGLASSES,DyB,589.0,1.79,10.1016/j.materresbull.2017.04.007,[B-]1(OCCO1)(O)OCCCC[NH3+],1,0
4398,7/31/2012,Journal of Materials Chemistry,Nanocomposite Al–Ge–N thin films and their mechanical and optical properties ,Ge3N4,589.0,2.3,10.1039/C2JM32815A,N#[Ge]N([Ge]#N)[Ge]#N,2,1
4399,11/8/2014,Materials Letters,REFRACTOMETRICSENSINGSILICONLAYERCOUPLEDPLASMONICCOLLOIDALCRYSTALS,Isobutyl alcohol,589.0,1.395,10.1016/j.matlet.2014.10.159,CC(C)CO,2,0
4402,4/21/2017,Physica B: Condensed Matter,ANEWMETHODSTUDYSPECTRALMEASUREMENTPREDICTIONBASEDNONLINEARSOLUTIONCONCENTRATIONALCOHOL,alcohol,589.0,1.3333,10.1016/j.physb.2017.04.019,CCO,0,0
4404,11/26/2009,Vacuum,PHYSICALPROPERTIESCUCRO2FILMSPREPAREDBYPULSEDLASERDEPOSITION,CuCrO2,589.0,1.29,10.1016/j.vacuum.2009.11.014,[O-2].[O-2].[Cr+2].[Cu+2],2,0
4405,2/13/2001,Materials Chemistry and Physics,EFFECTANNEALINGTIMEPHYSICOCHEMICALPROPERTIESWO3THINFILMSPREPAREDBYSPRAYPYROLYSIS,WO3,589.0,2.81,10.1016/S0254-0584(00)00464-8,O=[W](=O)=O,0,0
4406,9/25/2012,Journal of Molecular Liquids,THERMOPHYSICALPROPERTIES1HEXYL3METHYLIMIDAZOLIUMTETRAFLUOROBORATEHMIMBF4NMETHYLDIETHANOLAMINEMDEATEMPERATURES3031532315K,MDEA,589.0,1.4632,10.1016/j.molliq.2012.09.002,CCNC(C)CC1=CC2=C(C=C1)OCO2,1,0
4407,1/1/2009,The Journal of Chemical Thermodynamics,CRITICALBEHAVIORWATERAOTDECANEMICROEMULSIONVARIOUSMOLARRATIOSWATERAOT,AOT,632.8,1.4021,10.1016/j.jct.2008.12.019,CCCCC(CC)COC(=O)CC(C(=O)OCC(CC)CCCC)S(=O)(=O)[O-].[Na+],0,0
4408,11/19/2013,Talanta,IONEXCHANGECHROMATOGRAPHYCOMBINEDDIRECTCURRENTAMPEROMETRICDETECTIONCUNPSREDUCEDGRAPHENEOXIDECHITOSANCOMPOSITEFILMMODIFIEDELECTRODEFORDETERMINATIONMONOSACCHARIDECOMPOSITIONPOLYSACCHARIDESPHELLINUSIGNIARIUS,Arabinose,589.0,4.3,10.1016/j.talanta.2013.11.024,C1C(C(C(C(O1)O)O)O)O,1,0
4411,5/9/2008,Optical Materials,CORRELATIONBETWEENOPTICALELECTRONEGATIVITYREFRACTIVEINDEXTERNARYCHALCOPYRITESSEMICONDUCTORSINSULATORSOXIDESALKALIHALIDES,KCl,589.0,1.52,10.1016/j.optmat.2008.03.010,[Cl-].[K+],1,0
4414,3/13/2005,Optics Communications,ERRATUMSTIMULATEDSTOKESANTISTOKESRAMANSCATTERINGINLIQUIDACETONEABESSELBEAMOPTCOMMUN2352004201,acetone,579.0,1.358958,10.1016/j.optcom.2005.03.006,CC(=O)C,0,0
4415,6/9/2010,Optics Communications,MULTILAYERTHINFILMTHICKNESSMEASUREMENTUSINGSENSITIVITYSEPARATIONMETHOD,ZnS,589.0,2.2,10.1016/j.optcom.2010.05.054,C(CC(=O)OP(=O)(O)O)C(=O)O,0,0
4416,11/12/2009,Journal of Luminescence,PHOTOLUMINESCENCEPROPERTIESANOVELCONJUGATEWATERSOLUBLECDTEQUANTUMDOTSGUANINE,nethanol,589.0,1.359,10.1016/j.jlumin.2009.11.010,CCC(C1=CC=CC=C1)C(=O)OCCN2CCOC(C2C)C3=CC=CC=C3,2,0
4417,7/26/1999,Surface and Coatings Technology,EFFECTBIASPOWERPROPERTIESTITANIUMTITANIUMOXIDEFILMSPREPAREDBYRFMAGNETRONSPUTTERING,TiOx,589.0,2.39,10.1016/S0257-8972(98)00647-1,CCCOC1=CC2=C(C=C1)N=C(S2)NC(=O)OC,1,0
4418,3/16/2015,RSC Advances,"The effect of the aliphatic carboxylate linkers on the electronic structures, chemical bonding and optical properties of the uranium-based metal–organic frameworks  ",MOF5,589.0,2.2,10.1039/C5RA01335F,F[Mo](F)(F)(F)F,2,1
4419,2/28/2012,Vacuum,EFFECTSIMPURITYTEMPERATUREFORTRANSPARENTCONDUCTINGOXIDEPROPERTIESALZNODEPOSITEDBYDCMAGNETRONSPUTTERING,ZnO,589.0,1.99,10.1016/j.vacuum.2012.02.025,O=[Zn],2,0
4420,8/22/2018,Chinese Journal of Physics,TUNINGPHYSICALPROPERTIESBYVARIOUSTRANSITIONMETALDOPINGINCO3O4TMTMNIMNCUTHINFILMSACOMPARATIVESTUDY,Co3O4,589.0,2.642,10.1016/j.cjph.2018.08.012,[O-2].[O-2].[O-2].[O-2].[Co+2].[Co+3].[Co+3],0,0
4421,12/25/2004,Optics & Laser Technology,LASERBASEDOPTICALFACILITYFORDETERMINATIONREFRACTIVEINDEXLIQUIDS,Acetone,589.3,1.35905,10.1016/j.optlastec.2004.10.005,CC(=O)C,0,0
4425,12/18/2015,Fluid Phase Equilibria,AQUEOUSTWOPHASESYSTEMPOLYETHYLENEGLYCOL4000FERROUSSULFATEDIFFERENTTEMPERATURES,FeSO4,589.0,1.34227,10.1016/j.fluid.2015.12.014,[O-]S(=O)(=O)[O-].[Fe+2],0,0
4426,12/27/2005,Chemical Physics Letters,SPONTANEOUSRAMANSCATTERINGBANDWIDTHBROADENINGTELLURITEGLASSESMOO3WO3,tellurite,1550.0,1.9274,10.1016/j.cplett.2005.11.120,[O-][Te](=O)[O-],0,0
4427,8/11/2018,Proceedings of the Combustion Institute,INVESTIGATINGROLESOLVENTFORMULATIONSINTEMPERATURECONTROLLEDLIQUIDFEDAEROSOLFLAMESYNTHESISYAGBASEDNANOPARTICLES,Butanol,589.0,1.4097,10.1016/j.proci.2018.07.068,CCCCO,1,0
4428,3/17/2017,Optical Materials,ULTRAFASTCARRIERDYNAMICSTHIRDORDERNONLINEAROPTICALPROPERTIESALUMINUMDOPEDZINCOXIDEAZOTHINFILMS,AZO,589.0,1.6429,10.1016/j.optmat.2017.03.009,CC1=C(C=CC(=C1)C2=CC(=C(C=C2)N=NC3=C(C4=CC=CC=C4C(=C3)S(=O)(=O)[O-])O)C)N=NC5=C(C6=CC=CC=C6C(=C5)S(=O)(=O)[O-])O.[Na+].[Na+],0,0
4430,3/6/2006,Journal of Membrane Science,PERVAPORATIONSEPARATIONALKANETHIOPHENEMIXTURESPDMSMEMBRANE,Thiophene,589.0,1.5289,10.1016/j.memsci.2006.02.008,C1=CSC=C1,0,0
4433,6/11/2002,TrAC Trends in Analytical Chemistry,MULTICOMMUTATIONAPOWERFULNEWANALYTICALTOOL,Creatinine,589.0,2.9,10.1016/S0165-9936(02)00505-8,CN1CC(=O)N=C1N,1,0
4434,3/3/2014,The Journal of Chemical Thermodynamics,HEATCAPACITIESASYMMETRICCRITICALITYLIQUIDLIQUIDCOEXISTENCECURVESFORDIMETHYLCARBONATENUNDECANENTRIDECANE,dimethylcarbonate,632.8,1.4,10.1016/j.jct.2014.02.016,COC(=O)OC,0,0
4435,1/20/2012,Thin Solid Films,SELECTIVEGROWTHRUTILETHINFILMSUSINGRADIOFREQUENCYMAGNETRONSPUTTERING,TiO2,589.0,2.57,10.1016/j.tsf.2012.01.021,O=[Ti]=O,0,0
4436,7/12/2011,Journal of Materials Chemistry,Self-enhancement in ultraviolet luminescence from a metal–phosphor core–shell nanotube ,ZnO Zn,589.0,2.0,10.1039/C1JM11360G,O=[Zn].[Zn],2,1
4437,7/25/2008,Solar Energy Materials and Solar Cells,SELFCONSISTENTOPTICALPARAMETERSINTRINSICSILICON300KINCLUDINGTEMPERATURECOEFFICIENTS,silicon,600.0,3.94,10.1016/j.solmat.2008.06.009,[Si],0,0
4442,7/8/2004,Atmospheric Environment,DIRECTRADIATIVEFORCINGDUEANTHROPOGENICAEROSOLSINEASTASIADURINGAPRIL2001,carbon,589.0,1.5,10.1016/j.atmosenv.2004.05.006,[C],1,0
4443,7/26/2002,Phys. Chem. Chem. Phys.,Contact angles of surfactant solutions in oil solvents on low energy solid surfaces,sodium,589.0,1.741,10.1039/A908926H,[Na],0,1
4444,2/9/2008,Physica B: Condensed Matter,SPECTROSCOPICFEATURESPR3ND3SM3ER3IONSINLI2OMONB2O5MOO3WO3B2O3GLASSSYSTEMS,Ln,588.0,1.521,10.1016/j.physb.2008.01.043,"CC(C)CC(C(=O)NC(CC(=O)N)C(=O)O)N
CC(C)CC(C(=O)NC(CC(=O)N)C(=O)O)N",0,0
4446,2/1/2005,Journal of Physics and Chemistry of Solids,SYNTHESISPTYPETRANSPARENTCONDUCTINGSILVERINDIUMOXIDEAIOTHINFILMSBYREACTIVEELECTRONBEAMEVAPORATIONTECHNIQUE,silver,632.8,2.0,10.1016/j.jpcs.2004.10.007,[Ag],0,0
4447,11/16/2010,Optical Materials,INTENSITYPARAMETERSTM3DOPEDSC2O3TRANSPARENTCERAMICLASERMATERIAL,Sc2O3,1191.81,1.966,10.1016/j.optmat.2010.10.032,[O-2].[O-2].[O-2].[Sc+3].[Sc+3],0,0
4448,5/31/2008,Chemical Engineering Journal,EXPERIMENTALNUMERICALMODELINGMASSTRANSFERBETWEENROCKMATRIXFRACTURE,Heptane,589.0,1.3891,10.1016/j.cej.2008.05.032,CCCCCCC,0,0
4451,11/30/2016,Energy & Environmental Science,"High efficiency solution-processed thin-film Cu(In,Ga)(Se,S) 2 solar cells  ",ZnO,589.0,1.59,10.1039/C6EE02352E,O=[Zn],2,1
4452,12/28/2017,Renewable Energy,ANOVELAPPROACHFOREXTRACTIONALGALOILMARINEMACROALGAEULVAFASCIATA,Hexane,589.0,1.3616,10.1016/j.renene.2017.12.071,CCCCCC,1,0
4453,11/19/2007,Thin Solid Films,ELECTROSTATICALLYSELFASSEMBLEDFILMSCONTAININGIIVISEMICONDUCTORNANOPARTICLESOPTICALELECTRICALPROPERTIES,PAH,589.0,1.513,10.1016/j.tsf.2007.11.067,C1=CC(=CC=C1C(=O)NCC(=O)O)N,0,0
4455,11/7/2006,Atmospheric Environment,CONSTRAININGDENSITYCOMPLEXREFRACTIVEINDEXELEMENTALORGANICCARBONINBIOMASSBURNINGAEROSOLUSINGOPTICALCHEMICALMEASUREMENTS,Levoglucosan,589.0,1.49,10.1016/j.atmosenv.2006.09.035,C1C2C(C(C(C(O1)O2)O)O)O,0,0
4456,8/21/2009,Journal of Colloid and Interface Science,SPECTRALPARAMETERSHAMAKERCONSTANTSSILICONHYDRIDECOMPOUNDSORGANICSOLVENTS,Dichlorobenzene,589.0,1.5515,10.1016/j.jcis.2009.08.028,C1=CC(=CC=C1Cl)Cl,0,0
4457,7/5/2018,Journal of Luminescence,DEVELOPMENTEU3DOPEDLI2OBAOGDF3SIO2OXYFLUORIDEGLASSFOREFFICIENTENERGYTRANSFERGD3EU3INREDEMISSIONSOLIDSTATEDEVICEAPPLICATION,Eu2O3,589.3,1.5825,10.1016/j.jlumin.2018.07.009,[O-2].[O-2].[O-2].[Eu+3].[Eu+3],0,0
4458,2/2/2012,Sensors and Actuators B: Chemical,ENHANCEDOPTICALELECTRICALGASSENSINGRESPONSESOLGELBASEDNIOAUZNOAUNANOSTRUCTUREDTHINFILMS,NiO,589.0,1.19,10.1016/j.snb.2012.01.062,C1=CC(=CN=C1)C(=O)O,0,0
4459,1/25/2016,Optical Materials,OPTICALELECTRONICPROPERTIESSEMICONDUCTORSENERGYGAPS,InP,589.0,3.1,10.1016/j.optmat.2016.01.012,P#[In],0,0
4461,8/12/2013,Journal of Colloid and Interface Science,ORDEREDGOLDNANOPARTICLEARRAYSGLASSCHARACTERIZATION,Heptane,589.0,1.38781,10.1016/j.jcis.2013.07.070,CCCCCCC,0,0
4462,11/29/1999,Chemical Engineering Journal,EXTRACTIONJOJOBAOILBYPRESSINGLEACHING,Benzene,589.0,1.4972,10.1016/S1385-8947(99)00119-9,C1=CC=CC=C1,0,0
4463,10/3/2013,Journal of Dentistry,EFFECTTHREEYEARCONSUMPTIONERYTHRITOLXYLITOLSORBITOLCANDIESVARIOUSPLAQUESALIVARYCARIESRELATEDVARIABLES,Erythritol,589.0,1.58,10.1016/j.jdent.2013.09.007,C(C(C(CO)O)O)O,1,0
4464,8/2/2005,Fluid Phase Equilibria,DENSITYVISCOSITYREFRACTIVEINDEXELECTRICALCONDUCTIVITYSATURATEDSOLUTIONSLITHIUMHYDROXIDEETHANOLWATERSYSTEM29815KTHERMODYNAMICDESCRIPTIONSOLIDLIQUIDEQUILIBRIUM,LiOH,589.0,1.3681,10.1016/j.fluid.2005.05.022,[Li+].[OH-],0,0
4465,2/9/2001,Optics Communications,DISPERSIONOPTICALCONSTANTSQUARTZPOLYMETHYLMETHACRYLATEGLASSESINAWIDESPECTRALRANGE023M,quartz,520.0,1.511,10.1016/S0030-4018(00)01152-4,O=[Si]=O,0,0
4466,2/8/2001,Surface and Coatings Technology,EFFECTSADOUBLELAYERANTIREFLECTIONCOATINGFORABURIEDCONTACTSOLARCELLAPPLICATION,MgF2,589.0,1.386,10.1016/S0257-8972(00)01076-8,[F-].[F-].[Mg+2],1,0
4467,11/9/2006,Solar Energy Materials and Solar Cells,OPTICALELECTROCHROMICPROPERTIESOXYGENSPUTTEREDTUNGSTENOXIDEWO3THINFILMS,oxygen,550.0,2.04,10.1016/j.solmat.2006.09.005,O=O,0,0
4468,9/20/2009,Fluid Phase Equilibria,PHYSICALPROPERTIESPHASEEQUILIBRIASYSTEMISOPROPYLACETATEISOPROPANOL1OCTYL3METHYLIMIDAZOLIUMBISTRIFLUOROMETHYLSULFONYLIMIDE,isopropylacetate,589.0,1.39541,10.1016/j.fluid.2009.09.015,"CC(C)CC(=O)[O-]
CC(C)CC(=O)O",0,0
4474,10/11/2011,Journal of Molecular Liquids,MOLECULARINTERACTIONSSTRUCTURALEFFECTSMIXINGPENTANOLINPOLYETHYLENEGLYCOLDIACRYLATEPOLYETHYLENEGLYCOLDIMETHACRYLATE,pentan-1-ol,589.0,1.423,10.1016/j.molliq.2011.09.018,CCCCCO,1,0
4477,9/20/2009,Fluid Phase Equilibria,PHYSICALPROPERTIESPHASEEQUILIBRIASYSTEMISOPROPYLACETATEISOPROPANOL1OCTYL3METHYLIMIDAZOLIUMBISTRIFLUOROMETHYLSULFONYLIMIDE,isopropylacetate,589.0,1.38522,10.1016/j.fluid.2009.09.015,"CC(C)CC(=O)[O-]
CC(C)CC(=O)O",0,0
4480,7/25/2002,Journal of Physics and Chemistry of Solids,Study of linear and nonlinear optical properties of distorted Ti–O 6 perovskite structure in Ba x Sr 1−x TiO 3,SrTiO3,589.0,2.39,10.1016/S0022-3697(99)00347-9,[O-][Ti](=O)[O-].[Sr+2],3,0
4482,11/16/2010,Optical Materials,INTENSITYPARAMETERSTM3DOPEDSC2O3TRANSPARENTCERAMICLASERMATERIAL,Sc2O3,589.0,1.973,10.1016/j.optmat.2010.10.032,[O-2].[O-2].[O-2].[Sc+3].[Sc+3],0,0
4485,9/14/2017,Journal of Diabetes and its Complications,OPHTHALMICCLINICALFACTORSPREDICTFOURYEARDEVELOPMENTWORSENINGDIABETICRETINOPATHYINTYPE1DIABETES,Cholesterol,589.0,1.1,10.1016/j.jdiacomp.2017.09.002,CC(C)CCCC(C)C1CCC2C1(CCC3C2CC=C4C3(CCC(C4)O)C)C,1,0
4486,11/27/2016,Journal of Non-Crystalline Solids,CALCULATIONPHYSICALPROPERTIESGLASSVIAPHASEDIAGRAMAPPROACH,Li2O-SiO2,589.0,2.3422,10.1016/j.jnoncrysol.2016.11.005,[Li+].[Li+].[O-][Si](=O)[O-],0,0
4488,10/22/2014,Physica B: Condensed Matter,NONLINEAROPTICALPROPERTIESCOBALTIRONDOPEDCDSENANOPARTICLESUSINGZSCANTECHNIQUE,CdSe,589.0,2.39,10.1016/j.physb.2014.10.016,[Se-2].[Cd+2],0,0
4489,12/17/2013,Spectrochimica Acta Part A: Molecular and Biomolecular Spectroscopy,DETERMINATIONGROUNDEXCITEDSTATEDIPOLEMOMENTSDIPOLARLASERDYESBYSOLVATOCHROMICSHIFTMETHOD,Ethanol,589.0,1.303,10.1016/j.saa.2013.12.031,CCO,1,0
4492,3/13/2018,Optics and Lasers in Engineering,DIRECTLASERINTERFERENCEPATTERNINGOPHTHALMICPOLYDIMETHYLSILOXANEPDMSPOLYMERS,PDMS,589.0,1.43,10.1016/j.optlaseng.2018.03.007,C[Si](C)(C)O[Si](C)(C)O[Si](C)(C)C,2,0
4493,7/30/2014,Polymer,HIGHREFRACTIVEINDEXHYPERBRANCHEDPOLYMERSDIFFERENTNAPHTHALENECONTENTSPREPAREDTHROUGHTHIOLYNECLICKREACTIONUSINGDISUBSTITUTEDASYMMETRICBULKYALKYNES,Benzene,589.0,1.6824,10.1016/j.polymer.2014.07.030,C1=CC=CC=C1,1,0
4494,5/18/2011,Spectrochimica Acta Part A: Molecular and Biomolecular Spectroscopy,EFFECTSENVIRONMENTPHOTOPHYSICALCHARACTERISTICSMESOTETRAKISMETHYLPYRIDINIUMYLPORPHYRINTMPYP,H2O,589.0,1.3328,10.1016/j.saa.2011.05.012,O,0,0
4496,10/14/2006,Fluid Phase Equilibria,LIQUIDLIQUIDEQUILIBRIAWATERPROPIONICACIDMETHYLISOAMYLKETONEDIISOBUTYLKETONEETHYLISOAMYLKETONT2982K,Ethyl isoamyl ketone,589.0,1.419415,10.1016/j.fluid.2006.10.004,CCC(=O)CCC(C)C,1,0
4497,12/25/2008,Spectrochimica Acta Part A: Molecular and Biomolecular Spectroscopy,NOVELMEASUREMENTSREFRACTIVEINDEXDENSITYMIDINFRAREDINTEGRATEDBANDSTRENGTHSFORSOLIDO2N2ONO2N2O4MIXTURES,NO2,589.0,1.4,10.1016/j.saa.2008.12.030,N(=O)[O],1,0
4498,12/22/2006,Physica B: Condensed Matter,ELECTRONICPOLARIZABILITYOPTICALBASICITYLANTHANIDEOXIDES,Ce2O3,589.0,2.008,10.1016/j.physb.2006.11.015,O=[Ce]O[Ce]=O,0,0
4499,12/13/2012,Journal of Molecular Liquids,EXCESSMOLARVOLUMESREFRACTIVEINDICESBINARYLIQUIDMIXTURESACETYLACETONENNONANENDECANENDODECANE298153031530815K,n-Nonane,589.0,1.4037,10.1016/j.molliq.2012.11.022,CCCCCCCCC,1,0
4504,5/30/2013,Journal of Photochemistry and Photobiology A: Chemistry,PHOTOPHYSICALCHARACTERIZATIONPLANTGROWTHREGULATOR21NAPHTHYLACETAMIDE,Chloroform,283.0,1.445,10.1016/j.jphotochem.2013.05.009,C(Cl)(Cl)Cl,0,0
4505,7/17/2008,Solar Energy Materials and Solar Cells,SOLGELSIO2TIO2BILAYERFILMSSELFCLEANINGANTIREFLECTIONPROPERTIES,TiO2,589.0,1.87,10.1016/j.solmat.2008.06.005,O=[Ti]=O,2,0
4511,7/22/2015,J. Mater. Chem. A,Quantitative relation between photocatalytic activity and degree of 〈001〉 orientation for anatase TiO<sub>2</sub> thin films,TiO2,589.0,2.08,10.1039/C5TA04362J,O=[Ti]=O,0,1
4514,2/21/2018,Journal of Non-Crystalline Solids,CALCULATIONSTRUCTUREPHYSICALPROPERTIESTERNARYGLASSESVIAPHASEDIAGRAMAPPROACH,B2O3,589.0,1.463,10.1016/j.jnoncrysol.2018.02.007,B(=O)OB=O,0,0
4518,5/12/1999,Optics Communications,DISPERSIONEQUATIONCOEFFICIENTSFORREFRACTIVEINDEXBIREFRINGENCECALCITEQUARTZCRYSTALS,quartz,832.5,1.53773,10.1016/S0030-4018(99)00091-7,O=[Si]=O,0,0
4522,11/4/2013,Journal of Quantitative Spectroscopy and Radiative Transfer,WHITELIGHTGENERATIONDY3DOPEDTELLURITEGLASS,Dy2O3,589.0,2.1639,10.1016/j.jqsrt.2013.10.013,[O-2].[O-2].[O-2].[Dy+3].[Dy+3],0,0
4523,5/8/2006,Optical Materials,DESIGNLOWSCATTERINGIRTRANSPARENTGLASSESBASECONSTANTSTOICHIOMETRYGROUPINGSCONCEPT,PbO,589.0,1.887,10.1016/j.optmat.2006.01.024,O=[Pb],1,0
4529,12/3/2003,Fluid Phase Equilibria,ACOUSTICVOLUMETRICCOMPRESSIBILITYREFRACTIVITYPROPERTIESREDUCTIONPARAMETERSFORERASFLORYMODELSHOMOLOGOUSSERIESAMINES2981532815K,Diethylamine,589.0,1.3809,10.1016/j.fluid.2003.09.007,CCNCC,1,0
4531,4/29/2016,Reactive and Functional Polymers,HIGHLYTRANSPARENTPOLYIMIDEHYBRIDSFOROPTOELECTRONICAPPLICATIONS,ZrO2,589.0,5.425,10.1016/j.reactfunctpolym.2016.04.021,O=[Zr]=O,2,0
4538,4/24/2000,Materials Science in Semiconductor Processing,SURFACEROUGHENINGSICGACONTAININGSEMICONDUCTORSINREACTIVEPLASMAS,GaN,589.0,2.29,10.1016/S1369-8001(99)00037-2,CC(C)C(C(=O)NC(C(C)C)C(=O)OC)NC(=O)C(C)N1CC(C=C(C=C1)C(C)NC(=O)C(C)N)CC2=CC=CC=C2,1,0
4540,2/27/2003,Physical Chemistry Chemical Physics,Tricriticality in the ternary system 3-methylpyridine / water /NaBr? The coexistence curves ,NaBr,589.0,1.41336,10.1039/B212337A,[Na+].[Br-],1,1
4541,7/4/2007,Food Control,ASURVEYCHEMICALMICROBIOLOGICALCOMPOSITIONKURUTNATURALLYFERMENTEDYAKMILKQINGHAIINCHINA,Lactic acid,589.0,1.19,10.1016/j.foodcont.2007.06.010,CC(C(=O)O)O,1,0
4543,8/6/2018,Journal of Molecular Liquids,THERMALCONDUCTIVITYENHANCEMENTINORGANICPHASECHANGEMATERIALPHENOLWATERSYSTEMUPONADDITIONAL2O3SIO2TIO2NANOINCLUSIONS,phenol,589.3,1.5385,10.1016/j.molliq.2018.08.001,C1=CC=C(C=C1)O,0,0
4545,8/3/2015,CrystEngComm,Facile synthesis of a thermally stable Ce<sup>3+</sup>:Y<sub>3</sub>Al<sub>5</sub>O<sub>12</sub>phosphor-in-glass for white LEDs,Y3Al5O12,589.0,1.83,10.1039/C5CE01365H,O=[Al]O[Al]=O.O=[Al]O[Al]=O.O=[Al]O[Y]=O.O=[Y]O[Y]=O,3,1
4546,12/5/2018,Journal of Molecular Liquids,INFLUENCEALKYLCHAINLENGTHPHYSICOCHEMICALPROPERTIESBIOLOGICALACTIVITYINAHOMOLOGOUSSERIESDICHLORPROPBASEDHERBICIDALIONICLIQUIDS,C4H9,589.0,1.5381,10.1016/j.molliq.2018.12.013,CC(C)[CH2],0,0
4547,9/20/2018,New J. Chem.,Synthesis and properties of ionic liquids based on mecoprop,C10H21,589.0,1.514,10.1039/C8NJ03435D,[H-].CCCCCCCCC=C,0,1
4550,8/21/2001,Journal of Food Engineering,TEMPERATUREINFLUENCEREFRACTIVEINDICESISENTROPICCOMPRESSIBILITIESALCOHOLC2C4OLIVEOILMIXTURES,2-Propanol,589.0,1.37705,10.1016/S0260-8774(00)00192-8,CC(C)O,1,0
4552,3/31/2007,Thin Solid Films,NANOSTRUCTURALPROPERTIESZNOFILMSFORSIBASEDHETEROJUNCTIONSOLARCELLS,ZnO,589.0,2.086,10.1016/j.tsf.2007.03.095,O=[Zn],0,0
4553,5/10/2018,International Journal of Greenhouse Gas Control,DEVELOPMENTAFACILERECLAIMINGPROCESSFORDEGRADEDALKANOLAMINEGLYCOLSOLVENTSUSEDFORCO2CAPTURESYSTEMS,MEG,589.0,1.385,10.1016/j.ijggc.2018.05.004,C(CS)N=C(N)N,0,0
4557,3/15/2019,The Journal of Chemical Thermodynamics,PHASEEQUILIBRIACSCLPOLYETHYLENEGLYCOLPEGH2O29815KEFFECTDIFFERENTPOLYMERMOLARMASSESPEG100040006000,CsCl,589.0,1.3435,10.1016/j.jct.2019.03.020,[Cl-].[Cs+],0,0
4558,8/22/2006,Journal of Luminescence,FLUORESCENCESOLVATOCHROMISMAMEROCYANINEDYEAHIGHQUADRATICPOLARIZABILITYINSOLUTIONSPOLYMERFILMS,Chloroform,589.0,1.4433,10.1016/j.jlumin.2006.07.001,C(Cl)(Cl)Cl,1,0
4559,9/19/2018,The Journal of Chemical Thermodynamics,VOLUMETRICREFRACTIVEPROPERTIES1357TETRAVINYL1357TETRAMETHYLCYCLOTETRASILOXANEMETHOXYBENZENECHLOROBENZENETERTBUTYLBENZENENITROBENZENET2981531815K,methoxybenzene,589.0,1.45039,10.1016/j.jct.2018.09.021,COC1=CC=CC=C1,1,0
4560,3/29/2011,Physical Chemistry Chemical Physics,Evaluation of a quantitative structure–property relationship ( QSPR ) for predicting mid-visible refractive index of secondary organic aerosol ( SOA ) ,Valeraldehyde,589.0,1.396,10.1039/C0CP02270E,CCCCC=O,1,1
4565,8/2/2012,Dyes and Pigments,CAROTENEAGREENINEXPENSIVECONVENIENTSOLVATOCHROMICPROBEFORDETERMINATIONSOLVENTPOLARIZABILITY,2-Pentanol,589.0,1.406,10.1016/j.dyepig.2012.07.017,CCCC(C)O,0,0
4566,10/22/2014,International Communications in Heat and Mass Transfer,OPTICALPROPERTIESMETALOXIDESBASEDNANOFLUIDS,Al2O3,1100.0,1.7531,10.1016/j.icheatmasstransfer.2014.10.010,[O-2].[O-2].[O-2].[Al+3].[Al+3],0,0
4573,5/2/2006,Solar Energy Materials and Solar Cells,THERMALLYAIRPLASMAOXIDIZEDTITANIUMSTAINLESSSTEELPLATESSOLARSELECTIVEABSORBERS,titanium oxide,589.0,2.85,10.1016/j.solmat.2006.03.032,[O-2].[O-2].[Ti+4],2,0
4574,2/9/2001,Journal of Photochemistry and Photobiology B: Biology,NONRADIATIVERADIATIVEDEACTIVATIONSINGLETMOLECULAROXYGENO2A1GINMICELLARMEDIAMICROEMULSIONS,CTAC,589.0,1.329,10.1016/S1011-1344(00)00109-3,CCCCCCCCCCCCCCCC[N+](C)(C)C.[Cl-],1,0
4575,1/25/2016,Optical Materials,OPTICALELECTRONICPROPERTIESSEMICONDUCTORSENERGYGAPS,InP,589.0,3.41,10.1016/j.optmat.2016.01.012,P#[In],0,0
4576,2/6/2018,Food Chemistry,INFLUENCEINDIGENOUSMINORCOMPONENTSFATCRYSTALNETWORKFULLYHYDROGENATEDPALMKERNELOILFULLYHYDROGENATEDCOCONUTOIL,TAG,589.0,1.109,10.1016/j.foodchem.2018.02.020,C1C(C(C(C(O1)(CO)O)O)O)O,0,0
4577,7/25/2008,Solar Energy Materials and Solar Cells,SELFCONSISTENTOPTICALPARAMETERSINTRINSICSILICON300KINCLUDINGTEMPERATURECOEFFICIENTS,silicon,430.0,4.949,10.1016/j.solmat.2008.06.009,[Si],0,0
4579,11/1/2016,The Journal of Chemical Thermodynamics,LIQUIDLIQUIDPHASEEQUILIBRIUMHEATCAPACITYBINARYSOLUTION2PROPANOL1OCTYL3METHYLIMIDAZOLIUMHEXAFLUOROPHOSPHATE,2-propanol,632.8,1.3738,10.1016/j.jct.2016.10.047,CC(C)O,0,0
4584,9/14/2011,Phys. Chem. Chem. Phys.,Efficient crystallization induced emissive materials based on a simple push–pull molecular structure,Tetrahydrofurane,372.0,1.407,10.1039/C1CP22267H,C1CCOC1,0,1
4586,3/16/2016,The Journal of Chemical Thermodynamics,LIQUIDLIQUIDEQUILIBRIASTUDYWATERPHOSPHORICACIDHEXYLCYCLOHEXYLACETATESYSTEMST298153081531815KMEASUREMENTTHERMODYNAMICMODELLING,Phosphoric acid,589.0,1.4345,10.1016/j.jct.2016.03.025,OP(=O)(O)O,1,0
4590,10/4/2012,Physica B: Condensed Matter,STRUCTURALELECTRONICOPTICALRESPONSEIIAVIACOMPOUNDSTHROUGHMODIFIEDBECKEJOHNSONPOTENTIAL,MgSe,589.0,3.28252,10.1016/j.physb.2012.09.050,[Mg+2].[Se-2],0,0
4591,4/26/2018,Atmospheric Environment,EVALUATIONFORWARDMODELLEDATTENUATEDBACKSCATTERUSINGURBANCEILOMETERNETWORKINLONDONUNDERCLEARSKYCONDITIONS,Ammonium Nitrate,589.0,1.61,10.1016/j.atmosenv.2018.04.045,[NH4+].[N+](=O)([O-])[O-],1,0
4593,11/1/2013,Sensors and Actuators B: Chemical,FIBEROPTICSPRSENSORFORLIQUIDCONCENTRATIONMEASUREMENT,glycerol,589.0,1.352,10.1016/j.snb.2013.10.108,C(C(CO)O)O,0,0
4594,3/22/2017,Fuel,THERMALRHEOLOGICALPROPERTIESSOAPBERRYSAPINDUSSAPONARIALSAPINDACEAEOILBIODIESELBLENDSPETRODIESEL,BSO,589.0,1.444,10.1016/j.fuel.2017.02.059,"CCCCS(=N)(=O)CCC(C(=O)O)N
CCCCS(=N)(=O)CCC(C(=O)O)N",1,0
4595,6/23/2009,Current Applied Physics,STUDYDOPINGMECHANISMELECTRONICSTRUCTUREFORNB5DOPINGPBWO4CRYSTALS,PbWO4,589.0,2.2,10.1016/j.cap.2009.06.026,[O-][W](=O)(=O)[O-].[Pb+2],0,0
4600,12/11/2001,Separation and Purification Technology,REACTIONKINETICSSECONDARYALKANOLAMINESCARBONDIOXIDEINAQUEOUSSOLUTIONSBYSTOPPEDFLOWTECHNIQUE,Ethanolamine,589.0,1.4545,10.1016/S1383-5866(01)00206-4,C(CO)N,0,0
4601,9/7/2001,Colloids and Surfaces A: Physicochemical and Engineering Aspects,HYDRODYNAMICSSUBPHASEENTRAINMENTDURINGLANGMUIRBLODGETTFILMDEPOSITION,Arachidic acid,589.0,1.45,10.1016/S0927-7757(01)00740-3,CCCCCCCCCCCCCCCCCCCC(=O)O,1,0
4602,11/17/2016,The Journal of Chemical Thermodynamics,EXPERIMENTALSOLUBILITYDIOSGENINESTRIOLINVARIOUSSOLVENTSBETWEENT29323282K,Pentan-1-ol,589.0,1.4101,10.1016/j.jct.2016.11.017,CCCCCO,1,0
4604,3/2/2018,Plant Foods for Human Nutrition,Nutritional Value of Commercial Protein-Rich Plant Products,Glucose,589.0,2.93,10.1007/s11130-018-0660-7,C(C1C(C(C(C(O1)O)O)O)O)O,1,2
4606,10/6/2000,Journal of Aerosol Science,RETRIEVALURBANAEROSOLMASSCONCENTRATIONBYA5321064NMLIDAR,H2SO4,532.0,1.433,10.1016/S0021-8502(00)00049-5,OS(=O)(=O)O,0,0
4608,1/23/2002,Journal of Luminescence,SOLVENTEFFECTNONRADIATIVEPROCESSPYRONINBINPROTICAPROTICSOLVENTSYSTEMS,PyB,556.0,1.3782,10.1016/S0022-2313(02)00218-1,CN1C=C(C=C1C(=O)N)N,0,0
4609,12/18/2015,Fluid Phase Equilibria,AQUEOUSTWOPHASESYSTEMPOLYETHYLENEGLYCOL4000FERROUSSULFATEDIFFERENTTEMPERATURES,FeSO4,589.0,1.35607,10.1016/j.fluid.2015.12.014,[O-]S(=O)(=O)[O-].[Fe+2],0,0
4611,4/30/2016,Journal of Molecular Liquids,ULTRASONICSPEEDSVISCOSITIESREFRACTIVEINDICESFTIRSPECTROSCOPICSTUDIESOXYGENATEALIPHATICAROMATICHYDROCARBONS29815K30815K,1-Propanol,589.0,1.456,10.1016/j.molliq.2016.04.011,CCCO,0,0
4613,9/21/2018,Thin Solid Films,ANATASEPHASEEVOLUTIONSTABILIZATIONINIONBEAMSPUTTEREDTIO2THINFILMS,TiO2,550.0,2.4,10.1016/j.tsf.2018.09.038,O=[Ti]=O,0,0
4621,9/20/2016,Thin Solid Films,CHARACTERIZATIONZINCOXIDEFILMSDEPOSITEDINHELIUMOXYGENARGONHELIUMOXYGENATMOSPHERESBYSPUTTERING,ZnO,589.0,2.5,10.1016/j.tsf.2016.08.074,O=[Zn],0,0
4622,11/28/2017,Journal of Photochemistry and Photobiology A: Chemistry,REFRACTIVEINDEXDEPENDENCESOLVATOCHROMISM,Nitrobenzene,589.0,1.551,10.1016/j.jphotochem.2017.11.048,C1=CC=C(C=C1)[N+](=O)[O-],0,0
4625,1/13/2012,Materials Chemistry and Physics,INVESTIGATIONRELATIONSHIPSBETWEENABSORPTIONBANDENERGIESTLCRYSTALLINEENVIRONMENT,TlBr,589.0,2.384,10.1016/j.matchemphys.2011.12.030,Br[Tl],0,0
4626,6/12/2017,Applied Surface Science,DESIGNSOLGELPREPARATIONSIO2TIO2SIO2SNO2SIO2SNO2MULTILAYERANTIREFLECTIVECOATINGS,SnO2,507.39,2.1,10.1016/j.apsusc.2017.06.133,O=[Sn]=O,0,0
4628,6/25/2010,Energy Conversion and Management,CATALYTICPYROLYSISLDPELEADSVALUABLERESOURCERECOVERYREDUCTIONWASTEPROBLEMS,Al2O3,589.0,1.465,10.1016/j.enconman.2010.06.016,[O-2].[O-2].[O-2].[Al+3].[Al+3],1,0
4630,1/26/2001,Infrared Physics & Technology,PHYSICOCHEMICALPARAMETERSALKALIHALIDESUSINGOPTICALELECTRONEGATIVITY,CsCl,589.0,1.564,10.1016/S1350-4495(00)00053-0,[Cl-].[Cs+],1,0
4632,9/25/2004,Superlattices and Microstructures,Electrical and optical characterizations of TiC/porous Si/Si structures,TiC,589.0,1.9,10.1016/j.spmi.2004.08.035,[C-]#[Ti+],3,0
4633,7/12/2011,Optics Communications,LIGHTEXTRACTIONENHANCEMENTGANBASEDLEDSTHROUGHPASSIVEACTIVEPHOTONRECYCLING,N-GaN,589.0,2.42,10.1016/j.optcom.2011.06.051,N#[Ga],0,0
4635,2/10/2011,Journal of Molecular Liquids,EXPERIMENTALCOMPUTATIONALSTUDYVISCOSITYOPTICALDIELECTRICCONSTANTSOLUTIONSPOLYETHYLENEGLYCOL200,Ethanolamine,589.0,1.449,10.1016/j.molliq.2011.02.005,C(CO)N,1,0
4636,7/20/2016,Nanoscale Research Letters,The effects of nanocavity and photonic crystal in InGaN/GaN nanorod LED arrays,GaN,589.0,2.52,10.1186/s11671-016-1548-9,CC(C)C(C(=O)NC(C(C)C)C(=O)OC)NC(=O)C(C)N1CC(C=C(C=C1)C(C)NC(=O)C(C)N)CC2=CC=CC=C2,2,2
4637,10/13/2016,Journal of Molecular Liquids,ASSESSMENTNONCOVALENTINTERACTIONBETWEENINSULINANTIBIOTICSINAQUEOUSSOLUTIONTHROUGHULTRASONICSTUDIESINSILICODOCKINGANALYSIS,Levofloxacin,589.0,1.3361,10.1016/j.molliq.2016.10.051,CC1COC2=C3N1C=C(C(=O)C3=CC(=C2N4CCN(CC4)C)F)C(=O)O,1,0
4638,11/20/2001,Fluid Phase Equilibria,VAPORLIQUIDEQUILIBRIAFOR112333HEXAFLUOROPROPYL222TRIFLUOROETHYLETHERSEVERALORGANICSOLVENTS,"Trans-1,2-dichloroethylene",589.0,1.4462,10.1016/S0378-3812(01)00658-6,C(=CCl)Cl,1,0
4639,3/2/2018,Plant Foods for Human Nutrition,Nutritional Value of Commercial Protein-Rich Plant Products,Sucrose,589.0,2.67,10.1007/s11130-018-0660-7,C(C1C(C(C(C(O1)OC2(C(C(C(O2)CO)O)O)CO)O)O)O)O,1,2
4640,5/12/1999,Optics Communications,DISPERSIONEQUATIONCOEFFICIENTSFORREFRACTIVEINDEXBIREFRINGENCECALCITEQUARTZCRYSTALS,calcite,867.0,1.48137,10.1016/S0030-4018(99)00091-7,C(=O)([O-])[O-].[Ca+2],0,0
4641,3/31/2018,Chinese Journal of Physics,PHYSICALOPTICALRADIATIVEPROPERTIESCASO4B2O3P2O5GLASSESDOPEDSM3IONS,Sm2O3,589.0,2.243,10.1016/j.cjph.2018.03.025,[O-2].[O-2].[O-2].[Sm+3].[Sm+3],0,0
4642,5/24/2017,Sci Rep,Quantitative refractive index distribution of single cell by combining phase-shifting interferometry and AFM imaging,glucose,589.0,1.34,10.1038/s41598-017-02797-8,C(C1C(C(C(C(O1)O)O)O)O)O,3,2
4647,11/23/2017,Optik,ACCURATECALCULATIONGOOSHANCHENSHIFTCRITICALANGLEFORCOMPLEXLASERBEAMPROFILESUSINGBEAMPROPAGATIONMETHOD,glucose,589.0,1.333141862,10.1016/j.ijleo.2017.11.184,C(C1C(C(C(C(O1)O)O)O)O)O,0,0
4648,8/12/2011,Optical Materials,SPECTROSCOPICELLIPSOMETRYANALYSESTHINFILMSINDIFFERENTENVIRONMENTSINNOVATIVEREVERSESIDEAPPROACHALLOWINGMULTIANGLEMEASUREMENTS,ethanol,1000.0,2.202,10.1016/j.optmat.2011.07.014,CCO,0,0
4649,2/20/2013,J. Mater. Chem. C,Facile synthesis of ZnS nanobowl arrays and their applications as 2D photonic crystal sensors,Hexadecane,600.0,1.43,10.1039/C3TC30118D,CCCCCCCCCCCCCCCC,0,1
4650,6/12/2006,Optics Communications,OPTIMIZATIONPROCESSPARAMETERSTITANIUMDIOXIDEFILMSBYRESPONSESURFACESMETHODOLOGY,TiO2,589.0,2.419,10.1016/j.optcom.2006.05.044,O=[Ti]=O,0,0
4652,8/23/2008,Thin Solid Films,OPTICALELECTRICALPROPERTIESNEGATIVELYCHARGEDALUMINIUMOXYNITRIDEFILMS,AlON,630.0,1.7801,10.1016/j.tsf.2008.08.138,CC(C)C1=CC=C(C=C1)NC(=O)N(C)C,0,0
4654,8/24/2017,Faraday Discussions,Accurate representations of the physicochemical properties of atmospheric aerosols: when are laboratory measurements of value? ,Methyl succinic acid,589.0,1.4779,10.1039/C7FD00008A,CC(CC(=O)O)C(=O)O,1,1
4657,2/28/2017,The Journal of Chemical Thermodynamics,THERMODYNAMICBEHAVIORETHANOLBUTYLPYRIDINIUMTETRAFLUOROBORATEBINARYSOLUTIONINCRITICALREGION,ethanol,632.8,1.3899,10.1016/j.jct.2017.02.014,CCO,0,0
4658,1/6/2016,The Journal of Chemical Thermodynamics,PHYSICOCHEMICALPROPERTIES135TRIMETHYL135TRIS333TRIFLUOROPROPYLCYCLOTRISILOXANEVARIOUSAROMATICHYDROCARBONST3081532315K,nitrobenzene,589.0,1.37655,10.1016/j.jct.2015.12.025,C1=CC=C(C=C1)[N+](=O)[O-],1,0
4659,7/2/2018,International Journal of Biological Macromolecules,EFFECTIONICSTRENGTHARGININEAGGREGATIONUVIRRADIATEDMUSCLEGLYCOGENPHOSPHORYLASEB,NaCl,589.0,1.33429,10.1016/j.ijbiomac.2018.06.185,[Na+].[Cl-],0,0
4661,5/12/1999,Optics Communications,DISPERSIONEQUATIONCOEFFICIENTSFORREFRACTIVEINDEXBIREFRINGENCECALCITEQUARTZCRYSTALS,calcite,267.0,1.52547,10.1016/S0030-4018(99)00091-7,C(=O)([O-])[O-].[Ca+2],0,0
4662,7/10/2009,Physica B: Condensed Matter,STRUCTURALOPTICALDIELECTRICSPECTROSCOPYSTUDIESNOVELZNOAS2O3GLASSSYSTEMSB2O3ADDITIVE,Sb2O3,589.3,1.6251,10.1016/j.physb.2009.07.126,O1[Sb]2O[Sb]3O[Sb]1O[Sb](O2)O3,0,0
4667,9/13/2004,Solid State Ionics,CORRELATIONBETWEENOPTICALELECTRONEGATIVITYMOLARREFRACTIONIONICITYDENSITYBINARYOXIDESSILICATESMINERALS,cristobalite,589.0,1.486,10.1016/j.ssi.2004.07.041,O=[Si]=O,1,0
4668,10/1/2002,The Journal of Chemical Thermodynamics,TEMPERATUREDEPENDENCEEXCESSMOLARVOLUMEOCTANE1CHLOROALKANE,1-Chlorobutane,589.0,1.3999,10.1016/S0021-9614(02)00130-1,CCCCCl,1,0
4672,10/13/2016,Journal of Molecular Liquids,ASSESSMENTNONCOVALENTINTERACTIONBETWEENINSULINANTIBIOTICSINAQUEOUSSOLUTIONTHROUGHULTRASONICSTUDIESINSILICODOCKINGANALYSIS,Ciprofloxacin,589.0,1.2838,10.1016/j.molliq.2016.10.051,C1CC1N2C=C(C(=O)C3=CC(=C(C=C32)N4CCNCC4)F)C(=O)O,1,0
4675,1/1/2009,The Journal of Chemical Thermodynamics,CRITICALBEHAVIORWATERAOTDECANEMICROEMULSIONVARIOUSMOLARRATIOSWATERAOT,AOT,632.8,1.4018,10.1016/j.jct.2008.12.019,CCCCC(CC)COC(=O)CC(C(=O)OCC(CC)CCCC)S(=O)(=O)[O-].[Na+],0,0
4676,6/22/2016,Optical Materials,SIO2P2O5HFO2AL2O3NA2OGLASSESACTIVATEDBYER3IONSBULKSAMPLEPLANARWAVEGUIDEFABRICATEDBYRFSPUTTERING,phosphate,1542.0,1.5196,10.1016/j.optmat.2016.06.025,[O-]P(=O)([O-])[O-],0,0
4677,3/14/2019,Spectrochimica Acta Part A: Molecular and Biomolecular Spectroscopy,SPECTRALFLUORESCENTSTUDYINTERACTIONPOLYMETHINEDYEPROBESBIOLOGICALSURFACTANTSBILESALTS,DMSO,603.0,1.477,10.1016/j.saa.2019.03.017,CS(=O)C,0,0
4678,5/31/2011,Applied Surface Science,SOLGELSYNTHESISCHARACTERIZATIONOPTICALPROPERTIESMERCURYDOPEDTIO2THINFILMSDEPOSITEDITOGLASSSUBSTRATES,TiO2,589.0,2.37,10.1016/j.apsusc.2011.05.107,O=[Ti]=O,1,0
4679,9/23/2016,Vibrational Spectroscopy,CHARACTERIZATIONSTRUCTURELOWESUBSTRATESCONSEQUENCESFORIRTRANSFLECTIONMEASUREMENTS,ZnO,589.0,1.75,10.1016/j.vibspec.2016.09.001,O=[Zn],2,0
4681,11/22/2017,Optical Materials,STIMULATEDBRILLOUINSCATTERINGMATERIALSEXPERIMENTALDESIGNAPPLICATIONSAREVIEW,As2Se3,589.0,2.81,10.1016/j.optmat.2017.10.035,[As](=[Se])[Se][As]=[Se],1,0
4684,7/14/2005,Nuclear Instruments and Methods in Physics Research Section B: Beam Interactions with Materials and Atoms,DAMAGEEFFECTFLUORINEIMPLANTATIONPECVDSIOCBARRIERDIELECTRIC,SiCO-D3,589.0,1.749,10.1016/j.nimb.2005.05.013,[C-]#[Si+],0,0
4686,1/23/2006,Analytica Chimica Acta,DISTRIBUTIONCOEFFICIENTSALIPHATICALCOHOLSCARBONYLCOMPOUNDSESTERSBETWEENAIRCARBOXENPOLYDIMETHYLSILOXANEFIBERCOATING,2-Methyl-1-butanol,589.0,3.36,10.1016/j.aca.2005.12.043,CCC(C)CO,0,0
4688,4/1/2005,New J. Chem.,"Microwave approach for the synthesis of rhabdophane-type lanthanide orthophosphate (Ln = La, Ce, Nd, Sm, Eu, Gd and Tb) nanorods under solvothermal conditions",NH4H2PO4,589.0,2.0,10.1039/B415693E,[NH4+].OP(=O)(O)[O-],3,1
4695,12/10/2016,Journal of the European Ceramic Society,SURFACEMODIFICATIONAL2O3DICARBOXYLICACIDSFORPREPARATIONUVCURABLECERAMICSUSPENSIONS,Adipic acid,589.0,1.5261,10.1016/j.jeurceramsoc.2016.12.013,C(CCC(=O)O)CC(=O)O,1,0
4696,12/13/2010,Journal of Pharmaceutical and Biomedical Analysis,LARGEVOLUMEINJECTION1OCTANOLSAMPLEDILUENTINREVERSEDPHASELIQUIDCHROMATOGRAPHYAPPLICATIONINBIOANALYSISFORASSAYINGINDAPAMIDEINWHOLEBLOOD,Indapamide,589.0,1.2,10.1016/j.jpba.2010.12.005,CC1CC2=CC=CC=C2N1NC(=O)C3=CC(=C(C=C3)Cl)S(=O)(=O)N,1,0
4697,8/20/2012,Lab on a Chip,Optofluidic variable-focus lenses for light manipulation  ,PDMS,589.0,1.45,10.1039/C2LC40415J,C[Si](C)(C)O[Si](C)(C)O[Si](C)(C)C,1,1
4699,8/21/2010,Synthetic Metals,ASTUDYTHERMALOPTICALELECTRICALPROPERTIESNEWBRANCHEDTRIPHENYLAMINEBASEDPOLYAZOMETHINES,iodine,589.0,1.98,10.1016/j.synthmet.2010.07.026,II,0,0
4700,9/17/2014,Physical Chemistry Chemical Physics,Structure prediction of nanoclusters; a direct or a pre-screened search on the DFT energy landscape? ,MgO,589.0,3.0,10.1039/C4CP01825G,O=[Mg],2,1
4701,1/18/2008,Journal of the European Ceramic Society,SINTERINGGRAINGROWTHINSIO2DOPEDNDYAG,MgAl2O4,589.0,1.72,10.1016/j.jeurceramsoc.2007.12.006,O=[Al-]=O.O=[Al-]=O.[Mg+2],1,0
4706,10/31/2001,Fuel,REFRACTIVEINDEXMEASUREMENTSDILUTEDBITUMENSOLUTIONS,Tetralin,589.0,1.5613,10.1016/S0016-2361(01)00087-4,C1CCC2=CC=CC=C2C1,1,0
4707,5/23/2009,Forensic Science International,FORENSICDISCRIMINATIONGLASSUSINGCATHODOLUMINESCENCECIELABCOLORCOORDINATESAFEASIBILITYSTUDY,Listerine,589.0,1.516,10.1016/j.forsciint.2009.04.023,CC1CCC(C(C1)O)C(C)C.CC1=CC(=C(C=C1)C(C)C)O.CC1(C2CCC(O1)(CC2)C)C,0,0
4708,2/9/2007,Thin Solid Films,CHARACTERIZATIONFLUORINEDOPEDSILICONDIOXIDEFILMSBYRAMANSPECTROSCOPYELECTRONSPINRESONANCE,TEOS,675.0,1.443,10.1016/j.tsf.2007.01.056,CCO[Si](OCC)(OCC)OCC,0,0
4710,10/24/2018,Optical Materials,EVOLUTIONLSPRGOLDNANOWIRECHAINEMBEDDEDINDIELECTRICMULTILAYERS,tricosenoic acid,589.0,1.53,10.1016/j.optmat.2018.10.020,CCCCCCCCCCCCCCCCCCCCC=CC(=O)O,2,0
4713,6/20/2011,Journal of Magnetic Resonance,MODIFICATIONENCAPSULATIONPRESSUREREVERSEMICELLESINLIQUIDETHANE,Bromoethane,589.0,1.425,10.1016/j.jmr.2011.06.010,CCBr,1,0
4715,1/20/2002,Fuel,TRIBOLOGICALBEHAVIORALKYLETHERSALCOHOLSINLOWSULFURAUTOMOTIVEDIESEL,Octanol,589.0,1.426,10.1016/S0016-2361(02)00013-3,CCCCCCCCO,0,0
4717,4/4/2016,Journal of Molecular Liquids,ISOBARICPHASEEQUILIBRIUMLOCALSUBATMOSPHERICPRESSURESMOLARREFRACTIVITYVOLUMETRICVISCOMETRICPROPERTIESTOLUENE1PARATERTBUTYLTOLUENE2TEMPERATURES2931530815KEXPERIMENTALSTUDIESTHERMODYNAMICMODELING,toluene,589.0,1.49397,10.1016/j.molliq.2016.03.059,CC1=CC=CC=C1,0,0
4720,3/3/2012,Arabian Journal of Chemistry,DENSITYREFRACTIVEINDEXMOLARREFRACTIVITYBINARYLIQUIDMIXTURE2931529815303153081531315K,Acetonitrile,589.0,1.3889,10.1016/j.arabjc.2012.02.013,CC#N,1,0
4722,4/20/2016,The Journal of Chemical Thermodynamics,ASYMMETRICCRITICALITYIONICSOLUTIONCONTAINING1HEXYL3METHYLIMIDAZOLIUMTETRAFLUOROBORATE2PROPANOL,2-propanol,632.8,1.385,10.1016/j.jct.2016.04.016,CC(C)O,0,0
4726,4/13/2005,Journal of Molecular Liquids,OPTICALCONSTANTDIELECTRICCONSTANTMOLARPOLARIZABILITYSPECTRALIQUIDHEXANEBETWEEN4000400CM125C,hexane,589.0,1.3763,10.1016/j.molliq.2005.01.002,CCCCCC,0,0
4727,5/31/2013,Optik,MODELLINGCHALCOGENIDEGLASSBASEDPLASMONICSTRUCTUREFORCHEMICALSENSINGUSINGNEARINFRAREDLIGHT,Methyl salicylate,589.0,1.51735,10.1016/j.ijleo.2013.03.053,COC(=O)C1=CC=CC=C1O,1,0
4731,1/2/2018,The Journal of Chemical Thermodynamics,VOLUMETRICTRANSPORTPROPERTIESBINARYLIQUIDMIXTURES1ETHYL3METHYLIMIDAZOLIUMETHYLSULFATECANDIDATESOLVENTSFORREGENERATIVEFLUEGASDESULFURIZATIONPROCESSES,1-Hexanol,589.0,1.41591,10.1016/j.jct.2017.12.023,CCCCCCO,1,0
4732,2/17/2005,Electrochimica Acta,EFFECTOXALICACIDDIHYDRATEOPTICALELECTROCHEMICALPROPERTIESSOLGELDERIVEDAMORPHOUSELECTROCHROMICWO3FILMS,WO3,546.1,1.96,10.1016/j.electacta.2005.01.008,O=[W](=O)=O,0,0
4733,5/3/2016,Radiation Physics and Chemistry,STRUCTURALMORPHOLOGICALOPTICALINVESTIGATIONSELECTRONBEAMIRRADIATEDPBF2TEO2B2O3EU2O3GLASSES,Oxide,589.0,1.681,10.1016/j.radphyschem.2016.05.002,[O-2],2,0
4737,5/17/2017,Scientific Reports,Cell morphology governs directional control in swimming bacteria,silica,589.0,1.4256,10.1038/s41598-017-01565-y,O=[Si]=O,2,2
4740,8/5/2013,RSC Advances,Testing selected optimal descriptors with artificial neural networks ,Quinoline,589.0,1.629,10.1039/C3RA41435C,C1=CC=C2C(=C1)C=CC=N2,1,1
4742,7/22/2015,Fluid Phase Equilibria,EXPERIMENTALISOBARICVAPORLIQUIDEQUILIBRIUMSUBATMOSPHERICLOCALATMOSPHERICPRESSURESVOLUMETRICPROPERTIESMOLARREFRACTIVITY2931531315KWATERTRIETHYLENEGLYCOL,TEG,589.0,1.46096,10.1016/j.fluid.2015.07.030,C(COCCOCCO)O,0,0
4745,2/28/2017,The Journal of Chemical Thermodynamics,THERMODYNAMICBEHAVIORETHANOLBUTYLPYRIDINIUMTETRAFLUOROBORATEBINARYSOLUTIONINCRITICALREGION,ethanol,632.8,1.3707,10.1016/j.jct.2017.02.014,CCO,0,0
4746,7/11/2001,Journal of Quantitative Spectroscopy and Radiative Transfer,LIGHTSCATTERINGINTENSITYFLUCTUATIONSINSINGLEAEROSOLPARTICLESDURINGDELIQUESCENCE,NaF,589.0,1.327,10.1016/S0022-4073(01)00028-0,[F-].[Na+],1,0
4747,11/6/2009,Vibrational Spectroscopy,VIBRATIONALOVERTONESPECTRAINTERACTIONSC2H4H2CCHCH3INLIQUIDKR,C2H6,589.0,2.12,10.1016/j.vibspec.2009.10.005,CC,1,0
4749,5/12/1999,Optics Communications,DISPERSIONEQUATIONCOEFFICIENTSFORREFRACTIVEINDEXBIREFRINGENCECALCITEQUARTZCRYSTALS,calcite,1422.0,1.6359,10.1016/S0030-4018(99)00091-7,C(=O)([O-])[O-].[Ca+2],0,0
4754,3/3/2012,Arabian Journal of Chemistry,DENSITYREFRACTIVEINDEXMOLARREFRACTIVITYBINARYLIQUIDMIXTURE2931529815303153081531315K,Acetonitrile,589.0,1.2492,10.1016/j.arabjc.2012.02.013,CC#N,1,0
4757,8/21/2012,Journal of Materials Chemistry,Synthesis of colloidal solutions of SrFe 12 O 19 plate-like nanoparticles featuring extraordinary magnetic-field-dependent optical transmission ,BaFe12O19,589.0,2.98,10.1039/C2JM33874B,[O-2].[O-2].[O-2].[O-2].[O-2].[O-2].[O-2].[O-2].[O-2].[O-2].[O-2].[O-2].[O-2].[O-2].[O-2].[O-2].[O-2].[O-2].[O-2].[Fe+3].[Fe+3].[Fe+3].[Fe+3].[Fe+3].[Fe+3].[Fe+3].[Fe+3].[Fe+3].[Fe+3].[Fe+3].[Fe+3].[Ba+2],2,1
4758,1/8/2014,Polymer Degradation and Stability,USEWATERBORNEPAINTSINCONTEMPORARYMURALSCOMPARINGSTABILITYVINYLACRYLICSTYRENEACRYLICFORMULATIONSOUTDOORWEATHERINGCONDITIONS,CaCO3,589.0,1.6,10.1016/j.polymdegradstab.2013.12.034,C(=O)([O-])[O-].[Ca+2],2,0
4762,2/9/2001,Optics Communications,DISPERSIONOPTICALCONSTANTSQUARTZPOLYMETHYLMETHACRYLATEGLASSESINAWIDESPECTRALRANGE023M,quartz,1280.0,1.544,10.1016/S0030-4018(00)01152-4,O=[Si]=O,0,0
4765,2/10/2006,Journal of Molecular Liquids,DIELECTRICSTUDIESHYDROGENBONDEDCOMPLEXESALCOHOLSNNDIMETHYLFORMAMIDE,Benzyl alcohol,589.0,1.4962,10.1016/j.molliq.2005.02.003,C1=CC=C(C=C1)CO,1,0
4766,11/13/2018,Solar Energy Materials and Solar Cells,ENHANCEMENTPHOTOCURRENTEFFICIENCYCDTESOLARCELLSSUPPRESSINGFRONTCONTACTREFLECTIONUSINGAHIGHLYRESISTIVEZNOBUFFERLAYER,SiO2,510.0,1.52083,10.1016/j.solmat.2018.11.002,O=[Si]=O,0,0
4767,8/5/2013,RSC Advances,Testing selected optimal descriptors with artificial neural networks ,Ethylene Carbonate,589.0,1.425,10.1039/C3RA41435C,C1COC(=O)O1,1,1
4769,8/10/2012,Optics and Lasers in Engineering,MEASURINGREFRACTIVEINDEXTRANSPARENTMATERIALSUSINGHIGHPRECISIONCIRCULARHETERODYNEINTERFEROMETRY,BK7,589.0,1.515099,10.1016/j.optlaseng.2012.07.018,CCOC1=CC2=C(C=C1)C=C(C=C2)C3=NN(C4=NC=NC(=C34)N)CC5CCNCC5,0,0
4770,3/29/2011,Physical Chemistry Chemical Physics,Evaluation of a quantitative structure–property relationship ( QSPR ) for predicting mid-visible refractive index of secondary organic aerosol ( SOA ) ,trans-2-Butenal,589.0,1.437,10.1039/C0CP02270E,CC=CC=O,1,1
4772,12/23/2015,Physical Chemistry Chemical Physics,"Optimization of Al 2 O 3 /TiO 2 nanolaminate thin films prepared with different oxide ratios, for use in organic light-emitting diode encapsulation, via plasma-enhanced atomic layer deposition  ",TiO2,589.0,2.4501,10.1039/C5CP06713H,O=[Ti]=O,1,1
4773,10/17/2013,Journal of Molecular Liquids,DENSITIESVISCOSITIESREFRACTIVEINDICESEXCESSPROPERTIESORTHOMETACHLOROANILINE2ALKOXYETHANOLS30315K,m-chloroaniline,589.0,1.489,10.1016/j.molliq.2013.09.035,C1=CC(=CC(=C1)Cl)N,0,0
4774,10/2/2006,Dyes and Pigments,EMISSIONBASEDFIBEROPTICPHSENSINGSCHIFFBASESBEARINGDIMETHYLAMINOGROUPS,EtOH,372.0,1.4694,10.1016/j.dyepig.2006.08.014,CCO,0,0
4775,1/23/2005,Applied Surface Science,TOTALINTERNALREFLECTIONELLIPSOMETRYSPRDETECTIONLOWMOLECULARWEIGHTENVIRONMENTALTOXINS,PAH,589.0,1.404,10.1016/j.apsusc.2004.11.084,C1=CC(=CC=C1C(=O)NCC(=O)O)N,1,0
4777,10/13/2016,Journal of Molecular Liquids,ASSESSMENTNONCOVALENTINTERACTIONBETWEENINSULINANTIBIOTICSINAQUEOUSSOLUTIONTHROUGHULTRASONICSTUDIESINSILICODOCKINGANALYSIS,Azithromycin,589.0,3.6977,10.1016/j.molliq.2016.10.051,CCC1C(C(C(N(CC(CC(C(C(C(C(C(=O)O1)C)OC2CC(C(C(O2)C)O)(C)OC)C)OC3C(C(CC(O3)C)N(C)C)O)(C)O)C)C)C)O)(C)O,1,0
4780,12/16/2004,Sensors and Actuators A: Physical,INFRAREDINTEGRATEDOPTICALEVANESCENTFIELDSENSORFORGASANALYSIS,silicon,589.0,3.43,10.1016/j.sna.2004.11.001,[Si],2,0
4781,1/6/2016,The Journal of Chemical Thermodynamics,PHYSICOCHEMICALPROPERTIES135TRIMETHYL135TRIS333TRIFLUOROPROPYLCYCLOTRISILOXANEVARIOUSAROMATICHYDROCARBONST3081532315K,nitrobenzene,589.0,1.36625,10.1016/j.jct.2015.12.025,C1=CC=C(C=C1)[N+](=O)[O-],1,0
4782,2/21/2009,Journal of Solid State Chemistry,EFFECTSODIUMBARIUMSUBSTITUTIONSPACECHARGEIMPLEMENTATIONINTHERMALLYPOLEDGLASSESFORNONLINEAROPTICALAPPLICATIONS,barium,589.0,1.93,10.1016/j.jssc.2009.02.016,[Ba],0,0
4783,10/13/2016,Journal of Molecular Liquids,ASSESSMENTNONCOVALENTINTERACTIONBETWEENINSULINANTIBIOTICSINAQUEOUSSOLUTIONTHROUGHULTRASONICSTUDIESINSILICODOCKINGANALYSIS,Levofloxacin,589.0,3.7958,10.1016/j.molliq.2016.10.051,CC1COC2=C3N1C=C(C(=O)C3=CC(=C2N4CCN(CC4)C)F)C(=O)O,1,0
4784,1/25/2007,Organic & Biomolecular Chemistry,"Tetraurea calix[4]arenes with sulfur functions: synthesis, dimerization to capsules, and self-assembly on gold ",ferrocenium,589.0,1.466,10.1039/B616358K,[CH-]1C=CC=C1.[CH-]1C=CC=C1.[Fe+3],1,1
4785,11/5/2010,The Journal of Chemical Thermodynamics,THERMOPHYSICALPROPERTIESTWOIONICLIQUIDSBASEDBENZYLIMIDAZOLIUMCATION,CH3SO4,589.0,1.52877,10.1016/j.jct.2010.10.024,COS(=O)(=O)[O-],1,0
4788,8/31/2017,Journal of Quantitative Spectroscopy and Radiative Transfer,SIZINGSINGLEEVAPORATINGDROPLETNEARFORWARDELASTICSCATTERINGSPECTROSCOPY,Ethylene glycol,589.0,1.429,10.1016/j.jqsrt.2017.08.017,C(CO)O,1,0
4789,1/1/2009,The Journal of Chemical Thermodynamics,CRITICALBEHAVIORWATERAOTDECANEMICROEMULSIONVARIOUSMOLARRATIOSWATERAOT,AOT,632.8,1.4029,10.1016/j.jct.2008.12.019,CCCCC(CC)COC(=O)CC(C(=O)OCC(CC)CCCC)S(=O)(=O)[O-].[Na+],0,0
4790,4/10/2000,Atmospheric Environment,CONTRIBUTIONSLIGHTEXTINCTIONDURINGPROJECTMOHAVE,NH4NO3,589.0,1.55,10.1016/S1352-2310(99)00449-5,[NH4+].[N+](=O)([O-])[O-],1,0
4792,12/13/2011,Chemical Engineering Research and Design,SYNTHESISPUREARAGONITEBYSONOCHEMICALMINERALCARBONATION,Aragonite,589.0,1.63,10.1016/j.cherd.2011.11.022,C(=O)([O-])[O-].[Ca+2],1,0
4793,12/8/2014,Materials Horizons,Recent advances in antireflective surfaces based on nanostructure arrays ,silicon,589.0,2.49,10.1039/C4MH00140K,[Si],2,1
4795,5/16/2018,Solid State Sciences,COMPREHENSIVESTUDYCOMPOSITIONALMODIFICATIONTB3DOPEDZINCPHOSPHATEGLASS,Tb2O3,273.0,2.07,10.1016/j.solidstatesciences.2018.05.006,[O-2].[O-2].[O-2].[Tb+3].[Tb+3],0,0
4796,7/18/2018,Thin Solid Films,ELECTRICALCHEMICALCHARACTERIZATIONSHAFNIUMIVOXIDEFILMSFORBIOLOGICALLABONACHIPDEVICES,HfO2,589.0,1.82,10.1016/j.tsf.2018.07.024,O=[Hf]=O,0,0
4797,5/12/1999,Optics Communications,DISPERSIONEQUATIONCOEFFICIENTSFORREFRACTIVEINDEXBIREFRINGENCECALCITEQUARTZCRYSTALS,calcite,1396.0,1.63637,10.1016/S0030-4018(99)00091-7,C(=O)([O-])[O-].[Ca+2],0,0
4798,3/3/2012,Arabian Journal of Chemistry,DENSITYREFRACTIVEINDEXMOLARREFRACTIVITYBINARYLIQUIDMIXTURE2931529815303153081531315K,Acetonitrile,589.0,1.45,10.1016/j.arabjc.2012.02.013,CC#N,1,0
4799,2/6/2014,Sensors and Actuators B: Chemical,AROUTELOWCOSTNANOPLASMONICBIOSENSORINTEGRATEDOPTOFLUIDICPORTABLEPLATFORM,NaCl,589.0,1.3594,10.1016/j.snb.2014.01.110,[Na+].[Cl-],1,0
4801,8/20/2016,Sensors and Actuators B: Chemical,HEMOCOMPATIBILITYEPOCOREEPOCLADPHOTORESISTSCOCSUBSTRATEFOROPTOFLUIDICINTEGRATEDBRAGGSENSORS,sugar,1210.0,1.3546,10.1016/j.snb.2016.08.113,C(C1C(C(C(C(O1)OC2(C(C(C(O2)CO)O)O)CO)O)O)O)O,0,0
4802,12/29/2014,Journal of Alloys and Compounds,EXPERIMENTALNUMERICALSTUDYSTRUCTURALTHERMALRADIATIONPROPERTIESYTTRIUMOXIDESPUTTEREDSAPPHIRE,Y2O3,589.0,1.8561,10.1016/j.jallcom.2014.11.233,[O-2].[O-2].[O-2].[Y+3].[Y+3],0,0
4804,6/16/2010,Surface and Coatings Technology,RELATIONSHIPBETWEENSTRUCTUREBARRIERPERFORMANCEPLASMADEPOSITEDSILICONDIOXIDELIKEFILMS,TEOS,633.0,1.457,10.1016/j.surfcoat.2010.05.024,CCO[Si](OCC)(OCC)OCC,0,0
4805,7/25/2003,Sensors and Actuators B: Chemical,SMALLVOLUMEREFRACTIVEINDEXFLUORESCENCESENSORFORMICROTOTALANALYTICALSYSTEMTASAPPLICATIONS,titanium,589.0,2.11,10.1016/S0925-4005(03)00460-X,[Ti],2,0
4809,2/9/2001,Optics Communications,DISPERSIONOPTICALCONSTANTSQUARTZPOLYMETHYLMETHACRYLATEGLASSESINAWIDESPECTRALRANGE023M,quartz,320.0,1.471,10.1016/S0030-4018(00)01152-4,O=[Si]=O,0,0
4810,6/7/2007,Fuel Processing Technology,SEPARATIONDIFFERENTPARAFFINWAXGRADESUSINGTWOCOMPARATIVEDEOILINGTECHNIQUES,butylacetate,589.0,1.4193,10.1016/j.fuproc.2007.04.011,"CCCCCC(=O)[O-]
CCCCCC(=O)O",0,0
4811,12/14/2011,Food Hydrocolloids,RETENTIONSELECTEDAROMACOMPOUNDSBYGELATINEMATRICES,Hexyl acetate,589.0,1.409,10.1016/j.foodhyd.2011.12.004,CCCCCCOC(=O)C,1,0
4812,2/28/2015,The Journal of Chemical Thermodynamics,MIXINGTHERMODYNAMICPROPERTIESESTERCONTAININGSOLUTIONSASTUDYTERNARYMETHYLALKANOATEPENTANOATEMETHANOATEMETHANOLCORRESPONDINGBINARIESNEWCONTRIBUTIONSESTERESTERINTERACTIONS,Methyl pentanoate,589.0,1.3947,10.1016/j.jct.2015.02.019,CCCCC(=O)OC,1,0
4813,7/9/2004,Synthetic Metals,PHOTOPHYSICALLASINGCHARACTERISATIONNEATFILMSATHIANTHRENESUBSTITUTEDDISTYRYLBENZENEDYETHIANTHRENEDSB,dioxane,400.0,1.421,10.1016/j.synthmet.2004.04.027,C1COCCO1,0,0
4815,12/18/2006,Solar Energy Materials and Solar Cells,OPTICALINVESTIGATIONHYDROGENATIONDEHYDROGENATIONMECHANISMSEVAPORATEDMGNIFILMS,MgH2,589.0,1.94,10.1016/j.solmat.2006.05.012,[H-].[H-].[Mg+2],2,0
4817,12/22/2017,Solar Energy Materials and Solar Cells,Design of high-temperature solar-selective coatings based on aluminium titanium oxynitrides AlyTi1−y(OxN1−x). Part 1: Advanced microstructural characterization and optical simulation,AlTiO,589.0,1.8,10.1016/j.solmat.2017.10.015,[O-2].[Al+3].[Ti+4],3,0
4819,12/4/2014,Water Research,FATEBENZOTRIAZOLE5METHYLBENZOTRIAZOLEINRECYCLEDWATERRECHARGEDANAEROBICAQUIFERCOLUMNSTUDIES,Benzotriazole,589.0,1.73,10.1016/j.watres.2014.11.040,C1=CC2=NNN=C2C=C1,0,0
4821,7/16/2014,Progress in Organic Coatings,PREPARATIONPROPERTIESUVCURABLEDIFUNCTIONALSULFURCONTAININGTHIOACRYLATETHIOURETHANEACRYLATEMONOMERSHIGHREFRACTIVEINDICES,PTEA,589.0,1.577,10.1016/j.porgcoat.2014.05.013,CCCCC[N+](CC)(CC)CC,0,0
4822,8/19/2018,The Journal of Chemical Thermodynamics,MEASUREMENTSLIQUIDLIQUIDCOEXISTENCECURVES1XDIMETHYLCARBONATEXPENTADECANE1XDIMETHYLCARBONATEXHEPTADECANEINCRITICALREGION,pentadecane,632.8,1.3591,10.1016/j.jct.2018.08.003,CCCCCCCCCCCCCCC,0,0
4823,7/30/2007,Solid-State Electronics,RADIATIVELINEWIDTHASINGLEIMPURITYMOLECULEINABIREFRINGENTCRYSTAL,Biphenyl,589.0,1.945,10.1016/j.sse.2007.06.004,C1=CC=C(C=C1)C2=CC=CC=C2,1,0
4825,10/18/2014,Optik,REFRACTIVEINDEXDIELECTRICCONSTANTSGAXIN1XPDISORDEREFFECT,GaP,589.0,2.61,10.1016/j.ijleo.2014.08.112,"C(C(C=O)O)OP(=O)(O)O
C(C(C=O)O)OP(=O)(O)O
C(C(C=O)O)OP(=O)([O-])[O-]",0,0
4827,3/28/2017,Journal of Taibah University for Science,VOLUMETRICOPTICALPROPERTIESACEINHIBITORCAPTOPRILINAQUEOUSALCOHOLICMIXTURES,MeOH,589.0,1.3389,10.1016/j.jtusci.2017.02.003,CO,0,0
4829,9/7/2018,Soil and Tillage Research,SHALLABANDONSEDIMENTATIONMETHODSFORPARTICLESIZEANALYSISINSOILS,Lizardite,589.0,1.541,10.1016/j.still.2018.08.018,O.[O-][Si]([O-])([O-])[O-].[O-][Si]([O-])([O-])[O-].[Mg+2].[Mg+2].[Mg+2],1,0
4831,3/11/2011,Phys. Chem. Chem. Phys.,Evaluation of a quantitative structure–property relationship (QSPR) for predicting mid-visible refractive index of secondary organic aerosol (SOA),"3,3-Dimethyl-1-butene",589.0,1.376,10.1039/C0CP02270E,CC(C)(C)C=C,0,1
4832,6/6/2018,Journal of Materials Chemistry B,Robust polymer nanofilms with bioengineering and environmental applications via facile and highly efficient covalent layer-by-layer assembly  ,Tetrahydrofuran,589.0,4.0,10.1039/C8TB00603B,C1CCOC1,1,1
4834,6/7/2006,Food and Chemical Toxicology,GENERATIONFORMALDEHYDEINCIGARETTESOVERVIEWRECENTEXPERIMENTS,Crotonaldehyde,589.0,2.1,10.1016/j.fct.2006.05.017,CC=CC=O,1,0
4835,4/30/2016,Journal of Molecular Liquids,ULTRASONICSPEEDSVISCOSITIESREFRACTIVEINDICESFTIRSPECTROSCOPICSTUDIESOXYGENATEALIPHATICAROMATICHYDROCARBONS29815K30815K,1-Propanol,589.0,1.403,10.1016/j.molliq.2016.04.011,CCCO,1,0
4836,11/1/2016,The Journal of Chemical Thermodynamics,LIQUIDLIQUIDPHASEEQUILIBRIUMHEATCAPACITYBINARYSOLUTION2PROPANOL1OCTYL3METHYLIMIDAZOLIUMHEXAFLUOROPHOSPHATE,2-propanol,632.8,1.3796,10.1016/j.jct.2016.10.047,CC(C)O,0,0
4837,5/9/2008,Optical Materials,CORRELATIONBETWEENOPTICALELECTRONEGATIVITYREFRACTIVEINDEXTERNARYCHALCOPYRITESSEMICONDUCTORSINSULATORSOXIDESALKALIHALIDES,InSb,589.0,4.8,10.1016/j.optmat.2008.03.010,[In]#[Sb],1,0
4838,10/15/2002,Synthetic Metals,Surface and volume contributions to total diffractional efficiency in As2S3 thin film glasses,carbon tetrachloride,589.0,1.45,10.1016/S0379-6779(01)00643-9,C(Cl)(Cl)(Cl)Cl,3,0
4839,3/18/2019,Food Chemistry,DETERMINATIONSTUDYREFRACTIVEINDICESVISCOSITIESAQUEOUSSOLUTIONSCITRICACIDCITRICACIDGLYCEROLCITRICACIDDSORBITOLT29315K32315KATMOSPHERICPRESSURE,citricacid,589.0,1.4288,10.1016/j.foodchem.2019.03.075,C1=CC2=C(C=C1N)C(=O)NC2=O,0,0
4841,11/19/2015,The Journal of Chemical Thermodynamics,VOLUMETRICPROPERTIES1BUTYL3METHYLIMIDAZOLIUMTETRAFLUOROBORATE2PYRROLIDONET2981532315KATMOSPHERICPRESSURE,2-Pyrrolidone,589.0,1.48218,10.1016/j.jct.2015.11.009,C1CC(=O)NC1,1,0
4845,2/9/2007,Thin Solid Films,CHARACTERIZATIONFLUORINEDOPEDSILICONDIOXIDEFILMSBYRAMANSPECTROSCOPYELECTRONSPINRESONANCE,TEOS,675.0,1.44,10.1016/j.tsf.2007.01.056,CCO[Si](OCC)(OCC)OCC,0,0
4846,2/21/2015,Chemosphere,SHORTTERMEFFECTSTIO2CEO2ZNONANOPARTICLESMETABOLICACTIVITIESGENEEXPRESSIONNITROSOMONASEUROPAEA,ammonia,589.0,1.43,10.1016/j.chemosphere.2015.02.002,N,2,0
4848,10/15/2017,Optics Communications,ANALYZINGAPPLICATIONSILICONSILVER2DNANOMATERIALAL2O3HETEROJUNCTIONINPLASMONICSENSORPERFORMANCEEVALUATION,D2O,589.0,1.324,10.1016/j.optcom.2017.09.081,O,1,0
4849,7/14/2017,Microelectronics Reliability,SIMULATIONTHERMALSTRESSINDUCEDBYCW1340NMLASER28NMADVANCEDTECHNOLOGIES,SiO2,1340.0,1.45,10.1016/j.microrel.2017.07.027,O=[Si]=O,0,0
4850,12/17/2011,Applied Catalysis B: Environmental,PHOTOCATALYTICDEGRADATIONRHODAMINE6GMESOPOROUSTITANIAFILMSCOMBINEDEFFECTTEXTUREDYEAGGREGATIONFORMS,TiO2,589.0,2.49,10.1016/j.apcatb.2011.12.016,O=[Ti]=O,2,0
4852,9/5/2018,Journal of Luminescence,INFLUENCELOCALSTRUCTURELUMINESCENCEDYNAMICSREDEMITTINGZNOEU3NANOSTRUCTURESJUDDOFELTANALYSIS,ZnO,589.0,1.25,10.1016/j.jlumin.2018.09.002,O=[Zn],0,0
4855,6/9/2013,Surface and Coatings Technology,EFFECTSPUTTERINGGASSTRUCTURALOPTICALHYDROPHOBICPROPERTIESDCSPUTTEREDHAFNIUMOXIDETHINFILMS,Argon,589.0,1.85,10.1016/j.surfcoat.2013.05.046,[Ar],1,0
4856,1/14/2000,Powder Technology,LIGHTBACKSCATTERINGBYFINENONABSORBINGSUSPENDEDPARTICLES,TiO2,632.8,2.584,10.1016/S0032-5910(99)00079-0,O=[Ti]=O,0,0
4860,11/1/2003,Optics Communications,Near-field effects in fabrication of fiber Bragg gratings using phase masks,silica,589.0,1.51,10.1016/j.optcom.2003.10.023,O=[Si]=O,3,0
4861,1/3/2019,Fuel,EVALUATIONSOLVENTSFORINSITUASPHALTENEDEPOSITIONREMEDIATION,toluene,589.0,1.461,10.1016/j.fuel.2018.12.080,CC1=CC=CC=C1,0,0
4862,10/9/2003,Applied Geochemistry,APPLICATIONICPMSMETHODSTEPHROCHRONOLOGICALPROBLEMS,Na2O,589.0,3.44,10.1016/S0883-2927(03)00153-7,[O-2].[Na+].[Na+],1,0
4863,7/22/2015,J. Mater. Chem. A,Quantitative relation between photocatalytic activity and degree of 〈001〉 orientation for anatase TiO<sub>2</sub> thin films,TiO2,589.0,2.32,10.1039/C5TA04362J,O=[Ti]=O,0,1
4864,2/5/2004,Advances in Colloid and Interface Science,INSITUFOURIERTRANSFORMINFRAREDSPECTROSCOPYSTUDIESINORGANICIONSADSORPTIONMETALOXIDESHYDROXIDES,hematite,589.0,3.0,10.1016/j.cis.2003.11.002,[O-2].[O-2].[O-2].[Fe+3].[Fe+3],2,0
4870,1/14/2019,Microsystems & Nanoengineering,In situ printing of liquid superlenses for subdiffraction-limited color imaging of nanobiostructures in nature,CH2I2,589.0,1.77,10.1038/s41378-018-0040-3,C(I)I,2,2
4871,11/14/2015,"Nutrition, Metabolism and Cardiovascular Diseases",INCREASINGFRUITVEGETABLEINTAKENOEFFECTRETINALVESSELCALIBERINADULTSHIGHRISKDEVELOPINGCARDIOVASCULARDISEASE,cholesterol,589.0,3.07,10.1016/j.numecd.2015.10.010,CC(C)CCCC(C)C1CCC2C1(CCC3C2CC=C4C3(CCC(C4)O)C)C,1,0
4872,1/20/2002,Fuel,TRIBOLOGICALBEHAVIORALKYLETHERSALCOHOLSINLOWSULFURAUTOMOTIVEDIESEL,Dibutylether,589.0,1.3988,10.1016/S0016-2361(02)00013-3,CCCCOCCCC,0,0
4876,4/2/2016,Journal of King Saud University - Science,ALDGROWNNANOSTRUCTUREDZNOTHINFILMSEFFECTSUBSTRATETEMPERATURETHICKNESSENERGYBANDGAP,ZnO,589.0,1.52,10.1016/j.jksus.2016.03.001,O=[Zn],0,0
4880,10/13/2016,Journal of Molecular Liquids,ASSESSMENTNONCOVALENTINTERACTIONBETWEENINSULINANTIBIOTICSINAQUEOUSSOLUTIONTHROUGHULTRASONICSTUDIESINSILICODOCKINGANALYSIS,Ciprofloxacin,589.0,1.2845,10.1016/j.molliq.2016.10.051,C1CC1N2C=C(C(=O)C3=CC(=C(C=C32)N4CCNCC4)F)C(=O)O,1,0
4881,11/1/2016,The Journal of Chemical Thermodynamics,LIQUIDLIQUIDPHASEEQUILIBRIUMHEATCAPACITYBINARYSOLUTION2PROPANOL1OCTYL3METHYLIMIDAZOLIUMHEXAFLUOROPHOSPHATE,2-propanol,632.8,1.3766,10.1016/j.jct.2016.10.047,CC(C)O,0,0
4882,1/6/2016,The Journal of Chemical Thermodynamics,PHYSICOCHEMICALPROPERTIES135TRIMETHYL135TRIS333TRIFLUOROPROPYLCYCLOTRISILOXANEVARIOUSAROMATICHYDROCARBONST3081532315K,nitrobenzene,589.0,1.35808,10.1016/j.jct.2015.12.025,C1=CC=C(C=C1)[N+](=O)[O-],1,0
4885,3/16/2015,The Journal of Chemical Thermodynamics,VOLUMETRICACOUSTICREFRACTOMETRICPROPERTIESTHIOPHENEHEXANECYCLOHEXANESOLUTIONSINPRESENCEIMIDAZOLIUMBASEDIONICLIQUIDST29815K,thiophene,589.0,1.374,10.1016/j.jct.2015.03.004,C1=CSC=C1,0,0
4886,8/2/2006,Spectrochimica Acta Part A: Molecular and Biomolecular Spectroscopy,STYRYLPYRIDINEDYEFORSILANESOLGELTRANSITIONSTUDIESBYTIMEDEPENDENTFLUORESCENCE,"N,N-Dimethylformamide",589.0,1.3877,10.1016/j.saa.2005.11.034,CN(C)C=O,1,0
4892,6/13/2000,Fluid Phase Equilibria,MIXINGPROPERTIESBENZENE2METHYL2BUTANOL1PENTANOL29815KEXPERIMENTALRESULTSCOMPARISONBETWEENERASMODELCUBICEOSESTIMATIONSFOREXCESSMOLARVOLUMES,1-Pentanol,589.0,1.40782,10.1016/S0378-3812(00)00339-3,CCCCCO,1,0
4894,4/11/2018,Planetary and Space Science,REFLECTANCESPECTRASYNTHETICFEFREEORTHOCLINOENSTATITESINUVVISIRIMPLICATIONSFORREMOTESENSINGDETECTIONFEFREEPYROXENESPLANETARYSURFACES,Diopside,589.0,5.0,10.1016/j.pss.2018.04.006,[O-][Si](=O)[O-].[O-][Si](=O)[O-].[Mg+2].[Ca+2],1,0
4895,1/18/2008,Journal of the European Ceramic Society,SINTERINGGRAINGROWTHINSIO2DOPEDNDYAG,Y3Al5O12,1064.0,1.82,10.1016/j.jeurceramsoc.2007.12.006,O=[Al]O[Al]=O.O=[Al]O[Al]=O.O=[Al]O[Y]=O.O=[Y]O[Y]=O,0,0
4899,5/28/2012,The Journal of Chemical Thermodynamics,THERMODYNAMICMODELINGEXPERIMENTALSPEEDSSOUNDDENSITIESREFRACTIVEINDEXESTETRALINNDODECANE,tetralin,589.0,1.50172,10.1016/j.jct.2012.05.023,C1CCC2=CC=CC=C2C1,0,0
4900,12/14/2015,Analyst,Polymer-coated micro-optofluidic ring resonator detector for a comprehensive two-dimensional gas chromatographic microsystem: μGC × μGC–μOFRR ,n-Decane,589.0,1.409,10.1039/C5AN01570G,CCCCCCCCCC,1,1
4901,1/6/2016,The Journal of Chemical Thermodynamics,PHYSICOCHEMICALPROPERTIES135TRIMETHYL135TRIS333TRIFLUOROPROPYLCYCLOTRISILOXANEVARIOUSAROMATICHYDROCARBONST3081532315K,nitrobenzene,589.0,1.41296,10.1016/j.jct.2015.12.025,C1=CC=C(C=C1)[N+](=O)[O-],1,0
4904,11/28/2014,Solid-State Electronics,OPTICALSPECTRALTHERMALCHARACTERISTICSINGANGANGREENFLIPCHIPLIGHTEMITTINGDIODES,GaN,589.0,2.4,10.1016/j.sse.2014.11.003,CC(C)C(C(=O)NC(C(C)C)C(=O)OC)NC(=O)C(C)N1CC(C=C(C=C1)C(C)NC(=O)C(C)N)CC2=CC=CC=C2,2,0
4905,10/15/2017,Optics Communications,ANALYZINGAPPLICATIONSILICONSILVER2DNANOMATERIALAL2O3HETEROJUNCTIONINPLASMONICSENSORPERFORMANCEEVALUATION,H2O,700.0,1.3256,10.1016/j.optcom.2017.09.081,O,0,0
4906,7/19/2017,Applied Thermal Engineering,ADIELECTRICENCAPSULATED2DPHOTONICCRYSTALBASEDSOLARTHERMOPHOTOVOLTAICPOWERGENERATOR,Al2O3,589.0,1.74,10.1016/j.applthermaleng.2017.07.133,[O-2].[O-2].[O-2].[Al+3].[Al+3],2,0
4907,2/27/2014,Journal of Materials Chemistry C,High refractive index transparent nanocomposites prepared by in situ polymerization  ,VB,589.0,1.77,10.1039/C3TC32374A,CCNC1=NN=C(S1)C2=CC=C(C=C2)NC(=S)NC3=CC=CC=C3,1,1
4908,7/29/2012,Journal of Molecular Liquids,DENSITIESVISCOSITIESREFRACTIVEINDICESEXCESSPROPERTIESANILINEOANISIDINE2ALKOXYETHANOLS30315K,o-anisidine,589.0,1.4435,10.1016/j.molliq.2012.07.025,COC1=CC=CC=C1N,0,0
4909,9/11/2004,Chemical Physics,COEXISTENCECURVESAMPLITUDESCALINGCRITICALSOLUTIONSCYCLOALKANEINNMETHYL2PYRROLIDONE,cycloheptane,632.8,1.4753,10.1016/j.chemphys.2004.07.046,C1CCCCCC1,0,0
4912,3/28/2014,Journal of Luminescence,5679TETRAHYDRO13DIOXOLO45HCARBAZOL8ONEASOLVATOCHROMICPETACCEPTORFLUORESCENTPROBE,HEPT,589.0,1.385,10.1016/j.jlumin.2014.03.046,CC1=C(N(C(=O)NC1=O)COCCO)SC2=CC=CC=C2,1,0
4914,3/14/2003,Thin Solid Films,ALKALIHYDROGENIONSENSINGPROPERTIESLPCVDSILICONOXYNITRIDETHINFILMS,Silicon oxynitride,589.0,1.65,10.1016/S0040-6090(03)00041-5,CC1=C2C(=C(C=C1)[N+](=O)[O-])C(=CC(=N2)C)NC3=CC=C(C=C3)OC,1,0
4916,7/10/2017,The Journal of Chemical Thermodynamics,LIQUIDLIQUIDEQUILIBRIUMHEATCAPACITYMEASUREMENTSBINARYSOLUTIONETHANOL1BUTYL3METHYLIMIDAZOLIUMHEXAFLUOROPHOSPHATE,ethanol,632.8,1.4,10.1016/j.jct.2017.07.014,CCO,0,0
4918,1/6/2010,Journal of Non-Crystalline Solids,STUDYIRABSORPTIONPROPERTIESFUMEDSILICAOPACIFIERCOMPOSITES,SiC4,589.0,4.314,10.1016/j.jnoncrysol.2009.12.015,C1#C[Si]12C#C2,0,0
4920,10/12/2017,RSC Advances,Plasmonic nanodisc arrays on calcinated titania for multimodal analysis of phosphorylated peptides  ,titania,589.0,5.0,10.1039/C7RA08870A,O=[Ti]=O,2,1
4921,3/4/1999,Colloids and Surfaces A: Physicochemical and Engineering Aspects,ADSORPTIONOILSURFACTANTMONOLAYERSSTRUCTUREMIXEDSURFACTANTOILFILMS,Dodecane,589.0,1.4195,10.1016/S0927-7757(98)00782-1,CCCCCCCCCCCC,1,0
4922,6/14/2015,The Journal of Chemical Thermodynamics,EXCESSTHERMODYNAMICPROPERTIESIONICLIQUID1BUTYL3METHYLIMIDAZOLIUMTETRAFLUOROBORATENOCTYL2PYRROLIDONET2981532315KATMOSPHERICPRESSURE,1-Butyl-3-methylimidazolium tetrafluoroborate,589.0,1.42,10.1016/j.jct.2015.06.005,[B-](F)(F)(F)F.CCCCN1C=C[N+](=C1)C,1,0
4923,3/10/2018,Optik,IMPACTEU3LUMINESCENTPHYSICALOPTICALPROPERTIESBASO4B2O3P2O5GLASSES,Eu2O3,589.0,2.189,10.1016/j.ijleo.2018.03.019,[O-2].[O-2].[O-2].[Eu+3].[Eu+3],0,0
4924,5/9/2008,Optical Materials,CORRELATIONBETWEENOPTICALELECTRONEGATIVITYREFRACTIVEINDEXTERNARYCHALCOPYRITESSEMICONDUCTORSINSULATORSOXIDESALKALIHALIDES,AgInSe2,589.0,3.1,10.1016/j.optmat.2008.03.010,[Se-2].[Se-2].[Ag+].[In+3],1,0
4925,9/20/2009,Fluid Phase Equilibria,PHYSICALPROPERTIESPHASEEQUILIBRIASYSTEMISOPROPYLACETATEISOPROPANOL1OCTYL3METHYLIMIDAZOLIUMBISTRIFLUOROMETHYLSULFONYLIMIDE,isopropylacetate,589.0,1.40841,10.1016/j.fluid.2009.09.015,"CC(C)CC(=O)[O-]
CC(C)CC(=O)O",0,0
4926,8/15/2009,Microfluidics and Nanofluidics,Dynamics of droplet formation at T-shaped nozzles with elastic feed lines,NH4SCN,589.0,1.47,10.1007/s10404-009-0479-5,C(#N)S.N,1,2
4929,4/30/2016,Journal of Molecular Liquids,ULTRASONICSPEEDSVISCOSITIESREFRACTIVEINDICESFTIRSPECTROSCOPICSTUDIESOXYGENATEALIPHATICAROMATICHYDROCARBONS29815K30815K,1-Propanol,589.0,1.465,10.1016/j.molliq.2016.04.011,CCCO,1,0
4931,7/29/2012,Journal of Molecular Liquids,DENSITIESVISCOSITIESREFRACTIVEINDICESEXCESSPROPERTIESANILINEOANISIDINE2ALKOXYETHANOLS30315K,o-anisidine,589.0,1.541,10.1016/j.molliq.2012.07.025,COC1=CC=CC=C1N,0,0
4932,3/29/2010,Journal of the Taiwan Institute of Chemical Engineers,COMPARATIVESTUDYSEPARATIONCHARACTERIZATIONHIGHMELTINGPOINTMACROMICROCRYSTALLINEWAXES,Butyl acetate,589.0,1.4289,10.1016/j.jtice.2009.09.003,CCCCOC(=O)C,1,0
4933,7/11/2005,Fluid Phase Equilibria,VAPORLIQUIDEQUILIBRIACARBONDIOXIDEISOPROPYLACETATEDIETHYLCARBONATEETHYLBUTYRATEELEVATEDPRESSURES,Diethyl carbonate,589.0,1.3829,10.1016/j.fluid.2005.05.018,CCOC(=O)OCC,1,0
4936,8/21/2009,Journal of Colloid and Interface Science,SPECTRALPARAMETERSHAMAKERCONSTANTSSILICONHYDRIDECOMPOUNDSORGANICSOLVENTS,Octane,589.0,1.3977,10.1016/j.jcis.2009.08.028,CCCCCCCC,0,0
4937,9/29/2016,RSC Advances,A method to derivatize surface silanol groups to Si-alkyl groups in carbon-doped silicon oxides  ,1-Octadecene,589.0,1.447,10.1039/C6RA20355H,CCCCCCCCCCCCCCCCC=C,1,1
4938,9/19/2018,The Journal of Chemical Thermodynamics,VOLUMETRICREFRACTIVEPROPERTIES1357TETRAVINYL1357TETRAMETHYLCYCLOTETRASILOXANEMETHOXYBENZENECHLOROBENZENETERTBUTYLBENZENENITROBENZENET2981531815K,chlorobenzene,589.0,1.48169,10.1016/j.jct.2018.09.021,C1=CC=C(C=C1)Cl,1,0
4940,1/17/2017,RSC Advances,Fabrication of plasmonic opposite metal spindles in nanowells by shadow deposition for sensing  ,sucrose,589.0,1.3874499999999999,10.1039/C6RA25332F,C(C1C(C(C(C(O1)OC2(C(C(C(O2)CO)O)O)CO)O)O)O)O,2,1
4943,9/19/2008,The Journal of Chemical Thermodynamics,MIXINGPROPERTIESTRIS2HYDROXYETHYLMETHYLAMONIUMMETHYLSULFATEWATERMETHANOL29815KDATATREATMENTUSINGSEVERALCORRELATIONEQUATIONS,methanol,589.0,1.37056,10.1016/j.jct.2008.09.009,CO,0,0
4944,8/2/2017,Experiments in Fluids,"A review of solid–fluid selection options for optical-based measurements in single-phase liquid, two-phase liquid–liquid and multiphase solid–liquid flows",ZnI2,589.0,1.62,10.1007/s00348-017-2386-y,[Zn+2].[I-].[I-],2,2
4945,9/12/2008,Nuclear Engineering and Design,FLOWVISUALIZATIONINAPEBBLEBEDREACTOREXPERIMENTUSINGPIVREFRACTIVEINDEXMATCHINGTECHNIQUES,quartz,589.0,1.4584,10.1016/j.nucengdes.2008.01.027,O=[Si]=O,1,0
4950,5/9/2008,Optical Materials,CORRELATIONBETWEENOPTICALELECTRONEGATIVITYREFRACTIVEINDEXTERNARYCHALCOPYRITESSEMICONDUCTORSINSULATORSOXIDESALKALIHALIDES,NiF2,589.0,1.56,10.1016/j.optmat.2008.03.010,F[Ni]F,1,0
4951,9/13/2004,Solid State Ionics,CORRELATIONBETWEENOPTICALELECTRONEGATIVITYMOLARREFRACTIONIONICITYDENSITYBINARYOXIDESSILICATESMINERALS,SiO2,589.0,2.22,10.1016/j.ssi.2004.07.041,O=[Si]=O,0,0
4952,4/16/2009,Journal of Molecular Liquids,ASTUDYDIELECTRICPROPERTIESREFRACTIVEINDICESANILINEBENZENETOLUENEOXYLENEPXYLENE29815K,aniline,589.0,2.2734,10.1016/j.molliq.2009.04.002,C1=CC=C(C=C1)N,0,0
4956,4/22/2016,Journal of Molecular Liquids,INTERMOLECULARINTERACTIONSBETWEEN2METHYL2BUTANOLPETROLEUMETHERDIFFERENTTEMPERATURESDENSITYVISCOSITYREFRACTIVEINDEXMEASUREMENTS,ether,589.0,1.366,10.1016/j.molliq.2016.04.041,CCOCC,1,0
4957,2/10/2019,Computational Condensed Matter,FIRSTPRINCIPLESTUDYSTRUCTURALELECTRONICVIBRATIONALTHERMODYNAMICLINEARNONLINEAROPTICALPROPERTIESZINCBLENDEZNSEZNTESEMICONDUCTORS,ZnTe,589.0,2.87,10.1016/j.cocom.2019.e00372,[Zn]=[Te],0,0
4958,3/29/2011,Physical Chemistry Chemical Physics,Evaluation of a quantitative structure–property relationship ( QSPR ) for predicting mid-visible refractive index of secondary organic aerosol ( SOA ) ,4-Methyl-1-pentene,589.0,1.383,10.1039/C0CP02270E,CC(C)CC=C,1,1
4962,7/10/1998,Optical Materials,OPTICALELECTRONEGATIVITYREFRACTIVEINDEXMATERIALS,CuGaSe2,589.0,2.73,10.1016/S0925-3467(97)00171-7,[Cu+2].[Ga].[Se-2].[Se-2],1,0
4963,2/2/2018,Applied Surface Science,Effect of surface properties of NiFe2O4 nanoparticles synthesized by dc thermal plasma route on antimicrobial activity,He-Ne,589.0,1.33,10.1016/j.apsusc.2018.01.220,[Ne],3,0
4967,12/12/2002,Quaternary International,MINERALORGANICCOMPONENTSBURIEDPALEOSOLSNEVADODETOLUCACENTRALMEXICOINDICATORSPALEOENVIRONMENTSSOILEVOLUTION,Glycerine,589.0,1.48,10.1016/S1040-6182(02)00171-4,C(C(CO)O)O,2,0
4968,12/3/2002,Polymer Degradation and Stability,INFLUENCEUVIRRADIATIONPOLYVINYLCHLORIDEMODIFIEDBYIRONCOBALTCHLORIDES,FeCl3,589.0,5.0,10.1016/S0141-3910(02)00286-0,Cl[Fe](Cl)Cl,1,0
4969,3/15/2018,Results in Physics,VERTICALGEPHOTODETECTORBASEINPTAPERWAVEGUIDE,InP,1550.0,3.16,10.1016/j.rinp.2018.03.014,P#[In],0,0
4970,2/16/2019,Applied Surface Science,AZOALZNOTHINFILMSHIGHFIGUREMERITSTABLEINDIUMFREETRANSPARENTCONDUCTINGOXIDE,AZO,589.0,1.67,10.1016/j.apsusc.2019.02.146,CC1=C(C=CC(=C1)C2=CC(=C(C=C2)N=NC3=C(C4=CC=CC=C4C(=C3)S(=O)(=O)[O-])O)C)N=NC5=C(C6=CC=CC=C6C(=C5)S(=O)(=O)[O-])O.[Na+].[Na+],0,0
4972,3/4/2015,Journal of Applied Research and Technology,ESTIMATIONLIBRH2OUSINGMULTIMODEINTERFERENCEMMI,LiBr-H2O,589.0,1.447,10.1016/S1665-6423(14)71603-7,[Li+].O.[Br-],0,0
4973,2/17/2017,Scientific Reports,Strong tunable absorption enhancement in graphene using dielectric-metal core-shell resonators,silver,589.0,1.59,10.1038/s41598-017-00056-4,[Ag],2,2
4974,6/14/2015,The Journal of Chemical Thermodynamics,EXCESSTHERMODYNAMICPROPERTIESIONICLIQUID1BUTYL3METHYLIMIDAZOLIUMTETRAFLUOROBORATENOCTYL2PYRROLIDONET2981532315KATMOSPHERICPRESSURE,N-octyl-2-pyrrolidone,589.0,1.46346,10.1016/j.jct.2015.06.005,CCCCCCCCN1CCCC1=O,1,0
4976,10/15/2016,Optics Communications,INFILTRATEDPHOTONICCRYSTALCAVITYAHIGHLYSENSITIVEPLATFORMFORGLUCOSECONCENTRATIONDETECTION,glucose,1570.4,1.33349435,10.1016/j.optcom.2016.10.019,C(C1C(C(C(C(O1)O)O)O)O)O,0,0
4977,7/26/2013,Microchemical Journal,COMPARISONTWOEVAPORATIVEUNIVERSALDETECTORSFORDETERMINATIONSUGARSINFOODSAMPLESBYLIQUIDCHROMATOGRAPHY,Sucrose,589.0,2.4,10.1016/j.microc.2013.07.008,C(C1C(C(C(C(O1)OC2(C(C(C(O2)CO)O)O)CO)O)O)O)O,1,0
4980,11/12/2018,European Polymer Journal,ALLOPTICALSPATIALPHASEMODULATIONINFILMSDYEDOPEDDNABIOPOLYMER,CTMA,589.0,1.543,10.1016/j.eurpolymj.2018.11.021,CC1=C(C=CC(=C1)Cl)OCC(=O)NOC,2,0
4981,7/10/2017,The Journal of Chemical Thermodynamics,LIQUIDLIQUIDEQUILIBRIUMHEATCAPACITYMEASUREMENTSBINARYSOLUTIONETHANOL1BUTYL3METHYLIMIDAZOLIUMHEXAFLUOROPHOSPHATE,ethanol,632.8,1.3562,10.1016/j.jct.2017.07.014,CCO,0,0
4983,9/21/2014,Vacuum,STRUCTURELOCALIZEDSURFACEPLASMONTUNINGSPUTTEREDAUNANOISLANDSTHROUGHTHERMALANNEALING,glycerol,589.0,1.34,10.1016/j.vacuum.2014.09.005,C(C(CO)O)O,2,0
4985,7/22/2015,Fluid Phase Equilibria,EXPERIMENTALISOBARICVAPORLIQUIDEQUILIBRIUMSUBATMOSPHERICLOCALATMOSPHERICPRESSURESVOLUMETRICPROPERTIESMOLARREFRACTIVITY2931531315KWATERTRIETHYLENEGLYCOL,TEG,589.0,1.39385,10.1016/j.fluid.2015.07.030,C(COCCOCCO)O,0,0
4986,6/30/2016,Nano Convergence,Methodologies for high efficiency perovskite solar cells,GaAs,589.0,2.5,10.1186/s40580-016-0074-x,[Ga]#[As],2,2
4989,9/11/2004,Chemical Physics,COEXISTENCECURVESAMPLITUDESCALINGCRITICALSOLUTIONSCYCLOALKANEINNMETHYL2PYRROLIDONE,methylcyclopentane,632.8,1.4456,10.1016/j.chemphys.2004.07.046,CC1CCCC1,0,0
4991,7/30/2011,Thermochimica Acta,THERMOPHYSICALSTUDYNHEXANENHEPTANE1CHLOROPROPANESYSTEMS,n-Heptane,589.0,1.390333,10.1016/j.tca.2011.07.023,CCCCCCC,0,0
4994,6/9/2015,RSC Adv.,Semitransparent polymer-based solar cells via simple wet lamination process with TiO<sub>2</sub> layer using automatic spray layer-by-layer method,TiO2,26.0,1.64,10.1039/C5RA05762K,O=[Ti]=O,0,1
4996,6/17/2015,Phys. Chem. Chem. Phys.,Transformation of photophysical properties from solution to solid state in alkoxy-cyano-diphenylacetylene molecules,"1,4-Dioxane",589.0,1.4203,10.1039/C5CP02762D,C1COCCO1,0,1
4997,4/13/2017,Vibrational Spectroscopy,IMPROVEMENTSTIO2CATALYZEDAGNPSBASEDSERSSUBSTRATEDETECTIONMETHODS,TiO2,589.0,1.63,10.1016/j.vibspec.2017.03.005,O=[Ti]=O,2,0
4998,9/12/2001,Journal of Photochemistry and Photobiology A: Chemistry,PHOTOPHYSICALPROPERTIES25DIPHENYLTHIAZOLO54DTHIAZOLE,Chloroform,357.2,1.4476,10.1016/S1010-6030(01)00520-2,C(Cl)(Cl)Cl,0,0
